2960 1118
3647 110
3039 3043
3425 3421
1002 2621
1956 250
417 3844
2176 449
1260 1873
953 751
1221 1681
3695 170
819 2380
1584 1431
2852 313
2312 1106
2231 1085
60 50
3685 2820
1660 2932
3099 1054
2219 3176
1148 215
3048 783
2055 2621
2295 50
1989 1053
1253 3632
3699 285
3365 1826
4037 3914
2001 410
2974 3319
1667 135
3924 2621
424 1823
2670 1859
825 2107
426 860
2315 1870
2924 1684
1185 2508
1255 1913
762 2032
63 17
2285 17
2094 3331
263 2139
458 285
423 3176
2191 348
1195 2708
2251 1044
3110 1044
2168 1506
1586 1520
4046 2462
846 636
1183 1698
401 1826
538 375
1905 860
3980 3866
3091 2329
468 113
732 591
2064 740
2054 760
467 118
1577 1505
3377 1505
2252 1443
1540 2573
3406 410
3358 1849
3719 2032
1161 910
1263 3785
1530 2582
2848 209
770 640
668 135
356 1797
3150 369
2241 3176
2197 424
2876 120
1959 95
3027 707
279 1638
3112 1088
1968 3237
2236 1082
2847 156
3635 223
1251 1870
1344 1092
1061 688
2700 1505
1628 1549
2302 2600
347 431
2196 431
2206 3844
1991 980
1699 934
322 369
1258 3947
3937 699
600 299
2079 913
2923 917
2645 1719
3352 424
2298 161
1544 1465
3633 1550
3982 1791
282 209
3625 104
3065 2579
1601 1526
412 3841
3139 3914
2657 2504
551 315
2771 2708
1656 185
198 243
3458 2508
1182 915
3075 2329
2254 1910
2228 3875
4001 326
2982 1103
3417 1684
2633 161
1350 1116
3697 169
948 725
3961 333
72 50
2966 1804
2047 1759
2013 517
1345 1085
3127 342
3700 285
2316 1067
1188 410
2957 2582
3984 555
2157 1467
1383 1102
3436 3043
3408 2921
3432 1712
771 494
1234 1679
1249 1902
2797 615
1945 244
3471 927
2849 118
3619 185
2051 494
3618 209
3668 313
2290 3787
3620 2824
3422 11
3111 1899
459 2345
1176 410
2724 3632
1240 1899
1992 1173
2093 1132
546 1794
2842 104
765 585
169 2144
543 1791
2909 1613
3998 453
332 1809
1986 1684
885 618
1257 3331
1231 3914
1953 1923
3312 1132
465 1610
1362 1118
2201 453
1990 997
80 17
2864 89
3617 2144
1574 1859
2789 2383
597 449
2895 113
462 226
3661 3236
816 87
183 2132
3921 688
2654 910
957 740
2082 1087
464 240
1966 668
2040 516
1984 3947
3115 1067
1064 1735
1229 1106
1639 1518
1581 1445
890 2383
3948 1735
2719 1681
2034 510
1230 1088
883 3865
2942 393
1155 215
1179 914
3061 3421
2873 190
2058 2612
2823 313
4028 3851
1587 1421
1754 2931
3118 1089
557 316
1536 1462
2169 1849
2905 1923
3958 2515
2853 3262
3059 2600
3994 2429
189 230
3694 2132
2973 2470
2978 1759
3030 740
2961 1465
1983 1679
1724 872
3145 357
3616 2842
3718 494
3395 395
813 2108
1532 1446
2679 1526
1546 1918
2162 1519
1746 3011
606 443
2085 1094
2237 3319
421 3875
2035 522
1160 927
166 297
2648 2403
3149 555
2639 87
1709 917
2665 914
191 2820
3117 3851
1543 1446
2017 2329
2680 1849
71 6
2306 2403
2087 1103
555 333
2819 2820
1065 3566
1630 1489
1629 1549
479 185
2980 3331
2163 555
3347 1445
4042 1823
2882 2345
171 1923
1174 903
3729 1464
3443 777
2837 285
466 196
4045 3176
1262 3931
3926 734
261 301
77 26
3724 2573
845 3609
3089 486
808 3799
1538 1464
3316 1087
2116 3043
2246 2470
3987 375
2158 1854
2947 934
880 615
3640 148
852 657
1756 1698
2121 825
75 777
3959 3865
2863 84
2277 3421
2669 1431
1914 410
4009 3534
1531 2582
3628 668
1233 1044
2862 2345
2050 1735
3983 2419
2178 555
4033 1902
1241 997
956 734
674 2146
2720 738
2234 1826
1666 170
2165 315
1994 1681
2184 369
2171 1849
2945 395
1343 2462
3148 333
2971 2565
3664 1928
3376 393
61 3421
351 348
422 1684
182 148
2149 1421
1995 1047
1599 1941
2879 3236
2069 738
1154 3236
830 51
281 118
1595 1464
3454 910
2192 305
275 2326
2829 240
728 3787
3940 751
2981 1735
3461 903
3709 2329
3132 449
2062 3566
274 120
1573 3762
3093 1897
4032 1892
2289 327
4022 3728
938 699
1156 196
3612 89
3645 1927
2668 1445
2015 3589
352 375
1635 87
558 385
2319 1089
1985 3931
1359 1804
2833 3237
2181 556
3460 913
2152 1497
1153 244
1537 1437
3976 628
3063 13
841 637
2028 3609
851 486
2990 1082
823 161
764 591
2828 170
1987 113
3672 3236
2860 110
1171 3011
1058 1736
2041 1013
1624 1520
2683 424
3157 375
552 305
943 3865
2732 1205
3081 10
2113 783
2263 3914
1949 223
2194 1791
202 196
1642 1849
3975 357
1404 87
2212 1823
1730 1173
3140 1797
3726 2552
774 486
2022 581
335 2758
1947 1550
2775 997
1261 738
548 453
3631 226
207 313
1951 2884
1180 913
1194 1037
2854 159
3052 2107
2080 1092
2620 430
1349 1087
3644 215
2099 3324
547 357
3630 190
3122 3728
2836 1922
663 196
1592 1566
1199 1047
594 1031
1529 1450
2707 1037
2120 914
3137 556
3375 917
4010 431
1734 395
1720 917
2009 2008
2919 1698
1150 223
3686 233
203 3237
3621 233
273 2144
3116 1873
3934 3566
2179 326
2993 1736
1973 243
3986 316
2256 2552
1197 914
2677 1445
3614 2325
1634 148
3424 13
4035 1861
3369 1518
595 556
3427 2579
3626 3237
3401 410
2949 917
2182 357
3407 2931
2229 424
2838 118
2209 333
820 785
3385 3011
3434 785
4015 1890
2154 390
163 156
2186 1794
2100 1056
1250 1890
2866 1610
2975 2621
1242 1053
346 87
2813 2345
1625 110
1354 1054
3968 3865
1580 1859
268 1928
2172 1513
1164 2508
2114 2108
2920 1173
3502 2708
1631 1511
1201 2708
2987 760
3969 636
2159 1526
4005 348
3656 1923
942 3787
554 2423
1602 1519
2954 2921
1336 2109
2049 752
59 2472
1152 156
472 104
1214 980
463 215
418 2921
832 3444
853 2004
3108 1100
456 110
3121 1109
3405 934
184 113
3046 783
2043 2621
673 104
62 1696
1177 1037
2033 2004
553 323
3362 3875
405 1698
3026 688
3096 1255
3049 825
1528 2552
3991 348
420 1818
1998 410
2095 1088
1223 1861
3970 636
3705 3609
806 3780
165 3552
2311 3728
271 159
2160 1585
2077 1094
361 380
1008 2612
164 3236
2221 3895
3350 3844
280 190
3448 3799
3076 522
965 752
1662 244
1594 1849
2264 1106
3020 753
2991 3763
476 2140
2115 2108
3028 752
3120 1105
2048 591
3765 2480
2207 443
179 2545
2067 3919
3029 725
1352 1089
2223 1818
1588 1854
3128 326
345 2758
2305 2545
935 733
3946 733
2794 2515
2072 3763
341 2758
1066 2621
1365 1082
542 333
2925 919
836 783
1982 1205
1741 2931
1341 1109
1347 3728
2663 2545
4034 1255
2042 707
2875 159
1541 1462
2096 1103
477 214
2712 1679
1974 2326
3024 1013
180 1946
1373 1125
3074 3421
2076 1075
176 2891
2177 342
3978 367
2262 1439
1259 738
1358 3319
3441 781
264 170
605 709
1193 3919
1003 3573
2266 1696
947 738
1716 3017
1247 1679
1353 1082
2269 695
3734 2472
1167 3017
2038 511
2972 1736
1149 196
1590 1849
891 618
3996 1106
1583 1513
545 342
3435 2110
671 159
881 695
831 55
278 159
1244 1897
78 2480
4019 1089
287 244
187 2325
1627 1451
1254 3728
2941 1124
1604 1467
2630 2545
675 1927
3055 2110
2248 1075
2642 2403
2300 430
1671 3517
67 32
2006 517
1013 760
1158 242
1245 3534
596 1791
2317 1890
406 3878
2297 3787
4024 2470
339 348
3714 3558
887 2515
3442 825
3419 30
2244 1082
2259 1899
3955 637
2844 313
3037 1066
604 348
829 3799
3925 3763
1622 3517
2233 2703
2218 3878
1360 1067
4002 1056
206 240
1191 3931
2010 3558
3403 410
175 159
1208 1037
194 1927
2769 3632
2951 872
3450 1719
414 872
886 657
3409 917
3104 1056
3382 872
353 3905
2106 3785
1623 1451
1640 1444
2036 519
1641 146
2153 1444
343 342
766 581
1225 1892
3106 3534
193 2325
2984 3566
2792 695
602 449
1593 3911
2071 3931
192 2891
2716 738
204 104
4026 1867
4020 1044
1204 738
2104 3580
2288 1867
270 1926
350 449
849 486
3453 1719
2309 1088
3956 615
2011 488
1235 738
4023 1088
729 505
199 104
1575 1445
3038 3566
2014 505
201 2536
3402 1720
1665 110
3972 618
1585 1445
814 781
3100 3785
1999 3566
265 2891
1374 1804
3113 3534
1210 991
2189 1791
329 453
1636 1445
3732 2480
2672 2361
3995 1054
2052 725
678 104
2167 2361
1663 159
955 2605
2718 1672
3738 2361
3103 1067
1248 3728
2294 327
1239 1067
807 798
2249 402
3361 3875
1213 997
2203 1826
455 116
3318 1075
549 342
1060 1726
2270 637
550 2417
1222 1048
3988 2417
259 2326
3378 1676
2804 628
2222 1804
2287 57
2021 3589
3124 1048
2020 3589
2293 1031
2019 3609
676 3495
2976 754
3966 618
331 1791
4013 1116
2977 3757
1579 1489
3392 872
2216 1833
1219 3728
603 2417
2225 1833
1661 102
2023 585
66 2483
3770 2483
884 3866
3691 129
460 2391
1184 902
2098 927
284 214
160 242
2012 581
172 2822
4008 1913
1215 1682
1591 1554
2245 1822
1205 3413
1335 2110
2780 645
2265 645
408 3351
876 645
2655 916
937 749
3962 657
2026 494
810 2107
4021 1048
3981 618
3364 3176
3990 449
