2960
3647
3039
3425
1002
1956
417
2176
1260
953
1221
3695
819
1584
2852
2312
2231
60
3685
1660
3099
2219
1148
3048
2055
2295
1989
1253
3699
3365
4037
2001
2974
1667
3924
424
2670
825
426
2315
2924
1185
1255
762
63
2285
2094
263
458
423
2191
1195
2251
3110
2168
1586
4046
846
1183
401
538
1905
3980
3091
468
732
2064
2054
467
1577
3377
2252
1540
3406
3358
3719
1161
1263
1530
2848
770
668
356
3150
2241
2197
2876
1959
3027
279
3112
1968
2236
2847
3635
1251
1344
1061
2700
1628
2302
347
2196
2206
1991
1699
322
1258
3937
600
2079
2923
2645
3352
2298
1544
3633
3982
282
3625
3065
1601
412
3139
2657
551
2771
1656
198
3458
1182
3075
2254
2228
4001
2982
3417
2633
1350
3697
948
3961
72
2966
2047
2013
1345
3127
3700
2316
1188
2957
3984
2157
1383
3436
3408
3432
771
1234
1249
2797
1945
3471
2849
3619
2051
3618
3668
2290
3620
3422
3111
459
1176
2724
1240
1992
2093
546
2842
765
169
543
2909
3998
332
1986
885
1257
1231
1953
3312
465
1362
2201
1990
80
2864
3617
1574
2789
597
2895
462
3661
816
183
3921
2654
957
2082
464
1966
2040
1984
3115
1064
1229
1639
1581
890
3948
2719
2034
1230
883
2942
1155
1179
3061
2873
2058
2823
4028
1587
1754
3118
557
1536
2169
2905
3958
2853
3059
3994
189
3694
2973
2978
3030
2961
1983
1724
3145
3616
3718
3395
813
1532
2679
1546
2162
1746
606
2085
2237
421
2035
1160
166
2648
3149
2639
1709
2665
191
3117
1543
2017
2680
71
2306
2087
555
2819
1065
1630
1629
479
2980
2163
3347
4042
2882
171
1174
3729
3443
2837
466
4045
1262
3926
261
77
3724
845
3089
808
1538
3316
2116
2246
3987
2158
2947
880
3640
852
1756
2121
75
3959
2863
2277
2669
1914
4009
1531
3628
1233
2862
2050
3983
2178
4033
1241
956
674
2720
2234
1666
2165
1994
2184
2171
2945
1343
3148
2971
3664
3376
61
351
422
182
2149
1995
1599
2879
2069
1154
830
281
1595
3454
2192
275
2829
728
3940
2981
3461
3709
3132
2062
274
1573
3093
4032
2289
4022
938
1156
3612
3645
2668
2015
352
1635
558
2319
1985
1359
2833
2181
3460
2152
1153
1537
3976
3063
841
2028
851
2990
823
764
2828
1987
3672
2860
1171
1058
2041
1624
2683
3157
552
943
2732
3081
2113
2263
1949
2194
202
1642
3975
1404
2212
1730
3140
3726
774
2022
335
1947
2775
1261
548
3631
207
1951
1180
1194
2854
3052
2080
2620
1349
3644
2099
547
3630
3122
2836
663
1592
1199
594
1529
2707
2120
3137
3375
4010
1734
1720
2009
2919
1150
3686
203
3621
273
3116
3934
2179
2993
1973
3986
2256
1197
2677
3614
1634
3424
4035
3369
595
3427
3626
3401
2949
2182
3407
2229
2838
2209
820
3385
3434
4015
2154
163
2186
2100
1250
2866
2975
1242
346
2813
1625
1354
3968
1580
268
2172
1164
2114
2920
3502
1631
1201
2987
3969
2159
4005
3656
942
2266
2164
2653
4024
2052
678
3390
2043
2010
3404
1590
1223
806
2160
1248
1008
280
1594
2706
3382
3770
1588
1627
3464
1623
2218
1640
540
1974
1604
3024
2918
3736
2153
605
554
1602
2954
1336
2049
59
1152
472
1214
463
418
832
853
3108
456
3121
3405
184
3046
673
62
1177
2033
553
3362
405
3026
3096
3049
1528
3991
420
1998
2095
3970
3705
165
2311
271
2077
361
164
2221
3350
3448
3076
965
1662
2264
3020
2991
476
2115
3028
3120
2048
3765
2207
179
2067
3029
1352
2223
3128
345
2305
935
3946
2794
2072
341
1066
1365
542
2925
836
1982
1741
1341
1347
2663
4034
2042
2875
1541
2096
477
2712
180
1373
3074
2076
176
2177
3978
2262
1259
1358
3441
264
1193
1003
2038
3053
2203
2225
3475
2189
947
1716
1247
1353
2269
3734
1167
2972
1149
891
3996
1583
545
3435
671
881
831
278
1244
78
4019
287
187
1254
2941
2630
675
3055
2248
2642
3691
2287
3981
772
2317
2014
3364
1222
814
2204
884
3738
2300
1671
67
2006
1013
1158
1245
596
406
2297
339
3714
887
3442
3419
2244
2259
3955
2844
3037
604
829
3925
1622
2233
1209
1213
3378
1360
4002
206
1191
3403
175
1208
194
2769
2951
3450
414
886
3409
3104
353
2106
2036
1641
2792
2092
343
766
1225
3106
193
2984
602
1593
2071
192
2716
204
4026
4020
1204
2104
2288
270
350
849
3453
2309
3956
2011
1235
4023
2205
1181
729
199
1575
3038
201
3402
1665
3972
1585
3100
1999
3318
265
1374
3113
1210
2216
2227
1200
329
1636
3732
2672
3995
2167
1663
955
2718
3103
2294
1239
807
2249
3361
455
549
1060
2270
550
3988
259
2804
2222
1203
3743
2021
3124
2020
2293
2019
676
2976
3966
331
4013
2977
1579
3392
1596
1632
1219
603
2103
3769
1661
2023
66
460
1184
2098
284
160
2224
937
2012
172
4008
1215
1591
2245
1205
1335
2952
2780
2265
408
876
804
2655
3962
1172
2026
2195
810
4021
3990
