2247 1837
3699 139
2653 1837
3112 139
2052 3571
2065 2599
459 272
765 3571
2904 1389
1257 1837
815 1097
462 245
1008 2599
3053 272
671 272
813 2599
878 272
2706 2599
1952 245
2307 1389
2826 139
2967 1912
955 1888
1343 1138
275 1389
2289 1389
3612 139
4043 1837
2841 139
2637 1837
2218 245
1963 1888
3631 245
2080 1097
4029 1097
1200 1837
3644 1888
2962 1912
2671 1888
2964 1912
2965 1912
2963 1912
3425 3013
819 2000
3129 2000
2626 568
2315 568
63 1888
3094 1389
2287 2599
3366 1522
1061 1504
2859 139
3716 1501
1590 1522
1637 568
3083 568
2719 1389
3415 2000
3061 3013
1594 1522
3955 1501
2877 3013
2856 3013
2162 1504
2203 139
2658 1389
2862 568
2971 1456
1627 1504
3461 1501
3460 2000
1404 568
2936 1501
3431 3013
2688 2000
1974 1504
1604 1522
3122 2000
3370 1501
2262 1504
1600 1453
2153 1504
942 1389
2224 2586
2231 1837
2295 1837
1534 1424
3355 1501
3970 2398
806 298
1367 1837
2199 2586
3114 139
1181 298
935 2398
182 2586
1599 1424
1595 1424
2257 1424
4020 139
1573 1504
3672 298
1999 2586
1623 1504
2986 139
1194 1424
594 298
963 2398
2660 298
2172 1504
4005 298
1956 2129
3397 1522
401 1837
3027 3764
2317 3880
2292 3880
1344 1837
3690 2129
1699 3880
3352 1501
766 1563
68 3880
1213 2599
3996 1563
3056 112
2308 3880
827 2129
2808 1837
2909 2129
816 3764
1754 3880
1536 1424
2648 3764
2306 1097
2888 112
3394 1522
1368 1456
2184 3880
964 1504
2693 112
1163 3455
2226 1504
1635 3764
1741 3764
2152 139
1058 3764
2941 1501
2959 1522
1947 1563
3451 3880
1357 1097
540 3880
2103 3880
2313 3880
1529 1424
3771 1563
2161 1522
346 3764
1631 139
1002 2387
2310 2000
3049 2387
3073 1138
950 2387
3156 1097
884 2387
2985 2387
3033 2000
2267 1837
3695 1138
3678 2129
770 1073
1957 1888
3404 1504
1234 1073
2849 1837
3619 112
2861 139
3674 1138
1365 1073
1640 1504
2838 1837
3656 1888
1660 2142
2781 3253
3698 3253
2940 3880
1601 1139
2265 2537
666 3253
1192 779
818 779
3622 3253
546 779
2842 3253
1572 779
3977 2537
1583 779
3144 779
2628 3880
965 3856
3616 3253
2679 1139
1348 1141
191 2142
2078 1139
2818 2537
2166 779
3640 2142
1375 2129
3088 1073
3703 2586
3983 779
2227 2537
2234 139
3092 1141
2668 2387
3643 3856
1153 3253
2663 779
2233 3253
320 3880
3375 3856
1378 1139
3401 3856
820 2129
3973 2537
1358 1138
2686 1139
1253 2607
2791 2607
1959 1561
2923 3740
2815 245
1231 3216
2664 2599
1630 2607
4042 3880
3029 3216
2786 3880
1535 3740
851 1073
2878 1561
2263 3216
2979 1561
1335 3013
2012 1073
3432 1258
1984 1258
2727 1258
331 1912
2019 1501
3024 2599
2782 3013
2312 112
2205 1504
1155 1888
1228 3856
2954 3572
64 1888
1353 3811
1371 3811
3403 1073
1182 3572
2034 568
1238 568
3480 3811
3946 568
3318 3572
3140 779
2729 3571
3971 3572
2988 568
2049 2398
472 139
1185 3455
463 139
2275 2599
1161 3455
2302 1073
2156 1522
3642 3455
2150 1522
322 438
2655 3455
2835 139
597 438
1587 1522
2277 1522
2149 1522
3454 3455
3475 438
2674 1522
1170 3455
349 3455
1164 3455
822 3013
732 2753
853 2753
3692 2387
2697 1501
2053 2753
2207 2753
3658 2753
767 2753
3116 2753
2027 2753
1148 2129
2721 3532
1005 702
3956 1900
361 865
856 1900
1581 865
1243 1900
3028 702
606 3532
669 865
3770 298
2863 3532
2901 865
1341 1900
548 702
3130 865
2766 3532
2159 3532
2903 1389
2767 1097
3463 1501
4033 1424
3981 2398
2098 112
1361 2129
3093 3880
959 3363
3688 2142
678 3363
3364 3363
1662 2142
2792 3867
413 1837
187 2142
1949 2142
1261 2599
2620 245
3689 3867
3969 3867
2266 3571
2885 3571
2165 3880
2787 1453
2030 3363
3407 1424
1191 3013
3691 3363
1222 3363
2823 3363
162 112
3624 1561
2945 438
2268 2537
199 3455
3075 3009
3111 1767
2715 696
1914 1767
2897 3009
2204 3009
1973 3009
1625 3009
2210 3009
2722 696
2690 2488
4038 3884
2033 2488
1223 3884
1248 3884
2870 2488
2918 3884
1634 779
2970 1808
1345 1808
2309 3219
2926 3315
3350 1808
2948 3315
850 3315
1374 3315
2181 3219
2084 3219
2222 3315
1252 3315
2892 2599
1256 2599
545 779
3696 92
2887 92
2101 1805
2667 1522
3121 1900
2038 1035
3127 1035
194 1139
1980 1900
3954 568
1381 1831
2961 1805
1538 1805
2116 1035
1588 1522
3374 1805
1987 1805
3157 1831
2730 1522
1259 1805
1580 1522
