"offspring" "father" "mother" "V4" "V5" "V6" "V7" "V8" "V9" "V10" "V11" "V12" "V13" "V14" "V15" "V16" "V17" "V18" "V19" "V20" "V21" "V22" "V23" "V24" "V25" "V26" "V27" "V28" "V29" "V30" "V31" "V32" "V33" "V34" "V35"
3056 112 3047 134 136 183 188 268 290 233 241 218 220 169 173 247 259 212 224 136 136 173 177 268 288 233 235 218 218 165 169 243 263 216 224
2888 112 NA 134 136 183 188 268 290 233 241 218 220 169 173 247 259 212 224 NA NA NA NA NA NA NA NA NA NA NA NA NA NA NA NA
2693 112 NA 134 136 183 188 268 290 233 241 218 220 169 173 247 259 212 224 NA NA NA NA NA NA NA NA NA NA NA NA NA NA NA NA
3699 139 285 136 136 186 186 284 288 239 241 210 216 169 177 251 255 220 224 136 138 186 186 265 284 228 241 216 218 169 169 243 251 224 224
3112 139 1088 136 136 186 186 284 288 239 241 210 216 169 177 251 255 220 224 136 136 175 188 284 290 241 241 216 216 169 173 238 251 220 220
3612 139 NA 136 136 186 186 284 288 239 241 210 216 169 177 251 255 220 224 NA NA NA NA NA NA NA NA NA NA NA NA NA NA NA NA
2203 139 NA 136 136 186 186 284 288 239 241 210 216 169 177 251 255 220 224 NA NA NA NA NA NA NA NA NA NA NA NA NA NA NA NA
2234 139 1826 136 136 186 186 284 288 239 241 210 216 169 177 251 255 220 224 136 138 175 186 288 290 229 231 216 218 169 177 238 251 216 216
2152 139 1497 136 136 186 186 284 288 239 241 210 216 169 177 251 255 220 224 136 136 186 186 265 284 229 239 210 210 169 173 243 255 212 220
458 139 285 136 136 186 186 284 288 239 241 210 216 169 177 251 255 220 224 136 138 186 186 265 284 228 241 216 218 169 169 243 251 224 224
1631 139 NA 136 136 186 186 284 288 239 241 210 216 169 177 251 255 220 224 NA NA NA NA NA NA NA NA NA NA NA NA NA NA NA NA
2859 139 NA 136 136 186 186 284 288 239 241 210 216 169 177 251 255 220 224 NA NA NA NA NA NA NA NA NA NA NA NA NA NA NA NA
2841 139 2898 136 136 186 186 284 288 239 241 210 216 169 177 251 255 220 224 136 146 175 177 268 284 241 241 210 218 169 169 251 251 224 224
462 245 226 125 136 175 188 265 265 229 237 216 220 169 169 238 247 212 228 125 136 175 188 265 288 229 241 216 216 169 169 238 247 212 220
2218 245 NA 125 136 175 188 265 265 229 237 216 220 169 169 238 247 212 228 NA NA NA NA NA NA NA NA NA NA NA NA NA NA NA NA
3631 245 226 125 136 175 188 265 265 229 237 216 220 169 169 238 247 212 228 125 136 175 188 265 288 229 241 216 216 169 169 238 247 212 220
1952 245 226 125 136 175 188 265 265 229 237 216 220 169 169 238 247 212 228 125 136 175 188 265 288 229 241 216 216 169 169 238 247 212 220
806 298 NA 138 138 186 188 265 265 233 237 216 216 165 169 259 259 220 220 NA NA NA NA NA NA NA NA NA NA NA NA NA NA NA NA
594 298 1031 138 138 186 188 265 265 233 237 216 216 165 169 259 259 220 220 136 138 177 188 268 288 224 237 216 216 169 169 251 251 220 224
3736 298 NA 138 138 186 188 265 265 233 237 216 216 165 169 259 259 220 220 NA NA NA NA NA NA NA NA NA NA NA NA NA NA NA NA
605 298 NA 138 138 186 188 265 265 233 237 216 216 165 169 259 259 220 220 NA NA NA NA NA NA NA NA NA NA NA NA NA NA NA NA
819 298 NA 138 138 186 188 265 265 233 237 216 216 165 169 259 259 220 220 NA NA NA NA NA NA NA NA NA NA NA NA NA NA NA NA
3672 298 NA 138 138 186 188 265 265 233 237 216 216 165 169 259 259 220 220 NA NA NA NA NA NA NA NA NA NA NA NA NA NA NA NA
2660 298 NA 138 138 186 188 265 265 233 237 216 216 165 169 259 259 220 220 NA NA NA NA NA NA NA NA NA NA NA NA NA NA NA NA
2038 1035 NA 136 142 175 175 288 288 228 241 216 218 173 181 243 263 220 228 NA NA NA NA NA NA NA NA NA NA NA NA NA NA NA NA
3127 1035 342 136 142 175 175 288 288 228 241 216 218 173 181 243 263 220 228 136 136 188 190 288 288 228 235 211 220 169 173 259 259 216 224
2116 1035 NA 136 142 175 175 288 288 228 241 216 218 173 181 243 263 220 228 NA NA NA NA NA NA NA NA NA NA NA NA NA NA NA NA
1365 1073 NA 136 138 175 186 288 293 229 229 211 220 169 169 243 255 212 216 NA NA NA NA NA NA NA NA NA NA NA NA NA NA NA NA
770 1073 NA 136 138 175 186 288 293 229 229 211 220 169 169 243 255 212 216 NA NA NA NA NA NA NA NA NA NA NA NA NA NA NA NA
4024 1097 NA 125 136 184 186 286 290 228 239 218 218 169 173 238 238 212 216 NA NA NA NA NA NA NA NA NA NA NA NA NA NA NA NA
1343 1097 2462 125 136 184 186 286 290 228 239 218 218 169 173 238 238 212 216 125 146 184 188 284 284 229 233 216 218 173 181 234 234 216 228
2080 1097 1092 125 136 184 186 286 290 228 239 218 218 169 173 238 238 212 216 136 146 186 188 284 286 229 229 218 220 169 181 234 255 216 216
2306 1097 NA 125 136 184 186 286 290 228 239 218 218 169 173 238 238 212 216 NA NA NA NA NA NA NA NA NA NA NA NA NA NA NA NA
4029 1097 NA 125 136 184 186 286 290 228 239 218 218 169 173 238 238 212 216 NA NA NA NA NA NA NA NA NA NA NA NA NA NA NA NA
275 1389 NA 125 136 175 175 265 286 233 233 220 220 173 177 238 255 224 224 NA NA NA NA NA NA NA NA NA NA NA NA NA NA NA NA
2289 1389 327 125 136 175 175 265 286 233 233 220 220 173 177 238 255 224 224 136 142 175 188 265 286 233 237 216 220 165 173 238 255 220 220
942 1389 NA 125 136 175 175 265 286 233 233 220 220 173 177 238 255 224 224 NA NA NA NA NA NA NA NA NA NA NA NA NA NA NA NA
3094 1389 NA 125 136 175 175 265 286 233 233 220 220 173 177 238 255 224 224 NA NA NA NA NA NA NA NA NA NA NA NA NA NA NA NA
2904 1389 NA 125 136 175 175 265 286 233 233 220 220 173 177 238 255 224 224 NA NA NA NA NA NA NA NA NA NA NA NA NA NA NA NA
2307 1389 NA 125 136 175 175 265 286 233 233 220 220 173 177 238 255 224 224 NA NA NA NA NA NA NA NA NA NA NA NA NA NA NA NA
3355 1501 NA 136 136 186 186 265 265 229 229 210 214 0 0 251 251 216 216 NA NA NA NA NA NA NA NA NA NA NA NA NA NA NA NA
3955 1501 637 136 136 186 186 265 265 229 229 210 214 0 0 251 251 216 216 136 138 175 177 268 268 231 233 220 220 169 177 243 255 220 224
3461 1501 903 136 136 186 186 265 265 229 229 210 214 0 0 251 251 216 216 136 142 186 188 265 288 229 233 210 220 169 173 243 251 216 224
2936 1501 NA 136 136 186 186 265 265 229 229 210 214 0 0 251 251 216 216 NA NA NA NA NA NA NA NA NA NA NA NA NA NA NA NA
3370 1501 3871 136 136 186 186 265 265 229 229 210 214 0 0 251 251 216 216 125 136 175 186 288 288 231 231 211 216 169 173 251 251 212 232
2162 1504 NA 125 146 175 183 265 268 229 231 211 216 169 173 243 247 216 220 NA NA NA NA NA NA NA NA NA NA NA NA NA NA NA NA
1627 1504 1451 125 146 175 183 265 268 229 231 211 216 169 173 243 247 216 220 136 146 183 186 268 268 231 235 216 216 173 173 243 243 220 228
1623 1504 1451 125 146 175 183 265 268 229 231 211 216 169 173 243 247 216 220 136 146 183 186 268 268 231 235 216 216 173 173 243 243 220 228
1974 1504 NA 125 146 175 183 265 268 229 231 211 216 169 173 243 247 216 220 NA NA NA NA NA NA NA NA NA NA NA NA NA NA NA NA
1061 1504 688 125 146 175 183 265 268 229 231 211 216 169 173 243 247 216 220 146 146 175 190 268 286 229 231 211 216 169 177 243 247 220 220
964 1504 NA 125 146 175 183 265 268 229 231 211 216 169 173 243 247 216 220 NA NA NA NA NA NA NA NA NA NA NA NA NA NA NA NA
1590 1522 NA 136 138 184 186 284 286 235 235 211 216 169 169 243 243 212 212 NA NA NA NA NA NA NA NA NA NA NA NA NA NA NA NA
1594 1522 NA 136 138 184 186 284 286 235 235 211 216 169 169 243 243 212 212 NA NA NA NA NA NA NA NA NA NA NA NA NA NA NA NA
1588 1522 NA 136 138 184 186 284 286 235 235 211 216 169 169 243 243 212 212 NA NA NA NA NA NA NA NA NA NA NA NA NA NA NA NA
1642 1522 1849 136 138 184 186 284 286 235 235 211 216 169 169 243 243 212 212 136 136 186 186 286 286 229 229 211 211 177 177 251 251 216 216
1604 1522 NA 136 138 184 186 284 286 235 235 211 216 169 169 243 243 212 212 NA NA NA NA NA NA NA NA NA NA NA NA NA NA NA NA
1345 1808 1085 136 138 183 188 284 284 229 239 216 216 169 173 234 255 212 220 136 136 186 188 268 284 239 239 216 216 169 169 234 234 212 220
2014 1808 505 136 138 183 188 284 284 229 239 216 216 169 173 234 255 212 220 136 138 175 186 268 288 229 235 216 216 173 173 255 255 220 220
3350 1808 NA 136 138 183 188 284 284 229 239 216 216 169 173 234 255 212 220 NA NA NA NA NA NA NA NA NA NA NA NA NA NA NA NA
2247 1837 1072 136 136 186 188 288 288 229 229 218 218 169 173 234 238 212 212 136 136 186 188 268 288 228 229 216 218 169 169 234 238 212 224
2653 1837 NA 136 136 186 188 288 288 229 229 218 218 169 173 234 238 212 212 NA NA NA NA NA NA NA NA NA NA NA NA NA NA NA NA
4043 1837 1072 136 136 186 188 288 288 229 229 218 218 169 173 234 238 212 212 136 136 186 188 268 288 228 229 216 218 169 169 234 238 212 224
2637 1837 NA 136 136 186 188 288 288 229 229 218 218 169 173 234 238 212 212 NA NA NA NA NA NA NA NA NA NA NA NA NA NA NA NA
1200 1837 NA 136 136 186 188 288 288 229 229 218 218 169 173 234 238 212 212 NA NA NA NA NA NA NA NA NA NA NA NA NA NA NA NA
1367 1837 NA 136 136 186 188 288 288 229 229 218 218 169 173 234 238 212 212 NA NA NA NA NA NA NA NA NA NA NA NA NA NA NA NA
1002 2387 NA 136 138 175 177 268 288 228 233 210 218 169 173 243 259 216 232 NA NA NA NA NA NA NA NA NA NA NA NA NA NA NA NA
884 2387 NA 136 138 175 177 268 288 228 233 210 218 169 173 243 259 216 232 NA NA NA NA NA NA NA NA NA NA NA NA NA NA NA NA
950 2387 NA 136 138 175 177 268 288 228 233 210 218 169 173 243 259 216 232 NA NA NA NA NA NA NA NA NA NA NA NA NA NA NA NA
2985 2387 NA 136 138 175 177 268 288 228 233 210 218 169 173 243 259 216 232 NA NA NA NA NA NA NA NA NA NA NA NA NA NA NA NA
1008 2599 2612 125 125 175 186 265 286 228 229 211 211 169 169 243 259 220 224 125 136 175 186 286 286 229 229 211 216 169 169 243 259 220 224
2706 2599 NA 125 125 175 186 265 286 228 229 211 211 169 169 243 259 220 224 NA NA NA NA NA NA NA NA NA NA NA NA NA NA NA NA
3382 2599 NA 125 125 175 186 265 286 228 229 211 211 169 169 243 259 220 224 NA NA NA NA NA NA NA NA NA NA NA NA NA NA NA NA
3024 2599 NA 125 125 175 186 265 286 228 229 211 211 169 169 243 259 220 224 NA NA NA NA NA NA NA NA NA NA NA NA NA NA NA NA
2287 2599 NA 125 125 175 186 265 286 228 229 211 211 169 169 243 259 220 224 NA NA NA NA NA NA NA NA NA NA NA NA NA NA NA NA
813 2599 NA 125 125 175 186 265 286 228 229 211 211 169 169 243 259 220 224 NA NA NA NA NA NA NA NA NA NA NA NA NA NA NA NA
2065 2599 2612 125 125 175 186 265 286 228 229 211 211 169 169 243 259 220 224 125 136 175 186 286 286 229 229 211 216 169 169 243 259 220 224
1213 2599 NA 125 125 175 186 265 286 228 229 211 211 169 169 243 259 220 224 NA NA NA NA NA NA NA NA NA NA NA NA NA NA NA NA
678 3363 NA 136 136 186 188 265 284 233 241 216 216 165 169 247 251 228 228 NA NA NA NA NA NA NA NA NA NA NA NA NA NA NA NA
3691 3363 2855 136 136 186 188 265 284 233 241 216 216 165 169 247 251 228 228 136 146 188 188 0 0 231 241 211 216 165 173 251 255 212 224
3364 3363 NA 136 136 186 188 265 284 233 241 216 216 165 169 247 251 228 228 NA NA NA NA NA NA NA NA NA NA NA NA NA NA NA NA
2052 3571 NA 125 136 186 188 286 290 231 233 207 211 169 169 255 267 216 216 NA NA NA NA NA NA NA NA NA NA NA NA NA NA NA NA
765 3571 585 125 136 186 188 286 290 231 233 207 211 169 169 255 267 216 216 136 136 186 186 288 290 231 239 211 216 169 169 247 255 216 220
70 NA 8 NA NA NA NA NA NA NA NA NA NA NA NA NA NA NA NA 134 136 184 188 268 290 228 233 216 218 169 177 251 259 216 216
3428 NA 8 NA NA NA NA NA NA NA NA NA NA NA NA NA NA NA NA 134 136 184 188 268 290 228 233 216 218 169 177 251 259 216 216
3422 NA 11 NA NA NA NA NA NA NA NA NA NA NA NA NA NA NA NA 136 146 186 188 286 288 228 229 216 218 169 177 234 255 212 216
3063 NA 13 NA NA NA NA NA NA NA NA NA NA NA NA NA NA NA NA 136 138 177 186 268 268 229 239 216 218 169 177 247 255 212 216
3424 NA 13 NA NA NA NA NA NA NA NA NA NA NA NA NA NA NA NA 136 138 177 186 268 268 229 239 216 218 169 177 247 255 212 216
3070 NA 13 NA NA NA NA NA NA NA NA NA NA NA NA NA NA NA NA 136 138 177 186 268 268 229 239 216 218 169 177 247 255 212 216
63 NA 17 NA NA NA NA NA NA NA NA NA NA NA NA NA NA NA NA 136 136 177 177 268 284 228 229 220 220 169 181 234 238 208 224
2285 NA 17 NA NA NA NA NA NA NA NA NA NA NA NA NA NA NA NA 136 136 177 177 268 284 228 229 220 220 169 181 234 238 208 224
80 NA 17 NA NA NA NA NA NA NA NA NA NA NA NA NA NA NA NA 136 136 177 177 268 284 228 229 220 220 169 181 234 238 208 224
3423 NA 17 NA NA NA NA NA NA NA NA NA NA NA NA NA NA NA NA 136 136 177 177 268 284 228 229 220 220 169 181 234 238 208 224
3072 NA 21 NA NA NA NA NA NA NA NA NA NA NA NA NA NA NA NA 125 136 175 188 288 290 228 229 211 216 177 181 234 259 220 224
2280 NA 50 NA NA NA NA NA NA NA NA NA NA NA NA NA NA NA NA 136 146 184 186 268 284 229 239 216 216 169 177 255 259 212 212
3059 NA 50 NA NA NA NA NA NA NA NA NA NA NA NA NA NA NA NA 136 146 184 186 268 284 229 239 216 216 169 177 255 259 212 212
830 NA 51 NA NA NA NA NA NA NA NA NA NA NA NA NA NA NA NA 134 136 177 188 268 286 233 239 216 220 173 181 243 251 232 232
2816 NA 86 NA NA NA NA NA NA NA NA NA NA NA NA NA NA NA NA 136 136 175 184 265 268 229 233 218 220 169 173 247 247 212 220
2801 NA 88 NA NA NA NA NA NA NA NA NA NA NA NA NA NA NA NA 136 136 175 186 286 288 233 241 216 220 169 169 255 259 212 224
1157 NA 88 NA NA NA NA NA NA NA NA NA NA NA NA NA NA NA NA 136 136 175 186 286 288 233 241 216 220 169 169 255 259 212 224
1671 NA 89 NA NA NA NA NA NA NA NA NA NA NA NA NA NA NA NA 136 136 190 190 288 288 235 241 218 220 169 173 251 255 220 232
2864 NA 89 NA NA NA NA NA NA NA NA NA NA NA NA NA NA NA NA 136 136 190 190 288 288 235 241 218 220 169 173 251 255 220 232
1622 NA 89 NA NA NA NA NA NA NA NA NA NA NA NA NA NA NA NA 136 136 190 190 288 288 235 241 218 220 169 173 251 255 220 232
3650 NA 89 NA NA NA NA NA NA NA NA NA NA NA NA NA NA NA NA 136 136 190 190 288 288 235 241 218 220 169 173 251 255 220 232
203 NA 95 NA NA NA NA NA NA NA NA NA NA NA NA NA NA NA NA 136 136 177 194 268 286 231 235 211 216 173 177 247 247 220 224
3678 NA 103 NA NA NA NA NA NA NA NA NA NA NA NA NA NA NA NA 136 142 188 188 268 284 233 235 216 220 169 169 247 255 216 220
3625 NA 104 NA NA NA NA NA NA NA NA NA NA NA NA NA NA NA NA 136 136 175 184 288 288 231 233 216 218 169 173 247 251 216 224
1965 NA 104 NA NA NA NA NA NA NA NA NA NA NA NA NA NA NA NA 136 136 175 184 288 288 231 233 216 218 169 173 247 251 216 224
3647 NA 110 NA NA NA NA NA NA NA NA NA NA NA NA NA NA NA NA 136 136 175 177 284 288 235 239 211 216 169 169 251 255 216 216
2860 NA 110 NA NA NA NA NA NA NA NA NA NA NA NA NA NA NA NA 136 136 175 177 284 288 235 239 211 216 169 169 251 255 216 216
468 NA 113 NA NA NA NA NA NA NA NA NA NA NA NA NA NA NA NA 136 138 177 186 265 288 231 235 216 216 169 169 255 259 224 224
467 NA 118 NA NA NA NA NA NA NA NA NA NA NA NA NA NA NA NA 136 148 177 188 288 290 229 233 216 216 169 169 247 255 216 224
281 NA 118 NA NA NA NA NA NA NA NA NA NA NA NA NA NA NA NA 136 148 177 188 288 290 229 233 216 216 169 169 247 255 216 224
2876 NA 120 NA NA NA NA NA NA NA NA NA NA NA NA NA NA NA NA 136 148 175 175 268 288 235 241 216 216 173 173 251 259 220 224
274 NA 120 NA NA NA NA NA NA NA NA NA NA NA NA NA NA NA NA 136 148 175 175 268 288 235 241 216 216 173 173 251 259 220 224
3614 NA 132 NA NA NA NA NA NA NA NA NA NA NA NA NA NA NA NA 134 134 183 186 268 268 228 233 216 216 173 173 255 259 216 216
668 NA 135 NA NA NA NA NA NA NA NA NA NA NA NA NA NA NA NA 136 136 175 183 265 286 233 235 216 220 169 169 255 259 216 228
3664 NA 142 NA NA NA NA NA NA NA NA NA NA NA NA NA NA NA NA 134 136 183 186 265 268 228 233 216 222 173 173 255 259 216 224
283 NA 142 NA NA NA NA NA NA NA NA NA NA NA NA NA NA NA NA 134 136 183 186 265 268 228 233 216 222 173 173 255 259 216 224
2902 NA 149 NA NA NA NA NA NA NA NA NA NA NA NA NA NA NA NA 134 138 175 186 268 284 233 241 218 220 173 173 251 255 220 228
1970 NA 149 NA NA NA NA NA NA NA NA NA NA NA NA NA NA NA NA 134 138 175 186 268 284 233 241 218 220 173 173 251 255 220 228
163 NA 156 NA NA NA NA NA NA NA NA NA NA NA NA NA NA NA NA 136 138 175 186 265 265 229 237 211 211 169 173 247 255 216 220
1152 NA 156 NA NA NA NA NA NA NA NA NA NA NA NA NA NA NA NA 136 138 175 186 265 265 229 237 211 211 169 173 247 255 216 220
3663 NA 156 NA NA NA NA NA NA NA NA NA NA NA NA NA NA NA NA 136 138 175 186 265 265 229 237 211 211 169 173 247 255 216 220
665 NA 156 NA NA NA NA NA NA NA NA NA NA NA NA NA NA NA NA 136 138 175 186 265 265 229 237 211 211 169 173 247 255 216 220
1951 NA 156 NA NA NA NA NA NA NA NA NA NA NA NA NA NA NA NA 136 138 175 186 265 265 229 237 211 211 169 173 247 255 216 220
2854 NA 159 NA NA NA NA NA NA NA NA NA NA NA NA NA NA NA NA 134 136 186 188 268 284 233 239 211 216 169 169 243 255 220 224
2875 NA 159 NA NA NA NA NA NA NA NA NA NA NA NA NA NA NA NA 134 136 186 188 268 284 233 239 211 216 169 169 243 255 220 224
2633 NA 161 NA NA NA NA NA NA NA NA NA NA NA NA NA NA NA NA 125 136 177 188 268 268 228 237 211 216 169 169 251 255 216 224
823 NA 161 NA NA NA NA NA NA NA NA NA NA NA NA NA NA NA NA 125 136 177 188 268 268 228 237 211 216 169 169 251 255 216 224
2627 NA 161 NA NA NA NA NA NA NA NA NA NA NA NA NA NA NA NA 125 136 177 188 268 268 228 237 211 216 169 169 251 255 216 224
3642 NA 168 NA NA NA NA NA NA NA NA NA NA NA NA NA NA NA NA 136 148 175 177 288 290 237 241 211 216 169 173 247 255 220 228
206 NA 177 NA NA NA NA NA NA NA NA NA NA NA NA NA NA NA NA 136 136 175 186 268 288 229 237 211 220 169 169 243 251 220 232
1977 NA 177 NA NA NA NA NA NA NA NA NA NA NA NA NA NA NA NA 136 136 175 186 268 288 229 237 211 220 169 169 243 251 220 232
1656 NA 185 NA NA NA NA NA NA NA NA NA NA NA NA NA NA NA NA 134 136 175 183 268 286 228 233 220 222 169 173 259 259 212 216
3619 NA 185 NA NA NA NA NA NA NA NA NA NA NA NA NA NA NA NA 134 136 175 183 268 286 228 233 220 222 169 173 259 259 212 216
466 NA 196 NA NA NA NA NA NA NA NA NA NA NA NA NA NA NA NA 134 136 175 175 288 288 228 229 207 216 169 173 247 259 216 216
1156 NA 196 NA NA NA NA NA NA NA NA NA NA NA NA NA NA NA NA 134 136 175 175 288 288 228 229 207 216 169 173 247 259 216 216
202 NA 196 NA NA NA NA NA NA NA NA NA NA NA NA NA NA NA NA 134 136 175 175 288 288 228 229 207 216 169 173 247 259 216 216
663 NA 196 NA NA NA NA NA NA NA NA NA NA NA NA NA NA NA NA 134 136 175 175 288 288 228 229 207 216 169 173 247 259 216 216
260 NA 196 NA NA NA NA NA NA NA NA NA NA NA NA NA NA NA NA 134 136 175 175 288 288 228 229 207 216 169 173 247 259 216 216
2897 NA 196 NA NA NA NA NA NA NA NA NA NA NA NA NA NA NA NA 134 136 175 175 288 288 228 229 207 216 169 173 247 259 216 216
282 NA 209 NA NA NA NA NA NA NA NA NA NA NA NA NA NA NA NA 136 136 175 188 265 288 229 235 211 216 173 173 255 255 216 220
3670 NA 209 NA NA NA NA NA NA NA NA NA NA NA NA NA NA NA NA 136 136 175 188 265 288 229 235 211 216 173 173 255 255 216 220
2867 NA 209 NA NA NA NA NA NA NA NA NA NA NA NA NA NA NA NA 136 136 175 188 265 288 229 235 211 216 173 173 255 255 216 220
3644 NA 215 NA NA NA NA NA NA NA NA NA NA NA NA NA NA NA NA 134 136 177 186 268 290 233 233 216 220 169 169 251 263 216 220
3635 NA 223 NA NA NA NA NA NA NA NA NA NA NA NA NA NA NA NA 136 136 177 188 284 290 231 233 220 220 169 169 247 247 220 224
1949 NA 223 NA NA NA NA NA NA NA NA NA NA NA NA NA NA NA NA 136 136 177 188 284 290 231 233 220 220 169 169 247 247 220 224
1150 NA 223 NA NA NA NA NA NA NA NA NA NA NA NA NA NA NA NA 136 136 177 188 284 290 231 233 220 220 169 169 247 247 220 224
189 NA 230 NA NA NA NA NA NA NA NA NA NA NA NA NA NA NA NA 136 136 186 188 268 290 233 235 211 220 169 169 247 247 220 220
2870 NA 230 NA NA NA NA NA NA NA NA NA NA NA NA NA NA NA NA 136 136 186 188 268 290 233 235 211 220 169 169 247 247 220 220
3686 NA 233 NA NA NA NA NA NA NA NA NA NA NA NA NA NA NA NA 134 136 177 190 284 286 229 233 216 220 169 177 247 247 216 216
3621 NA 233 NA NA NA NA NA NA NA NA NA NA NA NA NA NA NA NA 134 136 177 190 284 286 229 233 216 220 169 177 247 247 216 216
3680 NA 234 NA NA NA NA NA NA NA NA NA NA NA NA NA NA NA NA 136 136 175 186 268 268 233 235 216 220 169 173 243 263 220 228
2811 NA 237 NA NA NA NA NA NA NA NA NA NA NA NA NA NA NA NA 134 136 186 188 268 290 229 233 216 216 169 169 243 251 216 220
198 NA 243 NA NA NA NA NA NA NA NA NA NA NA NA NA NA NA NA 134 148 186 186 268 268 233 237 216 218 169 173 251 255 220 232
3639 NA 243 NA NA NA NA NA NA NA NA NA NA NA NA NA NA NA NA 134 148 186 186 268 268 233 237 216 218 169 173 251 255 220 232
1973 NA 243 NA NA NA NA NA NA NA NA NA NA NA NA NA NA NA NA 134 148 186 186 268 268 233 237 216 218 169 173 251 255 220 232
1945 NA 244 NA NA NA NA NA NA NA NA NA NA NA NA NA NA NA NA 134 136 177 184 268 288 229 233 211 216 173 173 247 247 216 224
1153 NA 244 NA NA NA NA NA NA NA NA NA NA NA NA NA NA NA NA 134 136 177 184 268 288 229 233 211 216 173 173 247 247 216 224
2837 NA 285 NA NA NA NA NA NA NA NA NA NA NA NA NA NA NA NA 136 138 186 186 265 284 228 241 216 218 169 169 243 251 224 224
1960 NA 285 NA NA NA NA NA NA NA NA NA NA NA NA NA NA NA NA 136 138 186 186 265 284 228 241 216 218 169 169 243 251 224 224
166 NA 297 NA NA NA NA NA NA NA NA NA NA NA NA NA NA NA NA 136 136 177 186 286 288 233 235 216 220 173 173 247 255 224 224
3643 NA 297 NA NA NA NA NA NA NA NA NA NA NA NA NA NA NA NA 136 136 177 186 286 288 233 235 216 220 173 173 247 255 224 224
2834 NA 297 NA NA NA NA NA NA NA NA NA NA NA NA NA NA NA NA 136 136 177 186 286 288 233 235 216 220 173 173 247 255 224 224
3154 NA 299 NA NA NA NA NA NA NA NA NA NA NA NA NA NA NA NA 136 138 186 188 268 284 235 237 211 220 169 169 255 255 224 232
261 NA 301 NA NA NA NA NA NA NA NA NA NA NA NA NA NA NA NA 138 138 186 186 265 288 233 237 211 216 169 177 247 259 216 216
2881 NA 301 NA NA NA NA NA NA NA NA NA NA NA NA NA NA NA NA 138 138 186 186 265 288 233 237 211 216 169 177 247 259 216 216
2192 NA 305 NA NA NA NA NA NA NA NA NA NA NA NA NA NA NA NA 136 146 175 188 288 290 233 237 216 216 169 169 251 251 220 228
552 NA 305 NA NA NA NA NA NA NA NA NA NA NA NA NA NA NA NA 136 146 175 188 288 290 233 237 216 216 169 169 251 251 220 228
3126 NA 305 NA NA NA NA NA NA NA NA NA NA NA NA NA NA NA NA 136 146 175 188 288 290 233 237 216 216 169 169 251 251 220 228
3668 NA 313 NA NA NA NA NA NA NA NA NA NA NA NA NA NA NA NA 136 142 175 186 288 288 229 241 216 220 169 173 251 263 216 216
207 NA 313 NA NA NA NA NA NA NA NA NA NA NA NA NA NA NA NA 136 142 175 186 288 288 229 241 216 220 169 173 251 263 216 216
2844 NA 313 NA NA NA NA NA NA NA NA NA NA NA NA NA NA NA NA 136 142 175 186 288 288 229 241 216 220 169 173 251 263 216 216
2871 NA 313 NA NA NA NA NA NA NA NA NA NA NA NA NA NA NA NA 136 142 175 186 288 288 229 241 216 220 169 173 251 263 216 216
551 NA 315 NA NA NA NA NA NA NA NA NA NA NA NA NA NA NA NA 136 136 175 175 284 286 228 235 216 216 165 169 247 251 216 220
2165 NA 315 NA NA NA NA NA NA NA NA NA NA NA NA NA NA NA NA 136 136 175 175 284 286 228 235 216 216 165 169 247 251 216 220
557 NA 316 NA NA NA NA NA NA NA NA NA NA NA NA NA NA NA NA 136 136 175 186 268 268 235 237 210 216 169 169 247 247 220 224
3986 NA 316 NA NA NA NA NA NA NA NA NA NA NA NA NA NA NA NA 136 136 175 186 268 268 235 237 210 216 169 169 247 247 220 224
4001 NA 326 NA NA NA NA NA NA NA NA NA NA NA NA NA NA NA NA 136 136 175 188 268 290 228 235 216 218 169 181 247 263 220 228
2179 NA 326 NA NA NA NA NA NA NA NA NA NA NA NA NA NA NA NA 136 136 175 188 268 290 228 235 216 218 169 181 247 263 220 228
538 NA 326 NA NA NA NA NA NA NA NA NA NA NA NA NA NA NA NA 136 136 175 188 268 290 228 235 216 218 169 181 247 263 220 228
2622 NA 327 NA NA NA NA NA NA NA NA NA NA NA NA NA NA NA NA 136 142 175 188 265 286 233 237 216 220 165 173 238 255 220 220
3961 NA 333 NA NA NA NA NA NA NA NA NA NA NA NA NA NA NA NA 136 136 186 186 268 268 228 233 211 222 169 169 247 251 220 232
555 NA 333 NA NA NA NA NA NA NA NA NA NA NA NA NA NA NA NA 136 136 186 186 268 268 228 233 211 222 169 169 247 251 220 232
2176 NA 333 NA NA NA NA NA NA NA NA NA NA NA NA NA NA NA NA 136 136 186 186 268 268 228 233 211 222 169 169 247 251 220 232
3149 NA 333 NA NA NA NA NA NA NA NA NA NA NA NA NA NA NA NA 136 136 186 186 268 268 228 233 211 222 169 169 247 251 220 232
318 NA 333 NA NA NA NA NA NA NA NA NA NA NA NA NA NA NA NA 136 136 186 186 268 268 228 233 211 222 169 169 247 251 220 232
2155 NA 336 NA NA NA NA NA NA NA NA NA NA NA NA NA NA NA NA 136 136 186 190 268 288 228 239 211 220 173 177 251 251 216 216
320 NA 336 NA NA NA NA NA NA NA NA NA NA NA NA NA NA NA NA 136 136 186 190 268 288 228 239 211 220 173 177 251 251 216 216
2191 NA 348 NA NA NA NA NA NA NA NA NA NA NA NA NA NA NA NA 136 136 186 188 268 288 239 241 220 220 169 169 247 259 216 220
351 NA 348 NA NA NA NA NA NA NA NA NA NA NA NA NA NA NA NA 136 136 186 188 268 288 239 241 220 220 169 169 247 259 216 220
3142 NA 350 NA NA NA NA NA NA NA NA NA NA NA NA NA NA NA NA 125 136 177 186 265 268 241 241 211 218 169 173 247 255 224 232
3145 NA 357 NA NA NA NA NA NA NA NA NA NA NA NA NA NA NA NA 136 136 188 188 286 288 229 241 216 218 169 177 255 259 220 224
547 NA 357 NA NA NA NA NA NA NA NA NA NA NA NA NA NA NA NA 136 136 188 188 286 288 229 241 216 218 169 177 255 259 220 224
606 NA 367 NA NA NA NA NA NA NA NA NA NA NA NA NA NA NA NA 136 136 188 190 268 286 231 237 216 216 169 181 247 263 216 220
3150 NA 369 NA NA NA NA NA NA NA NA NA NA NA NA NA NA NA NA 136 136 175 186 265 288 228 233 211 211 169 173 243 259 220 228
2200 NA 369 NA NA NA NA NA NA NA NA NA NA NA NA NA NA NA NA 136 136 175 186 265 288 228 233 211 211 169 173 243 259 220 228
2214 NA 373 NA NA NA NA NA NA NA NA NA NA NA NA NA NA NA NA 136 138 177 186 290 290 228 231 216 220 169 177 247 251 216 220
2178 NA 375 NA NA NA NA NA NA NA NA NA NA NA NA NA NA NA NA 136 136 186 188 268 290 228 228 218 218 165 165 251 263 220 228
3376 NA 393 NA NA NA NA NA NA NA NA NA NA NA NA NA NA NA NA 136 138 175 186 265 268 233 241 218 220 169 173 238 243 216 228
3395 NA 395 NA NA NA NA NA NA NA NA NA NA NA NA NA NA NA NA 136 136 184 188 268 288 228 241 207 220 169 169 238 255 224 228
2945 NA 395 NA NA NA NA NA NA NA NA NA NA NA NA NA NA NA NA 136 136 184 188 268 288 228 241 207 220 169 169 238 255 224 228
1734 NA 395 NA NA NA NA NA NA NA NA NA NA NA NA NA NA NA NA 136 136 184 188 268 288 228 241 207 220 169 169 238 255 224 228
3401 NA 404 NA NA NA NA NA NA NA NA NA NA NA NA NA NA NA NA 136 136 173 177 268 288 229 237 0 0 169 169 255 259 224 224
2001 NA 410 NA NA NA NA NA NA NA NA NA NA NA NA NA NA NA NA 136 136 173 186 268 290 224 233 216 216 173 173 243 247 216 224
3406 NA 410 NA NA NA NA NA NA NA NA NA NA NA NA NA NA NA NA 136 136 173 186 268 290 224 233 216 216 173 173 243 247 216 224
1188 NA 410 NA NA NA NA NA NA NA NA NA NA NA NA NA NA NA NA 136 136 173 186 268 290 224 233 216 216 173 173 243 247 216 224
1176 NA 410 NA NA NA NA NA NA NA NA NA NA NA NA NA NA NA NA 136 136 173 186 268 290 224 233 216 216 173 173 243 247 216 224
3352 NA 424 NA NA NA NA NA NA NA NA NA NA NA NA NA NA NA NA 136 136 186 186 286 290 229 229 216 220 169 169 251 255 216 224
2683 NA 424 NA NA NA NA NA NA NA NA NA NA NA NA NA NA NA NA 136 136 186 186 286 290 229 229 216 220 169 169 251 255 216 224
2229 NA 424 NA NA NA NA NA NA NA NA NA NA NA NA NA NA NA NA 136 136 186 186 286 290 229 229 216 220 169 169 251 255 216 224
3412 NA 426 NA NA NA NA NA NA NA NA NA NA NA NA NA NA NA NA 134 136 173 186 265 288 235 237 211 216 173 173 247 247 216 216
347 NA 431 NA NA NA NA NA NA NA NA NA NA NA NA NA NA NA NA 136 146 175 188 268 288 229 235 211 220 173 173 238 238 220 228
2196 NA 431 NA NA NA NA NA NA NA NA NA NA NA NA NA NA NA NA 136 146 175 188 268 288 229 235 211 220 173 173 238 238 220 228
4010 NA 431 NA NA NA NA NA NA NA NA NA NA NA NA NA NA NA NA 136 146 175 188 268 288 229 235 211 220 173 173 238 238 220 228
537 NA 441 NA NA NA NA NA NA NA NA NA NA NA NA NA NA NA NA 136 138 175 175 268 288 237 241 216 218 169 173 243 247 216 220
597 NA 449 NA NA NA NA NA NA NA NA NA NA NA NA NA NA NA NA 125 136 186 188 268 288 233 241 211 218 169 169 247 251 228 232
3132 NA 449 NA NA NA NA NA NA NA NA NA NA NA NA NA NA NA NA 125 136 186 188 268 288 233 241 211 218 169 169 247 251 228 232
2187 NA 449 NA NA NA NA NA NA NA NA NA NA NA NA NA NA NA NA 125 136 186 188 268 288 233 241 211 218 169 169 247 251 228 232
3998 NA 453 NA NA NA NA NA NA NA NA NA NA NA NA NA NA NA NA 136 136 175 183 268 286 229 235 216 216 173 181 238 247 220 220
2201 NA 453 NA NA NA NA NA NA NA NA NA NA NA NA NA NA NA NA 136 136 175 183 268 286 229 235 216 216 173 181 238 247 220 220
548 NA 453 NA NA NA NA NA NA NA NA NA NA NA NA NA NA NA NA 136 136 175 183 268 286 229 235 216 216 173 181 238 247 220 220
3130 NA 453 NA NA NA NA NA NA NA NA NA NA NA NA NA NA NA NA 136 136 175 183 268 286 229 235 216 216 173 181 238 247 220 220
2030 NA 491 NA NA NA NA NA NA NA NA NA NA NA NA NA NA NA NA 136 136 177 184 268 284 237 241 211 216 169 173 247 251 220 228
771 NA 494 NA NA NA NA NA NA NA NA NA NA NA NA NA NA NA NA 136 136 184 186 268 268 231 235 211 216 173 173 247 259 220 224
2051 NA 494 NA NA NA NA NA NA NA NA NA NA NA NA NA NA NA NA 136 136 184 186 268 268 231 235 211 216 173 173 247 259 220 224
3718 NA 494 NA NA NA NA NA NA NA NA NA NA NA NA NA NA NA NA 136 136 184 186 268 268 231 235 211 216 173 173 247 259 220 224
769 NA 494 NA NA NA NA NA NA NA NA NA NA NA NA NA NA NA NA 136 136 184 186 268 268 231 235 211 216 173 173 247 259 220 224
3717 NA 505 NA NA NA NA NA NA NA NA NA NA NA NA NA NA NA NA 136 138 175 186 268 288 229 235 216 216 173 173 255 255 220 220
729 NA 505 NA NA NA NA NA NA NA NA NA NA NA NA NA NA NA NA 136 138 175 186 268 288 229 235 216 216 173 173 255 255 220 220
2011 NA 508 NA NA NA NA NA NA NA NA NA NA NA NA NA NA NA NA 125 136 175 188 268 288 233 241 211 220 169 169 243 255 220 224
2034 NA 510 NA NA NA NA NA NA NA NA NA NA NA NA NA NA NA NA 125 136 175 188 268 290 235 241 211 216 169 173 243 255 220 220
2040 NA 516 NA NA NA NA NA NA NA NA NA NA NA NA NA NA NA NA 136 136 177 184 284 290 237 237 216 220 169 173 255 255 220 220
3086 NA 516 NA NA NA NA NA NA NA NA NA NA NA NA NA NA NA NA 136 136 177 184 284 290 237 237 216 220 169 173 255 255 220 220
3716 NA 516 NA NA NA NA NA NA NA NA NA NA NA NA NA NA NA NA 136 136 177 184 284 290 237 237 216 220 169 173 255 255 220 220
3713 NA 519 NA NA NA NA NA NA NA NA NA NA NA NA NA NA NA NA 136 138 175 175 288 288 231 233 211 216 169 173 251 263 212 224
3098 NA 519 NA NA NA NA NA NA NA NA NA NA NA NA NA NA NA NA 136 138 175 175 288 288 231 233 211 216 169 173 251 263 212 224
2036 NA 519 NA NA NA NA NA NA NA NA NA NA NA NA NA NA NA NA 136 138 175 175 288 288 231 233 211 216 169 173 251 263 212 224
3702 NA 522 NA NA NA NA NA NA NA NA NA NA NA NA NA NA NA NA 136 136 175 175 268 288 235 237 211 220 169 173 247 263 220 232
2035 NA 522 NA NA NA NA NA NA NA NA NA NA NA NA NA NA NA NA 136 136 175 175 268 288 235 237 211 220 169 173 247 263 220 232
3984 NA 555 NA NA NA NA NA NA NA NA NA NA NA NA NA NA NA NA 136 136 186 188 268 268 228 233 211 211 169 169 234 251 228 232
3148 NA 555 NA NA NA NA NA NA NA NA NA NA NA NA NA NA NA NA 136 136 186 188 268 268 228 233 211 211 169 169 234 251 228 232
2181 NA 556 NA NA NA NA NA NA NA NA NA NA NA NA NA NA NA NA 136 136 188 188 268 290 241 241 216 218 169 177 255 255 220 220
595 NA 556 NA NA NA NA NA NA NA NA NA NA NA NA NA NA NA NA 136 136 188 188 268 290 241 241 216 218 169 177 255 255 220 220
2010 NA 561 NA NA NA NA NA NA NA NA NA NA NA NA NA NA NA NA 136 138 183 186 284 288 235 239 216 216 169 169 243 255 220 224
3095 NA 561 NA NA NA NA NA NA NA NA NA NA NA NA NA NA NA NA 136 138 183 186 284 288 235 239 216 216 169 169 243 255 220 224
3709 NA 561 NA NA NA NA NA NA NA NA NA NA NA NA NA NA NA NA 136 138 183 186 284 288 235 239 216 216 169 169 243 255 220 224
201 NA 565 NA NA NA NA NA NA NA NA NA NA NA NA NA NA NA NA 125 136 173 186 284 290 231 243 207 216 169 169 251 251 224 224
2656 NA 565 NA NA NA NA NA NA NA NA NA NA NA NA NA NA NA NA 125 136 173 186 284 290 231 243 207 216 169 169 251 251 224 224
2022 NA 581 NA NA NA NA NA NA NA NA NA NA NA NA NA NA NA NA 136 136 175 186 265 288 233 235 211 220 169 173 251 263 216 232
774 NA 581 NA NA NA NA NA NA NA NA NA NA NA NA NA NA NA NA 136 136 175 186 265 288 233 235 211 220 169 173 251 263 216 232
2048 NA 591 NA NA NA NA NA NA NA NA NA NA NA NA NA NA NA NA 125 136 175 188 284 290 231 241 211 220 169 173 247 255 224 224
880 NA 615 NA NA NA NA NA NA NA NA NA NA NA NA NA NA NA NA 136 138 175 183 268 288 233 233 211 211 169 169 247 263 220 220
2807 NA 615 NA NA NA NA NA NA NA NA NA NA NA NA NA NA NA NA 136 138 175 183 268 288 233 233 211 211 169 169 247 263 220 220
772 NA 616 NA NA NA NA NA NA NA NA NA NA NA NA NA NA NA NA 125 136 175 177 288 288 228 237 216 218 169 169 238 243 220 232
2825 NA 616 NA NA NA NA NA NA NA NA NA NA NA NA NA NA NA NA 125 136 175 177 288 288 228 237 216 218 169 169 238 243 220 232
885 NA 618 NA NA NA NA NA NA NA NA NA NA NA NA NA NA NA NA 136 146 184 188 268 288 235 235 216 220 169 173 251 255 220 220
891 NA 618 NA NA NA NA NA NA NA NA NA NA NA NA NA NA NA NA 136 146 184 188 268 288 235 235 216 220 169 173 251 255 220 220
2787 NA 618 NA NA NA NA NA NA NA NA NA NA NA NA NA NA NA NA 136 146 184 188 268 288 235 235 216 220 169 173 251 255 220 220
852 NA 628 NA NA NA NA NA NA NA NA NA NA NA NA NA NA NA NA 136 136 177 188 288 290 228 235 216 216 169 173 251 259 216 224
3958 NA 628 NA NA NA NA NA NA NA NA NA NA NA NA NA NA NA NA 136 136 177 188 288 290 228 235 216 216 169 173 251 259 216 224
892 NA 631 NA NA NA NA NA NA NA NA NA NA NA NA NA NA NA NA 134 136 175 186 284 284 229 229 216 216 169 173 251 251 216 224
2821 NA 631 NA NA NA NA NA NA NA NA NA NA NA NA NA NA NA NA 134 136 175 186 284 284 229 229 216 216 169 173 251 251 216 224
3969 NA 631 NA NA NA NA NA NA NA NA NA NA NA NA NA NA NA NA 134 136 175 186 284 284 229 229 216 216 169 173 251 251 216 224
846 NA 636 NA NA NA NA NA NA NA NA NA NA NA NA NA NA NA NA 136 136 175 188 265 288 229 241 211 211 173 173 251 251 216 224
841 NA 637 NA NA NA NA NA NA NA NA NA NA NA NA NA NA NA NA 136 138 175 177 268 268 231 233 220 220 169 177 243 255 220 224
2265 NA 645 NA NA NA NA NA NA NA NA NA NA NA NA NA NA NA NA 138 138 175 188 268 288 229 239 218 220 169 169 247 251 224 224
876 NA 645 NA NA NA NA NA NA NA NA NA NA NA NA NA NA NA NA 138 138 175 188 268 288 229 239 218 220 169 169 247 251 224 224
2268 NA 645 NA NA NA NA NA NA NA NA NA NA NA NA NA NA NA NA 138 138 175 188 268 288 229 239 218 220 169 169 247 251 224 224
2783 NA 645 NA NA NA NA NA NA NA NA NA NA NA NA NA NA NA NA 138 138 175 188 268 288 229 239 218 220 169 169 247 251 224 224
2283 NA 650 NA NA NA NA NA NA NA NA NA NA NA NA NA NA NA NA 136 142 175 186 286 288 235 237 210 218 169 177 251 255 224 224
3963 NA 657 NA NA NA NA NA NA NA NA NA NA NA NA NA NA NA NA 136 142 177 186 284 288 235 237 210 216 169 173 247 255 224 224
879 NA 657 NA NA NA NA NA NA NA NA NA NA NA NA NA NA NA NA 136 142 177 186 284 288 235 237 210 216 169 173 247 255 224 224
2260 NA 657 NA NA NA NA NA NA NA NA NA NA NA NA NA NA NA NA 136 142 177 186 284 288 235 237 210 216 169 173 247 255 224 224
3921 NA 688 NA NA NA NA NA NA NA NA NA NA NA NA NA NA NA NA 146 146 175 190 268 286 229 231 211 216 169 177 243 247 220 220
940 NA 693 NA NA NA NA NA NA NA NA NA NA NA NA NA NA NA NA 136 136 177 186 288 288 237 237 216 218 169 173 243 259 212 224
2988 NA 693 NA NA NA NA NA NA NA NA NA NA NA NA NA NA NA NA 136 136 177 186 288 288 237 237 216 218 169 173 243 259 212 224
2269 NA 695 NA NA NA NA NA NA NA NA NA NA NA NA NA NA NA NA 136 136 175 175 286 286 233 237 216 220 169 169 251 255 220 224
881 NA 695 NA NA NA NA NA NA NA NA NA NA NA NA NA NA NA NA 136 136 175 175 286 286 233 237 216 220 169 169 251 255 220 224
3935 NA 698 NA NA NA NA NA NA NA NA NA NA NA NA NA NA NA NA 136 138 183 186 284 288 233 235 211 216 169 173 243 251 216 220
3937 NA 699 NA NA NA NA NA NA NA NA NA NA NA NA NA NA NA NA 138 138 175 186 268 268 235 241 216 218 169 173 234 238 216 220
938 NA 699 NA NA NA NA NA NA NA NA NA NA NA NA NA NA NA NA 138 138 175 186 268 268 235 241 216 218 169 173 234 238 216 220
3954 NA 699 NA NA NA NA NA NA NA NA NA NA NA NA NA NA NA NA 138 138 175 186 268 268 235 241 216 218 169 173 234 238 216 220
2044 NA 699 NA NA NA NA NA NA NA NA NA NA NA NA NA NA NA NA 138 138 175 186 268 268 235 241 216 218 169 173 234 238 216 220
2061 NA 718 NA NA NA NA NA NA NA NA NA NA NA NA NA NA NA NA 134 138 175 186 268 288 235 241 218 220 173 177 238 243 220 224
965 NA 718 NA NA NA NA NA NA NA NA NA NA NA NA NA NA NA NA 134 138 175 186 268 288 235 241 218 220 173 177 238 243 220 224
3946 NA 733 NA NA NA NA NA NA NA NA NA NA NA NA NA NA NA NA 125 136 177 190 268 290 235 235 210 218 169 173 259 259 216 224
3035 NA 733 NA NA NA NA NA NA NA NA NA NA NA NA NA NA NA NA 125 136 177 190 268 290 235 235 210 218 169 173 259 259 216 224
2047 NA 733 NA NA NA NA NA NA NA NA NA NA NA NA NA NA NA NA 125 136 177 190 268 290 235 235 210 218 169 173 259 259 216 224
1005 NA 733 NA NA NA NA NA NA NA NA NA NA NA NA NA NA NA NA 125 136 177 190 268 290 235 235 210 218 169 173 259 259 216 224
3926 NA 734 NA NA NA NA NA NA NA NA NA NA NA NA NA NA NA NA 136 136 175 186 286 286 235 235 220 220 165 173 243 243 224 224
956 NA 734 NA NA NA NA NA NA NA NA NA NA NA NA NA NA NA NA 136 136 175 186 286 286 235 235 220 220 165 173 243 243 224 224
2069 NA 738 NA NA NA NA NA NA NA NA NA NA NA NA NA NA NA NA 136 138 186 186 284 288 229 235 211 216 173 173 251 259 224 224
947 NA 738 NA NA NA NA NA NA NA NA NA NA NA NA NA NA NA NA 136 138 186 186 284 288 229 235 211 216 173 173 251 259 224 224
2716 NA 738 NA NA NA NA NA NA NA NA NA NA NA NA NA NA NA NA 136 138 186 186 284 288 229 235 211 216 173 173 251 259 224 224
1204 NA 738 NA NA NA NA NA NA NA NA NA NA NA NA NA NA NA NA 136 138 186 186 284 288 229 235 211 216 173 173 251 259 224 224
2064 NA 740 NA NA NA NA NA NA NA NA NA NA NA NA NA NA NA NA 136 146 175 186 284 288 233 239 211 220 169 169 251 259 224 228
957 NA 740 NA NA NA NA NA NA NA NA NA NA NA NA NA NA NA NA 136 146 175 186 284 288 233 239 211 220 169 169 251 259 224 228
3030 NA 740 NA NA NA NA NA NA NA NA NA NA NA NA NA NA NA NA 136 146 175 186 284 288 233 239 211 220 169 169 251 259 224 228
953 NA 751 NA NA NA NA NA NA NA NA NA NA NA NA NA NA NA NA 136 138 175 183 268 284 231 233 216 216 173 173 243 255 220 220
3950 NA 752 NA NA NA NA NA NA NA NA NA NA NA NA NA NA NA NA 136 138 173 175 268 290 237 243 211 218 169 173 238 251 208 224
1009 NA 752 NA NA NA NA NA NA NA NA NA NA NA NA NA NA NA NA 136 138 173 175 268 290 237 243 211 218 169 173 238 251 208 224
2975 NA 752 NA NA NA NA NA NA NA NA NA NA NA NA NA NA NA NA 136 138 173 175 268 290 237 243 211 218 169 173 238 251 208 224
2976 NA 754 NA NA NA NA NA NA NA NA NA NA NA NA NA NA NA NA 136 136 186 188 290 293 224 243 216 218 169 173 247 255 224 224
941 NA 754 NA NA NA NA NA NA NA NA NA NA NA NA NA NA NA NA 136 136 186 188 290 293 224 243 216 218 169 173 247 255 224 224
2987 NA 760 NA NA NA NA NA NA NA NA NA NA NA NA NA NA NA NA 136 136 175 183 284 290 235 235 216 216 169 173 251 255 220 224
3443 NA 777 NA NA NA NA NA NA NA NA NA NA NA NA NA NA NA NA 136 136 186 186 265 290 231 237 216 220 169 169 238 251 212 228
75 NA 777 NA NA NA NA NA NA NA NA NA NA NA NA NA NA NA NA 136 136 186 186 265 290 231 237 216 220 169 169 238 251 212 228
3058 NA 777 NA NA NA NA NA NA NA NA NA NA NA NA NA NA NA NA 136 136 186 186 265 290 231 237 216 220 169 169 238 251 212 228
2117 NA 781 NA NA NA NA NA NA NA NA NA NA NA NA NA NA NA NA 136 136 175 186 265 268 231 235 216 220 169 169 234 251 216 220
3441 NA 781 NA NA NA NA NA NA NA NA NA NA NA NA NA NA NA NA 136 136 175 186 265 268 231 235 216 220 169 169 234 251 216 220
820 NA 785 NA NA NA NA NA NA NA NA NA NA NA NA NA NA NA NA 136 136 177 184 284 290 231 241 220 220 169 177 255 259 220 220
3434 NA 785 NA NA NA NA NA NA NA NA NA NA NA NA NA NA NA NA 136 136 177 184 284 290 231 241 220 220 169 177 255 259 220 220
3447 NA 785 NA NA NA NA NA NA NA NA NA NA NA NA NA NA NA NA 136 136 177 184 284 290 231 241 220 220 169 177 255 259 220 220
426 NA 860 NA NA NA NA NA NA NA NA NA NA NA NA NA NA NA NA 134 136 173 186 265 268 233 235 216 216 173 173 247 247 216 216
1905 NA 860 NA NA NA NA NA NA NA NA NA NA NA NA NA NA NA NA 134 136 173 186 265 268 233 235 216 216 173 173 247 247 216 216
3396 NA 860 NA NA NA NA NA NA NA NA NA NA NA NA NA NA NA NA 134 136 173 186 265 268 233 235 216 216 173 173 247 247 216 216
1914 NA 860 NA NA NA NA NA NA NA NA NA NA NA NA NA NA NA NA 134 136 173 186 265 268 233 235 216 216 173 173 247 247 216 216
411 NA 872 NA NA NA NA NA NA NA NA NA NA NA NA NA NA NA NA 136 136 175 190 265 290 228 233 216 220 169 169 243 247 216 224
2951 NA 872 NA NA NA NA NA NA NA NA NA NA NA NA NA NA NA NA 136 136 175 190 265 290 228 233 216 220 169 169 243 247 216 224
1166 NA 901 NA NA NA NA NA NA NA NA NA NA NA NA NA NA NA NA 136 136 188 190 288 288 229 233 210 216 173 177 243 251 216 224
2098 NA 902 NA NA NA NA NA NA NA NA NA NA NA NA NA NA NA NA 136 136 177 188 268 290 231 233 211 218 169 169 251 259 224 224
1175 NA 902 NA NA NA NA NA NA NA NA NA NA NA NA NA NA NA NA 136 136 177 188 268 290 231 233 211 218 169 169 251 259 224 224
1174 NA 903 NA NA NA NA NA NA NA NA NA NA NA NA NA NA NA NA 136 142 186 188 265 288 229 233 210 220 169 173 243 251 216 224
1161 NA 910 NA NA NA NA NA NA NA NA NA NA NA NA NA NA NA NA 125 138 175 175 288 290 231 233 207 220 169 169 247 251 220 228
2654 NA 910 NA NA NA NA NA NA NA NA NA NA NA NA NA NA NA NA 125 138 175 175 288 290 231 233 207 220 169 169 247 251 220 228
3454 NA 910 NA NA NA NA NA NA NA NA NA NA NA NA NA NA NA NA 125 138 175 175 288 290 231 233 207 220 169 169 247 251 220 228
1163 NA 910 NA NA NA NA NA NA NA NA NA NA NA NA NA NA NA NA 125 138 175 175 288 290 231 233 207 220 169 169 247 251 220 228
3460 NA 913 NA NA NA NA NA NA NA NA NA NA NA NA NA NA NA NA 136 138 175 188 288 290 229 241 216 216 177 177 243 259 224 224
2688 NA 913 NA NA NA NA NA NA NA NA NA NA NA NA NA NA NA NA 136 138 175 188 288 290 229 241 216 216 177 177 243 259 224 224
1179 NA 914 NA NA NA NA NA NA NA NA NA NA NA NA NA NA NA NA 136 136 173 186 268 290 239 241 211 218 169 169 238 238 220 224
2665 NA 914 NA NA NA NA NA NA NA NA NA NA NA NA NA NA NA NA 136 136 173 186 268 290 239 241 211 218 169 169 238 238 220 224
2120 NA 914 NA NA NA NA NA NA NA NA NA NA NA NA NA NA NA NA 136 136 173 186 268 290 239 241 211 218 169 169 238 238 220 224
1197 NA 914 NA NA NA NA NA NA NA NA NA NA NA NA NA NA NA NA 136 136 173 186 268 290 239 241 211 218 169 169 238 238 220 224
2925 NA 919 NA NA NA NA NA NA NA NA NA NA NA NA NA NA NA NA 136 136 175 175 286 290 235 241 216 218 169 173 251 251 212 216
3375 NA 919 NA NA NA NA NA NA NA NA NA NA NA NA NA NA NA NA 136 136 175 175 286 290 235 241 216 218 169 173 251 251 212 216
1720 NA 919 NA NA NA NA NA NA NA NA NA NA NA NA NA NA NA NA 136 136 175 175 286 290 235 241 216 218 169 173 251 251 212 216
3471 NA 927 NA NA NA NA NA NA NA NA NA NA NA NA NA NA NA NA 136 138 175 175 288 288 233 235 211 220 169 169 247 251 224 228
1160 NA 927 NA NA NA NA NA NA NA NA NA NA NA NA NA NA NA NA 136 138 175 175 288 288 233 235 211 220 169 169 247 251 224 228
1699 NA 934 NA NA NA NA NA NA NA NA NA NA NA NA NA NA NA NA 136 136 188 188 265 288 228 241 218 218 169 169 251 251 220 224
2947 NA 934 NA NA NA NA NA NA NA NA NA NA NA NA NA NA NA NA 136 136 188 188 265 288 228 241 218 218 169 169 251 251 220 224
3405 NA 934 NA NA NA NA NA NA NA NA NA NA NA NA NA NA NA NA 136 136 188 188 265 288 228 241 218 218 169 169 251 251 220 224
2937 NA 934 NA NA NA NA NA NA NA NA NA NA NA NA NA NA NA NA 136 136 188 188 265 288 228 241 218 218 169 169 251 251 220 224
2785 NA 967 NA NA NA NA NA NA NA NA NA NA NA NA NA NA NA NA 136 136 175 190 284 290 231 231 216 218 169 173 255 255 212 224
1990 NA 997 NA NA NA NA NA NA NA NA NA NA NA NA NA NA NA NA 136 138 184 188 268 286 235 237 216 220 165 173 255 259 220 220
1241 NA 997 NA NA NA NA NA NA NA NA NA NA NA NA NA NA NA NA 136 138 184 188 268 286 235 237 216 220 165 173 255 259 220 220
2775 NA 997 NA NA NA NA NA NA NA NA NA NA NA NA NA NA NA NA 136 138 184 188 268 286 235 237 216 220 165 173 255 259 220 220
2091 NA 1011 NA NA NA NA NA NA NA NA NA NA NA NA NA NA NA NA 134 136 184 186 268 293 235 239 211 216 169 173 251 251 216 224
3995 NA 1025 NA NA NA NA NA NA NA NA NA NA NA NA NA NA NA NA 136 136 0 0 288 288 233 235 218 218 0 0 238 243 220 224
2309 NA 1025 NA NA NA NA NA NA NA NA NA NA NA NA NA NA NA NA 136 136 0 0 288 288 233 235 218 218 0 0 238 243 220 224
3104 NA 1025 NA NA NA NA NA NA NA NA NA NA NA NA NA NA NA NA 136 136 0 0 288 288 233 235 218 218 0 0 238 243 220 224
1980 NA 1037 NA NA NA NA NA NA NA NA NA NA NA NA NA NA NA NA 125 136 183 190 268 284 235 239 216 218 169 169 247 251 220 224
3502 NA 1037 NA NA NA NA NA NA NA NA NA NA NA NA NA NA NA NA 125 136 183 190 268 284 235 239 216 218 169 169 247 251 220 224
1995 NA 1047 NA NA NA NA NA NA NA NA NA NA NA NA NA NA NA NA 136 136 188 188 268 288 229 235 216 216 173 173 238 251 216 232
1199 NA 1047 NA NA NA NA NA NA NA NA NA NA NA NA NA NA NA NA 136 136 188 188 268 288 229 235 216 216 173 173 238 251 216 232
1997 NA 1047 NA NA NA NA NA NA NA NA NA NA NA NA NA NA NA NA 136 136 188 188 268 288 229 235 216 216 173 173 238 251 216 232
1233 NA 1048 NA NA NA NA NA NA NA NA NA NA NA NA NA NA NA NA 136 136 186 186 268 268 228 233 220 220 177 177 251 255 216 224
4036 NA 1048 NA NA NA NA NA NA NA NA NA NA NA NA NA NA NA NA 136 136 186 186 268 268 228 233 220 220 177 177 251 255 216 224
1989 NA 1053 NA NA NA NA NA NA NA NA NA NA NA NA NA NA NA NA 136 136 175 188 265 284 228 243 216 218 169 173 251 255 220 224
1242 NA 1053 NA NA NA NA NA NA NA NA NA NA NA NA NA NA NA NA 136 136 175 188 265 284 228 243 216 218 169 173 251 255 220 224
3037 NA 1066 NA NA NA NA NA NA NA NA NA NA NA NA NA NA NA NA 136 138 175 190 265 288 237 239 211 216 169 173 238 251 216 220
3101 NA 1067 NA NA NA NA NA NA NA NA NA NA NA NA NA NA NA NA 136 136 188 188 284 293 231 241 216 216 169 169 247 251 216 220
4009 NA 1067 NA NA NA NA NA NA NA NA NA NA NA NA NA NA NA NA 136 136 188 188 284 293 231 241 216 216 169 169 247 251 216 220
2242 NA 1070 NA NA NA NA NA NA NA NA NA NA NA NA NA NA NA NA 136 138 186 186 265 284 229 229 216 216 169 169 234 255 220 224
2248 NA 1075 NA NA NA NA NA NA NA NA NA NA NA NA NA NA NA NA 136 146 186 188 286 288 229 233 216 220 169 169 234 255 216 224
1359 NA 1075 NA NA NA NA NA NA NA NA NA NA NA NA NA NA NA NA 136 146 186 188 286 288 229 233 216 220 169 169 234 255 216 224
2243 NA 1075 NA NA NA NA NA NA NA NA NA NA NA NA NA NA NA NA 136 146 186 188 286 288 229 233 216 220 169 169 234 255 216 224
2236 NA 1082 NA NA NA NA NA NA NA NA NA NA NA NA NA NA NA NA 136 138 184 186 268 290 229 231 216 216 169 173 255 255 212 220
2990 NA 1082 NA NA NA NA NA NA NA NA NA NA NA NA NA NA NA NA 136 138 184 186 268 290 229 231 216 216 169 173 255 255 212 220
1353 NA 1082 NA NA NA NA NA NA NA NA NA NA NA NA NA NA NA NA 136 138 184 186 268 290 229 231 216 216 169 173 255 255 212 220
2231 NA 1085 NA NA NA NA NA NA NA NA NA NA NA NA NA NA NA NA 136 136 186 188 268 284 239 239 216 216 169 169 234 234 212 220
2082 NA 1087 NA NA NA NA NA NA NA NA NA NA NA NA NA NA NA NA 136 146 184 186 268 288 235 239 216 220 169 169 238 251 220 220
1230 NA 1088 NA NA NA NA NA NA NA NA NA NA NA NA NA NA NA NA 136 136 175 188 284 290 241 241 216 216 169 173 238 251 220 220
2101 NA 1090 NA NA NA NA NA NA NA NA NA NA NA NA NA NA NA NA 136 136 184 186 288 288 229 235 211 216 169 169 251 259 212 224
1348 NA 1090 NA NA NA NA NA NA NA NA NA NA NA NA NA NA NA NA 136 136 184 186 288 288 229 235 211 216 169 169 251 259 212 224
2085 NA 1094 NA NA NA NA NA NA NA NA NA NA NA NA NA NA NA NA 136 136 183 186 284 288 229 233 211 216 169 169 255 259 220 224
4044 NA 1094 NA NA NA NA NA NA NA NA NA NA NA NA NA NA NA NA 136 136 183 186 284 288 229 233 211 216 169 169 255 259 220 224
1225 NA 1095 NA NA NA NA NA NA NA NA NA NA NA NA NA NA NA NA 136 136 186 186 268 290 237 239 216 220 169 177 243 251 216 220
2314 NA 1095 NA NA NA NA NA NA NA NA NA NA NA NA NA NA NA NA 136 136 186 186 268 290 237 239 216 220 169 177 243 251 216 220
1366 NA 1100 NA NA NA NA NA NA NA NA NA NA NA NA NA NA NA NA 136 136 186 186 265 268 231 241 211 216 169 181 255 263 216 228
3992 NA 1100 NA NA NA NA NA NA NA NA NA NA NA NA NA NA NA NA 136 136 186 186 265 268 231 241 211 216 169 181 255 263 216 228
3125 NA 1100 NA NA NA NA NA NA NA NA NA NA NA NA NA NA NA NA 136 136 186 186 265 268 231 241 211 216 169 181 255 263 216 228
2982 NA 1103 NA NA NA NA NA NA NA NA NA NA NA NA NA NA NA NA 134 146 184 188 268 288 229 233 211 218 169 177 251 255 220 224
2096 NA 1103 NA NA NA NA NA NA NA NA NA NA NA NA NA NA NA NA 134 146 184 188 268 288 229 233 211 218 169 177 251 255 220 224
1379 NA 1103 NA NA NA NA NA NA NA NA NA NA NA NA NA NA NA NA 134 146 184 188 268 288 229 233 211 218 169 177 251 255 220 224
2316 NA 1105 NA NA NA NA NA NA NA NA NA NA NA NA NA NA NA NA 136 136 188 188 268 288 229 237 216 216 169 169 234 259 220 220
4032 NA 1105 NA NA NA NA NA NA NA NA NA NA NA NA NA NA NA NA 136 136 188 188 268 288 229 237 216 216 169 169 234 259 220 220
1229 NA 1106 NA NA NA NA NA NA NA NA NA NA NA NA NA NA NA NA 136 136 188 188 286 288 237 241 218 218 165 177 251 259 216 224
3121 NA 1109 NA NA NA NA NA NA NA NA NA NA NA NA NA NA NA NA 136 136 175 188 268 284 235 235 216 216 173 177 259 263 220 220
1341 NA 1109 NA NA NA NA NA NA NA NA NA NA NA NA NA NA NA NA 136 136 175 188 268 284 235 235 216 216 173 177 259 263 220 220
2264 NA 1109 NA NA NA NA NA NA NA NA NA NA NA NA NA NA NA NA 136 136 175 188 268 284 235 235 216 216 173 177 259 263 220 220
1384 NA 1116 NA NA NA NA NA NA NA NA NA NA NA NA NA NA NA NA 125 125 177 186 268 288 231 235 216 220 169 181 234 255 208 220
1385 NA 1116 NA NA NA NA NA NA NA NA NA NA NA NA NA NA NA NA 125 125 177 186 268 288 231 235 216 220 169 181 234 255 208 220
3313 NA 1116 NA NA NA NA NA NA NA NA NA NA NA NA NA NA NA NA 125 125 177 186 268 288 231 235 216 220 169 181 234 255 208 220
2244 NA 1119 NA NA NA NA NA NA NA NA NA NA NA NA NA NA NA NA 136 138 186 186 268 290 231 231 216 216 0 0 255 255 212 220
3463 NA 1124 NA NA NA NA NA NA NA NA NA NA NA NA NA NA NA NA 136 136 186 186 265 265 229 229 210 220 169 169 251 251 220 220
2078 NA 1124 NA NA NA NA NA NA NA NA NA NA NA NA NA NA NA NA 136 136 186 186 265 265 229 229 210 220 169 169 251 251 220 220
2941 NA 1124 NA NA NA NA NA NA NA NA NA NA NA NA NA NA NA NA 136 136 186 186 265 265 229 229 210 220 169 169 251 251 220 220
1378 NA 1124 NA NA NA NA NA NA NA NA NA NA NA NA NA NA NA NA 136 136 186 186 265 265 229 229 210 220 169 169 251 251 220 220
2093 NA 1132 NA NA NA NA NA NA NA NA NA NA NA NA NA NA NA NA 136 138 186 186 284 288 239 239 216 218 169 169 234 238 212 220
3312 NA 1132 NA NA NA NA NA NA NA NA NA NA NA NA NA NA NA NA 136 138 186 186 284 288 239 239 216 218 169 169 234 238 212 220
1992 NA 1173 NA NA NA NA NA NA NA NA NA NA NA NA NA NA NA NA 136 136 173 177 268 288 229 237 216 220 169 177 255 259 224 224
1730 NA 1173 NA NA NA NA NA NA NA NA NA NA NA NA NA NA NA NA 136 136 173 177 268 288 229 237 216 220 169 177 255 259 224 224
2920 NA 1173 NA NA NA NA NA NA NA NA NA NA NA NA NA NA NA NA 136 136 173 177 268 288 229 237 216 220 169 177 255 259 224 224
2618 NA 1400 NA NA NA NA NA NA NA NA NA NA NA NA NA NA NA NA 125 125 186 186 282 282 0 0 211 211 169 173 0 0 216 216
1587 NA 1421 NA NA NA NA NA NA NA NA NA NA NA NA NA NA NA NA 136 138 177 186 268 284 229 235 211 218 169 169 251 255 216 224
2149 NA 1421 NA NA NA NA NA NA NA NA NA NA NA NA NA NA NA NA 136 138 177 186 268 284 229 235 211 218 169 169 251 255 216 224
2159 NA 1431 NA NA NA NA NA NA NA NA NA NA NA NA NA NA NA NA 138 150 186 186 286 288 229 235 211 218 169 169 247 251 212 224
1581 NA 1445 NA NA NA NA NA NA NA NA NA NA NA NA NA NA NA NA 136 136 184 186 265 268 229 233 207 216 169 169 243 255 216 216
2668 NA 1445 NA NA NA NA NA NA NA NA NA NA NA NA NA NA NA NA 136 136 184 186 265 268 229 233 207 216 169 169 243 255 216 216
2700 NA 1451 NA NA NA NA NA NA NA NA NA NA NA NA NA NA NA NA 136 146 183 186 268 268 231 235 216 216 173 173 243 243 220 228
3388 NA 1489 NA NA NA NA NA NA NA NA NA NA NA NA NA NA NA NA 136 150 186 186 284 288 229 229 211 216 169 169 251 251 212 224
1574 NA 1497 NA NA NA NA NA NA NA NA NA NA NA NA NA NA NA NA 136 136 186 186 265 284 229 239 210 210 169 173 243 255 212 220
1577 NA 1505 NA NA NA NA NA NA NA NA NA NA NA NA NA NA NA NA 136 136 184 186 268 288 229 239 210 216 169 169 255 255 216 216
1628 NA 1510 NA NA NA NA NA NA NA NA NA NA NA NA NA NA NA NA 136 138 183 184 268 286 235 237 207 212 173 177 255 259 216 224
2698 NA 1510 NA NA NA NA NA NA NA NA NA NA NA NA NA NA NA NA 136 138 183 184 268 286 235 237 207 212 173 177 255 259 216 224
1583 NA 1513 NA NA NA NA NA NA NA NA NA NA NA NA NA NA NA NA 136 150 186 188 284 284 235 235 216 220 169 173 251 251 212 216
2694 NA 1513 NA NA NA NA NA NA NA NA NA NA NA NA NA NA NA NA 136 150 186 188 284 284 235 235 216 220 169 173 251 251 212 216
1586 NA 1520 NA NA NA NA NA NA NA NA NA NA NA NA NA NA NA NA 125 134 186 188 265 268 229 237 207 218 169 169 251 251 216 220
1624 NA 1520 NA NA NA NA NA NA NA NA NA NA NA NA NA NA NA NA 125 134 186 188 265 268 229 237 207 218 169 169 251 251 216 220
1601 NA 1526 NA NA NA NA NA NA NA NA NA NA NA NA NA NA NA NA 125 136 184 186 265 268 235 237 212 218 169 177 247 251 216 220
1592 NA 1566 NA NA NA NA NA NA NA NA NA NA NA NA NA NA NA NA 136 136 177 186 268 284 235 239 211 216 169 173 251 259 212 224
465 NA 1610 NA NA NA NA NA NA NA NA NA NA NA NA NA NA NA NA 136 136 188 188 268 286 235 241 220 222 169 173 247 251 216 220
2866 NA 1610 NA NA NA NA NA NA NA NA NA NA NA NA NA NA NA NA 136 136 188 188 268 286 235 241 220 222 169 173 247 251 216 220
2300 NA 1635 NA NA NA NA NA NA NA NA NA NA NA NA NA NA NA NA 125 136 186 188 288 288 233 235 211 211 173 173 243 247 216 220
279 NA 1638 NA NA NA NA NA NA NA NA NA NA NA NA NA NA NA NA 136 138 188 190 265 268 235 241 211 216 165 169 234 255 216 220
1234 NA 1679 NA NA NA NA NA NA NA NA NA NA NA NA NA NA NA NA 136 138 175 186 288 293 224 229 216 218 173 173 243 251 220 228
1983 NA 1679 NA NA NA NA NA NA NA NA NA NA NA NA NA NA NA NA 136 138 175 186 288 293 224 229 216 218 173 173 243 251 220 228
2712 NA 1679 NA NA NA NA NA NA NA NA NA NA NA NA NA NA NA NA 136 138 175 186 288 293 224 229 216 218 173 173 243 251 220 228
1247 NA 1679 NA NA NA NA NA NA NA NA NA NA NA NA NA NA NA NA 136 138 175 186 288 293 224 229 216 218 173 173 243 251 220 228
2724 NA 1679 NA NA NA NA NA NA NA NA NA NA NA NA NA NA NA NA 136 138 175 186 288 293 224 229 216 218 173 173 243 251 220 228
1221 NA 1681 NA NA NA NA NA NA NA NA NA NA NA NA NA NA NA NA 125 136 177 186 265 268 237 241 211 218 169 173 238 255 220 224
2719 NA 1681 NA NA NA NA NA NA NA NA NA NA NA NA NA NA NA NA 125 136 177 186 265 268 237 241 211 218 169 173 238 255 220 224
1994 NA 1681 NA NA NA NA NA NA NA NA NA NA NA NA NA NA NA NA 125 136 177 186 265 268 237 241 211 218 169 173 238 255 220 224
2715 NA 1681 NA NA NA NA NA NA NA NA NA NA NA NA NA NA NA NA 125 136 177 186 265 268 237 241 211 218 169 173 238 255 220 224
2924 NA 1684 NA NA NA NA NA NA NA NA NA NA NA NA NA NA NA NA 142 146 186 188 268 268 237 241 216 218 169 173 247 251 216 224
3417 NA 1684 NA NA NA NA NA NA NA NA NA NA NA NA NA NA NA NA 142 146 186 188 268 268 237 241 216 218 169 173 247 251 216 224
1986 NA 1684 NA NA NA NA NA NA NA NA NA NA NA NA NA NA NA NA 142 146 186 188 268 268 237 241 216 218 169 173 247 251 216 224
422 NA 1684 NA NA NA NA NA NA NA NA NA NA NA NA NA NA NA NA 142 146 186 188 268 268 237 241 216 218 169 173 247 251 216 224
1756 NA 1698 NA NA NA NA NA NA NA NA NA NA NA NA NA NA NA NA 136 142 175 175 268 288 231 233 216 220 169 169 255 263 224 228
2946 NA 1698 NA NA NA NA NA NA NA NA NA NA NA NA NA NA NA NA 136 142 175 175 268 288 231 233 216 220 169 169 255 263 224 228
2645 NA 1719 NA NA NA NA NA NA NA NA NA NA NA NA NA NA NA NA 136 138 175 188 288 290 229 229 216 216 169 177 243 251 220 224
1058 NA 1736 NA NA NA NA NA NA NA NA NA NA NA NA NA NA NA NA 138 138 188 188 268 288 241 241 211 218 169 169 251 263 216 220
1190 NA 1739 NA NA NA NA NA NA NA NA NA NA NA NA NA NA NA NA 136 136 175 186 288 288 228 229 211 216 169 173 243 251 224 224
1010 NA 1769 NA NA NA NA NA NA NA NA NA NA NA NA NA NA NA NA 136 136 175 186 286 288 231 239 216 216 0 0 238 251 220 224
3925 NA 1769 NA NA NA NA NA NA NA NA NA NA NA NA NA NA NA NA 136 136 175 186 286 288 231 239 216 216 0 0 238 251 220 224
3982 NA 1791 NA NA NA NA NA NA NA NA NA NA NA NA NA NA NA NA 138 138 175 188 268 288 229 231 216 216 169 169 243 251 224 232
543 NA 1791 NA NA NA NA NA NA NA NA NA NA NA NA NA NA NA NA 138 138 175 188 268 288 229 231 216 216 169 169 243 251 224 232
2194 NA 1791 NA NA NA NA NA NA NA NA NA NA NA NA NA NA NA NA 138 138 175 188 268 288 229 231 216 216 169 169 243 251 224 232
2211 NA 1792 NA NA NA NA NA NA NA NA NA NA NA NA NA NA NA NA 136 136 186 190 268 286 229 235 216 220 169 173 247 263 224 228
546 NA 1794 NA NA NA NA NA NA NA NA NA NA NA NA NA NA NA NA 136 136 173 188 288 288 228 235 211 220 169 169 259 259 216 224
539 NA 1795 NA NA NA NA NA NA NA NA NA NA NA NA NA NA NA NA 136 136 175 177 268 268 237 239 216 216 0 0 247 247 224 224
332 NA 1809 NA NA NA NA NA NA NA NA NA NA NA NA NA NA NA NA 136 136 177 188 268 288 235 237 216 216 169 169 251 251 232 232
3365 NA 1826 NA NA NA NA NA NA NA NA NA NA NA NA NA NA NA NA 136 138 175 186 288 290 229 231 216 218 169 177 238 251 216 216
401 NA 1826 NA NA NA NA NA NA NA NA NA NA NA NA NA NA NA NA 136 138 175 186 288 290 229 231 216 218 169 177 238 251 216 216
2239 NA 1832 NA NA NA NA NA NA NA NA NA NA NA NA NA NA NA NA 136 136 184 186 268 288 233 235 210 211 169 173 251 251 212 212
4040 NA 1832 NA NA NA NA NA NA NA NA NA NA NA NA NA NA NA NA 136 136 184 186 268 288 233 235 210 211 169 173 251 251 212 212
1349 NA 1832 NA NA NA NA NA NA NA NA NA NA NA NA NA NA NA NA 136 136 184 186 268 288 233 235 210 211 169 173 251 251 212 212
2198 NA 1833 NA NA NA NA NA NA NA NA NA NA NA NA NA NA NA NA 136 136 175 175 268 288 229 237 216 220 169 169 251 255 216 232
2225 NA 1833 NA NA NA NA NA NA NA NA NA NA NA NA NA NA NA NA 136 136 175 175 268 288 229 237 216 220 169 169 251 255 216 232
420 NA 1833 NA NA NA NA NA NA NA NA NA NA NA NA NA NA NA NA 136 136 175 175 268 288 229 237 216 220 169 169 251 255 216 232
4025 NA 1834 NA NA NA NA NA NA NA NA NA NA NA NA NA NA NA NA 125 136 184 186 288 288 233 239 220 220 177 181 234 255 212 224
3358 NA 1849 NA NA NA NA NA NA NA NA NA NA NA NA NA NA NA NA 136 136 186 186 286 286 229 229 211 211 177 177 251 251 216 216
2680 NA 1849 NA NA NA NA NA NA NA NA NA NA NA NA NA NA NA NA 136 136 186 186 286 286 229 229 211 211 177 177 251 251 216 216
4035 NA 1861 NA NA NA NA NA NA NA NA NA NA NA NA NA NA NA NA 125 146 186 188 284 288 228 229 216 216 169 169 243 243 216 220
1237 NA 1867 NA NA NA NA NA NA NA NA NA NA NA NA NA NA NA NA 125 134 186 190 268 268 231 235 218 226 169 173 238 259 220 224
4026 NA 1867 NA NA NA NA NA NA NA NA NA NA NA NA NA NA NA NA 125 134 186 190 268 268 231 235 218 226 169 173 238 259 220 224
2288 NA 1867 NA NA NA NA NA NA NA NA NA NA NA NA NA NA NA NA 125 134 186 190 268 268 231 235 218 226 169 173 238 259 220 224
1260 NA 1873 NA NA NA NA NA NA NA NA NA NA NA NA NA NA NA NA 146 146 186 186 268 268 241 241 211 211 169 169 251 255 224 228
3116 NA 1873 NA NA NA NA NA NA NA NA NA NA NA NA NA NA NA NA 146 146 186 186 268 268 241 241 211 211 169 169 251 255 224 228
4027 NA 1873 NA NA NA NA NA NA NA NA NA NA NA NA NA NA NA NA 146 146 186 186 268 268 241 241 211 211 169 169 251 255 224 228
4015 NA 1890 NA NA NA NA NA NA NA NA NA NA NA NA NA NA NA NA 142 146 177 188 265 288 229 237 218 220 169 169 243 259 216 220
1250 NA 1890 NA NA NA NA NA NA NA NA NA NA NA NA NA NA NA NA 142 146 177 188 265 288 229 237 218 220 169 169 243 259 216 220
3093 NA 1897 NA NA NA NA NA NA NA NA NA NA NA NA NA NA NA NA 136 138 175 186 268 290 235 241 211 216 169 173 243 263 216 228
3111 NA 1899 NA NA NA NA NA NA NA NA NA NA NA NA NA NA NA NA 136 138 186 186 268 268 237 241 211 220 169 177 247 247 220 220
1240 NA 1899 NA NA NA NA NA NA NA NA NA NA NA NA NA NA NA NA 136 138 186 186 268 268 237 241 211 220 169 177 247 247 220 220
4031 NA 1899 NA NA NA NA NA NA NA NA NA NA NA NA NA NA NA NA 136 138 186 186 268 268 237 241 211 220 169 177 247 247 220 220
1249 NA 1902 NA NA NA NA NA NA NA NA NA NA NA NA NA NA NA NA 138 146 186 188 265 288 228 237 211 216 169 169 259 259 224 228
1953 NA 1923 NA NA NA NA NA NA NA NA NA NA NA NA NA NA NA NA 136 136 186 190 268 268 229 239 211 220 169 173 243 255 216 232
2905 NA 1923 NA NA NA NA NA NA NA NA NA NA NA NA NA NA NA NA 136 136 186 190 268 268 229 239 211 220 169 173 243 255 216 232
171 NA 1923 NA NA NA NA NA NA NA NA NA NA NA NA NA NA NA NA 136 136 186 190 268 268 229 239 211 220 169 173 243 255 216 232
268 NA 1928 NA NA NA NA NA NA NA NA NA NA NA NA NA NA NA NA 134 138 186 188 268 268 228 231 216 216 169 173 247 259 224 232
3719 NA 2032 NA NA NA NA NA NA NA NA NA NA NA NA NA NA NA NA 125 125 175 177 268 284 233 235 216 220 169 173 251 263 216 220
2002 NA 2032 NA NA NA NA NA NA NA NA NA NA NA NA NA NA NA NA 125 125 175 177 268 284 233 235 216 220 169 173 251 263 216 220
825 NA 2107 NA NA NA NA NA NA NA NA NA NA NA NA NA NA NA NA 136 136 173 183 265 268 233 235 218 220 165 169 259 263 216 224
3052 NA 2107 NA NA NA NA NA NA NA NA NA NA NA NA NA NA NA NA 136 136 173 183 265 268 233 235 218 220 165 169 259 263 216 224
810 NA 2107 NA NA NA NA NA NA NA NA NA NA NA NA NA NA NA NA 136 136 173 183 265 268 233 235 218 220 165 169 259 263 216 224
2114 NA 2108 NA NA NA NA NA NA NA NA NA NA NA NA NA NA NA NA 125 138 186 188 265 268 228 235 218 220 169 169 243 263 220 228
3694 NA 2132 NA NA NA NA NA NA NA NA NA NA NA NA NA NA NA NA 134 136 177 186 268 290 233 235 216 220 169 169 251 263 220 220
461 NA 2139 NA NA NA NA NA NA NA NA NA NA NA NA NA NA NA NA 125 136 175 175 268 284 231 237 216 216 169 173 243 247 220 220
169 NA 2144 NA NA NA NA NA NA NA NA NA NA NA NA NA NA NA NA 134 136 188 188 268 288 231 235 218 222 177 177 255 255 220 220
3617 NA 2144 NA NA NA NA NA NA NA NA NA NA NA NA NA NA NA NA 134 136 188 188 268 288 231 235 218 222 177 177 255 255 220 220
2795 NA 2146 NA NA NA NA NA NA NA NA NA NA NA NA NA NA NA NA 134 136 175 177 268 288 233 235 216 220 169 173 247 251 216 232
459 NA 2345 NA NA NA NA NA NA NA NA NA NA NA NA NA NA NA NA 136 148 186 190 268 268 228 241 211 218 173 173 243 251 216 220
2813 NA 2345 NA NA NA NA NA NA NA NA NA NA NA NA NA NA NA NA 136 148 186 190 268 268 228 241 211 218 173 173 243 251 216 220
2006 NA 2364 NA NA NA NA NA NA NA NA NA NA NA NA NA NA NA NA 125 138 175 177 284 288 229 233 216 216 173 173 251 263 216 224
2013 NA 2364 NA NA NA NA NA NA NA NA NA NA NA NA NA NA NA NA 125 138 175 177 284 288 229 233 216 216 173 173 251 263 216 224
1336 NA 2380 NA NA NA NA NA NA NA NA NA NA NA NA NA NA NA NA 136 136 175 190 265 286 231 237 216 216 169 169 243 251 216 220
2789 NA 2383 NA NA NA NA NA NA NA NA NA NA NA NA NA NA NA NA 136 136 188 190 265 288 235 237 220 220 169 169 247 255 224 232
890 NA 2383 NA NA NA NA NA NA NA NA NA NA NA NA NA NA NA NA 136 136 188 190 265 288 235 237 220 220 169 169 247 255 224 232
886 NA 2401 NA NA NA NA NA NA NA NA NA NA NA NA NA NA NA NA 136 138 175 184 286 288 231 233 216 218 169 177 247 259 224 232
2768 NA 2401 NA NA NA NA NA NA NA NA NA NA NA NA NA NA NA NA 136 138 175 184 286 288 231 233 216 218 169 177 247 259 224 232
2284 NA 2401 NA NA NA NA NA NA NA NA NA NA NA NA NA NA NA NA 136 138 175 184 286 288 231 233 216 218 169 177 247 259 224 232
2648 NA 2403 NA NA NA NA NA NA NA NA NA NA NA NA NA NA NA NA 136 136 175 188 290 290 233 233 211 211 173 173 243 247 216 224
1404 NA 2403 NA NA NA NA NA NA NA NA NA NA NA NA NA NA NA NA 136 136 175 188 290 290 233 233 211 211 173 173 243 247 216 224
2631 NA 2403 NA NA NA NA NA NA NA NA NA NA NA NA NA NA NA NA 136 136 175 188 290 290 233 233 211 211 173 173 243 247 216 224
2299 NA 2403 NA NA NA NA NA NA NA NA NA NA NA NA NA NA NA NA 136 136 175 188 290 290 233 233 211 211 173 173 243 247 216 224
3994 NA 2429 NA NA NA NA NA NA NA NA NA NA NA NA NA NA NA NA 134 138 177 188 268 268 235 237 220 220 169 173 243 255 224 232
3991 NA 2430 NA NA NA NA NA NA NA NA NA NA NA NA NA NA NA NA 136 136 186 188 268 288 228 235 218 220 169 173 238 259 216 220
2246 NA 2470 NA NA NA NA NA NA NA NA NA NA NA NA NA NA NA NA 136 146 186 186 288 290 229 235 216 220 169 169 247 259 212 220
59 NA 2472 NA NA NA NA NA NA NA NA NA NA NA NA NA NA NA NA 125 138 177 188 286 288 228 237 211 216 165 169 251 259 220 224
3766 NA 2472 NA NA NA NA NA NA NA NA NA NA NA NA NA NA NA NA 125 138 177 188 286 288 228 237 211 216 165 169 251 259 220 224
78 NA 2480 NA NA NA NA NA NA NA NA NA NA NA NA NA NA NA NA 136 136 183 188 288 290 233 235 220 220 165 173 247 263 216 220
3771 NA 2480 NA NA NA NA NA NA NA NA NA NA NA NA NA NA NA NA 136 136 183 188 288 290 233 235 220 220 165 173 247 263 216 220
2702 NA 2480 NA NA NA NA NA NA NA NA NA NA NA NA NA NA NA NA 136 136 183 188 288 290 233 235 220 220 165 173 247 263 216 220
3452 NA 2484 NA NA NA NA NA NA NA NA NA NA NA NA NA NA NA NA 136 142 188 188 268 288 235 241 211 216 173 177 247 259 224 228
2641 NA 2484 NA NA NA NA NA NA NA NA NA NA NA NA NA NA NA NA 136 142 188 188 268 288 235 241 211 216 173 177 247 259 224 228
3458 NA 2508 NA NA NA NA NA NA NA NA NA NA NA NA NA NA NA NA 136 136 175 190 265 284 237 239 216 218 169 173 255 259 216 224
1206 NA 2508 NA NA NA NA NA NA NA NA NA NA NA NA NA NA NA NA 136 136 175 190 265 284 237 239 216 218 169 173 255 259 216 224
962 NA 2509 NA NA NA NA NA NA NA NA NA NA NA NA NA NA NA NA 136 138 175 177 0 0 224 239 211 216 169 169 251 251 220 224
179 NA 2545 NA NA NA NA NA NA NA NA NA NA NA NA NA NA NA NA 136 136 175 183 284 288 237 241 216 218 169 173 251 251 216 232
2305 NA 2545 NA NA NA NA NA NA NA NA NA NA NA NA NA NA NA NA 136 136 175 183 284 288 237 241 216 218 169 173 251 251 216 232
3065 NA 2579 NA NA NA NA NA NA NA NA NA NA NA NA NA NA NA NA 136 146 184 186 268 288 229 229 211 216 169 177 234 234 212 216
3427 NA 2579 NA NA NA NA NA NA NA NA NA NA NA NA NA NA NA NA 136 146 184 186 268 288 229 229 211 216 169 177 234 234 212 216
3953 NA 2612 NA NA NA NA NA NA NA NA NA NA NA NA NA NA NA NA 125 136 175 186 286 286 229 229 211 216 169 169 243 259 220 224
3924 NA 2621 NA NA NA NA NA NA NA NA NA NA NA NA NA NA NA NA 136 136 188 190 286 290 229 237 216 216 169 173 243 251 216 224
2043 NA 2621 NA NA NA NA NA NA NA NA NA NA NA NA NA NA NA NA 136 136 188 190 286 290 229 237 216 216 169 173 243 251 216 224
958 NA 2621 NA NA NA NA NA NA NA NA NA NA NA NA NA NA NA NA 136 136 188 190 286 290 229 237 216 216 169 173 243 251 216 224
2041 NA 2635 NA NA NA NA NA NA NA NA NA NA NA NA NA NA NA NA 136 136 175 190 0 0 235 235 216 218 173 173 259 259 216 224
3942 NA 2635 NA NA NA NA NA NA NA NA NA NA NA NA NA NA NA NA 136 136 175 190 0 0 235 235 216 218 173 173 259 259 216 224
4011 NA 2758 NA NA NA NA NA NA NA NA NA NA NA NA NA NA NA NA 136 136 188 190 290 290 229 237 220 220 173 177 247 251 216 224
3685 NA 2820 NA NA NA NA NA NA NA NA NA NA NA NA NA NA NA NA 136 136 175 177 288 290 233 241 216 216 169 173 255 263 216 228
191 NA 2820 NA NA NA NA NA NA NA NA NA NA NA NA NA NA NA NA 136 136 175 177 288 290 233 241 216 216 169 173 255 263 216 228
2819 NA 2820 NA NA NA NA NA NA NA NA NA NA NA NA NA NA NA NA 136 136 175 177 288 290 233 241 216 216 169 173 255 263 216 228
2910 NA 2839 NA NA NA NA NA NA NA NA NA NA NA NA NA NA NA NA 134 136 175 188 268 288 235 239 216 222 169 177 255 263 224 232
470 NA 2855 NA NA NA NA NA NA NA NA NA NA NA NA NA NA NA NA 136 146 188 188 0 0 231 241 211 216 165 173 251 255 212 224
3408 NA 2921 NA NA NA NA NA NA NA NA NA NA NA NA NA NA NA NA 125 136 175 177 286 290 224 237 211 211 165 173 251 251 216 224
3407 NA 2931 NA NA NA NA NA NA NA NA NA NA NA NA NA NA NA NA 136 136 186 188 268 288 235 241 218 220 169 169 238 251 224 228
1660 NA 2932 NA NA NA NA NA NA NA NA NA NA NA NA NA NA NA NA 136 136 186 186 284 286 229 241 216 220 169 169 251 255 212 216
1749 NA 3003 NA NA NA NA NA NA NA NA NA NA NA NA NA NA NA NA 136 138 183 184 265 268 237 241 216 220 169 169 247 251 212 224
3400 NA 3003 NA NA NA NA NA NA NA NA NA NA NA NA NA NA NA NA 136 138 183 184 265 268 237 241 216 220 169 169 247 251 212 224
1746 NA 3011 NA NA NA NA NA NA NA NA NA NA NA NA NA NA NA NA 136 146 183 186 288 288 228 239 216 216 169 181 251 255 224 228
1171 NA 3011 NA NA NA NA NA NA NA NA NA NA NA NA NA NA NA NA 136 146 183 186 288 288 228 239 216 216 169 181 251 255 224 228
3385 NA 3011 NA NA NA NA NA NA NA NA NA NA NA NA NA NA NA NA 136 146 183 186 288 288 228 239 216 216 169 181 251 255 224 228
3039 NA 3043 NA NA NA NA NA NA NA NA NA NA NA NA NA NA NA NA 138 138 183 190 268 288 228 235 211 218 169 181 243 251 220 228
3436 NA 3043 NA NA NA NA NA NA NA NA NA NA NA NA NA NA NA NA 138 138 183 190 268 288 228 235 211 218 169 181 243 251 220 228
2219 NA 3176 NA NA NA NA NA NA NA NA NA NA NA NA NA NA NA NA 136 136 184 186 268 284 235 235 210 216 173 177 238 255 216 228
423 NA 3176 NA NA NA NA NA NA NA NA NA NA NA NA NA NA NA NA 136 136 184 186 268 284 235 235 210 216 173 177 238 255 216 228
2241 NA 3176 NA NA NA NA NA NA NA NA NA NA NA NA NA NA NA NA 136 136 184 186 268 284 235 235 210 216 173 177 238 255 216 228
4039 NA 3176 NA NA NA NA NA NA NA NA NA NA NA NA NA NA NA NA 136 136 184 186 268 284 235 235 210 216 173 177 238 255 216 228
1602 NA 3184 NA NA NA NA NA NA NA NA NA NA NA NA NA NA NA NA 125 125 177 184 0 0 229 229 211 216 169 177 247 255 212 216
2175 NA 3184 NA NA NA NA NA NA NA NA NA NA NA NA NA NA NA NA 125 125 177 184 0 0 229 229 211 216 169 177 247 255 212 216
1947 NA 3236 NA NA NA NA NA NA NA NA NA NA NA NA NA NA NA NA 136 146 175 190 268 288 228 233 216 220 165 169 247 259 220 228
1667 NA 3236 NA NA NA NA NA NA NA NA NA NA NA NA NA NA NA NA 136 146 175 190 268 288 228 233 216 220 165 169 247 259 220 228
2974 NA 3319 NA NA NA NA NA NA NA NA NA NA NA NA NA NA NA NA 136 136 177 186 268 284 233 235 216 220 169 181 234 259 220 224
2237 NA 3319 NA NA NA NA NA NA NA NA NA NA NA NA NA NA NA NA 136 136 177 186 268 284 233 235 216 220 169 181 234 259 220 224
3397 NA 3389 NA NA NA NA NA NA NA NA NA NA NA NA NA NA NA NA 136 136 186 186 265 284 235 239 211 211 169 173 243 255 212 216
2713 NA 3391 NA NA NA NA NA NA NA NA NA NA NA NA NA NA NA NA 146 146 175 186 0 0 237 237 216 220 169 173 243 243 224 224
3425 NA 3421 NA NA NA NA NA NA NA NA NA NA NA NA NA NA NA NA 125 136 184 188 286 288 228 229 216 220 169 169 247 255 212 212
3061 NA 3421 NA NA NA NA NA NA NA NA NA NA NA NA NA NA NA NA 125 136 184 188 286 288 228 229 216 220 169 169 247 255 212 212
2277 NA 3421 NA NA NA NA NA NA NA NA NA NA NA NA NA NA NA NA 125 136 184 188 286 288 228 229 216 220 169 169 247 255 212 212
3446 NA 3440 NA NA NA NA NA NA NA NA NA NA NA NA NA NA NA NA 125 136 175 183 286 290 235 235 211 220 169 177 255 259 216 220
827 NA 3440 NA NA NA NA NA NA NA NA NA NA NA NA NA NA NA NA 125 136 175 183 286 290 235 235 211 220 169 177 255 259 216 220
805 NA 3440 NA NA NA NA NA NA NA NA NA NA NA NA NA NA NA NA 125 136 175 183 286 290 235 235 211 220 169 177 255 259 216 220
673 NA 3538 NA NA NA NA NA NA NA NA NA NA NA NA NA NA NA NA 0 0 177 177 268 284 228 228 0 0 169 173 247 255 220 228
2873 NA 3538 NA NA NA NA NA NA NA NA NA NA NA NA NA NA NA NA 0 0 177 177 268 284 228 228 0 0 169 173 247 255 220 228
3626 NA 3538 NA NA NA NA NA NA NA NA NA NA NA NA NA NA NA NA 0 0 177 177 268 284 228 228 0 0 169 173 247 255 220 228
3993 NA 3550 NA NA NA NA NA NA NA NA NA NA NA NA NA NA NA NA 136 138 186 188 286 290 231 237 211 211 169 177 247 255 216 220
1238 NA 3550 NA NA NA NA NA NA NA NA NA NA NA NA NA NA NA NA 136 138 186 188 286 290 231 237 211 211 169 177 247 255 216 220
3714 NA 3558 NA NA NA NA NA NA NA NA NA NA NA NA NA NA NA NA 136 138 175 183 268 268 228 233 216 220 169 169 247 263 216 220
856 NA 3558 NA NA NA NA NA NA NA NA NA NA NA NA NA NA NA NA 136 138 175 183 268 268 228 233 216 220 169 169 247 263 216 220
3707 NA 3558 NA NA NA NA NA NA NA NA NA NA NA NA NA NA NA NA 136 138 175 183 268 268 228 233 216 220 169 169 247 263 216 220
3087 NA 3558 NA NA NA NA NA NA NA NA NA NA NA NA NA NA NA NA 136 138 175 183 268 268 228 233 216 220 169 169 247 263 216 220
1065 NA 3566 NA NA NA NA NA NA NA NA NA NA NA NA NA NA NA NA 125 136 177 186 288 290 233 237 211 218 169 173 251 251 216 224
3934 NA 3566 NA NA NA NA NA NA NA NA NA NA NA NA NA NA NA NA 125 136 177 186 288 290 233 237 211 218 169 173 251 251 216 224
3034 NA 3566 NA NA NA NA NA NA NA NA NA NA NA NA NA NA NA NA 125 136 177 186 288 290 233 237 211 218 169 173 251 251 216 224
3025 NA 3566 NA NA NA NA NA NA NA NA NA NA NA NA NA NA NA NA 125 136 177 186 288 290 233 237 211 218 169 173 251 251 216 224
1014 NA 3566 NA NA NA NA NA NA NA NA NA NA NA NA NA NA NA NA 125 136 177 186 288 290 233 237 211 218 169 173 251 251 216 224
3927 NA 3575 NA NA NA NA NA NA NA NA NA NA NA NA NA NA NA NA 125 146 175 175 265 288 231 241 216 220 173 177 243 255 224 224
2028 NA 3609 NA NA NA NA NA NA NA NA NA NA NA NA NA NA NA NA 136 136 184 186 290 290 231 237 210 210 169 169 251 255 216 220
3705 NA 3609 NA NA NA NA NA NA NA NA NA NA NA NA NA NA NA NA 136 136 184 186 290 290 231 237 210 210 169 169 251 255 216 220
3082 NA 3609 NA NA NA NA NA NA NA NA NA NA NA NA NA NA NA NA 136 136 184 186 290 290 231 237 210 210 169 169 251 255 216 220
3723 NA 3609 NA NA NA NA NA NA NA NA NA NA NA NA NA NA NA NA 136 136 184 186 290 290 231 237 210 210 169 169 251 255 216 220
845 NA 3609 NA NA NA NA NA NA NA NA NA NA NA NA NA NA NA NA 136 136 184 186 290 290 231 237 210 210 169 169 251 255 216 220
1253 NA 3632 NA NA NA NA NA NA NA NA NA NA NA NA NA NA NA NA 134 134 175 186 268 286 229 239 211 216 173 173 243 243 220 224
4022 NA 3728 NA NA NA NA NA NA NA NA NA NA NA NA NA NA NA NA 125 136 175 175 265 288 228 235 216 220 169 169 251 263 220 236
3122 NA 3728 NA NA NA NA NA NA NA NA NA NA NA NA NA NA NA NA 125 136 175 175 265 288 228 235 216 220 169 169 251 263 220 236
2311 NA 3728 NA NA NA NA NA NA NA NA NA NA NA NA NA NA NA NA 125 136 175 175 265 288 228 235 216 220 169 169 251 263 220 236
1254 NA 3728 NA NA NA NA NA NA NA NA NA NA NA NA NA NA NA NA 125 136 175 175 265 288 228 235 216 220 169 169 251 263 220 236
3431 NA 3747 NA NA NA NA NA NA NA NA NA NA NA NA NA NA NA NA 136 136 184 190 268 286 235 235 216 216 169 169 234 251 212 224
3064 NA 3747 NA NA NA NA NA NA NA NA NA NA NA NA NA NA NA NA 136 136 184 190 268 286 235 235 216 216 169 169 234 251 212 224
1573 NA 3762 NA NA NA NA NA NA NA NA NA NA NA NA NA NA NA NA 125 136 184 188 268 268 229 235 207 216 169 169 251 251 216 216
2991 NA 3763 NA NA NA NA NA NA NA NA NA NA NA NA NA NA NA NA 136 136 177 177 268 288 241 241 216 216 169 169 247 247 220 228
2072 NA 3763 NA NA NA NA NA NA NA NA NA NA NA NA NA NA NA NA 136 136 177 177 268 288 241 241 216 216 169 169 247 247 220 228
3951 NA 3763 NA NA NA NA NA NA NA NA NA NA NA NA NA NA NA NA 136 136 177 177 268 288 241 241 216 216 169 169 247 247 220 228
944 NA 3763 NA NA NA NA NA NA NA NA NA NA NA NA NA NA NA NA 136 136 177 177 268 288 241 241 216 216 169 169 247 247 220 228
1003 NA 3763 NA NA NA NA NA NA NA NA NA NA NA NA NA NA NA NA 136 136 177 177 268 288 241 241 216 216 169 169 247 247 220 228
2297 NA 3787 NA NA NA NA NA NA NA NA NA NA NA NA NA NA NA NA 125 136 175 188 265 265 233 239 220 220 169 173 238 251 220 224
3448 NA 3799 NA NA NA NA NA NA NA NA NA NA NA NA NA NA NA NA 138 138 186 188 268 268 235 235 218 218 169 169 263 263 220 228
2115 NA 3799 NA NA NA NA NA NA NA NA NA NA NA NA NA NA NA NA 138 138 186 188 268 268 235 235 218 218 169 169 263 263 220 228
4028 NA 3851 NA NA NA NA NA NA NA NA NA NA NA NA NA NA NA NA 142 142 173 175 284 290 233 235 218 218 169 169 247 251 228 228
3117 NA 3851 NA NA NA NA NA NA NA NA NA NA NA NA NA NA NA NA 142 142 173 175 284 290 233 235 218 218 169 169 247 251 228 228
883 NA 3865 NA NA NA NA NA NA NA NA NA NA NA NA NA NA NA NA 136 136 175 190 268 286 237 237 211 211 173 173 263 263 216 220
3959 NA 3865 NA NA NA NA NA NA NA NA NA NA NA NA NA NA NA NA 136 136 175 190 268 286 237 237 211 211 173 173 263 263 216 220
943 NA 3865 NA NA NA NA NA NA NA NA NA NA NA NA NA NA NA NA 136 136 175 190 268 286 237 237 211 211 173 173 263 263 216 220
3980 NA 3866 NA NA NA NA NA NA NA NA NA NA NA NA NA NA NA NA 136 136 175 188 268 288 229 241 216 220 169 173 251 251 216 220
850 NA 3866 NA NA NA NA NA NA NA NA NA NA NA NA NA NA NA NA 136 136 175 188 268 288 229 241 216 220 169 173 251 251 216 220
2228 NA 3875 NA NA NA NA NA NA NA NA NA NA NA NA NA NA NA NA 136 142 175 190 288 288 233 237 211 218 169 173 255 255 212 216
421 NA 3875 NA NA NA NA NA NA NA NA NA NA NA NA NA NA NA NA 136 142 175 190 288 288 233 237 211 218 169 173 255 255 212 216
3151 NA 3883 NA NA NA NA NA NA NA NA NA NA NA NA NA NA NA NA 136 136 183 188 265 286 231 241 218 220 169 173 247 255 220 220
2183 NA 3883 NA NA NA NA NA NA NA NA NA NA NA NA NA NA NA NA 136 136 183 188 265 286 231 241 218 220 169 173 247 255 220 220
2221 NA 3895 NA NA NA NA NA NA NA NA NA NA NA NA NA NA NA NA 136 136 175 188 286 288 228 228 216 220 169 169 247 255 216 216
4037 NA 3914 NA NA NA NA NA NA NA NA NA NA NA NA NA NA NA NA 136 136 177 186 265 288 233 241 216 220 165 169 243 259 216 220
3139 NA 3914 NA NA NA NA NA NA NA NA NA NA NA NA NA NA NA NA 136 136 177 186 265 288 233 241 216 220 165 169 243 259 216 220
1231 NA 3914 NA NA NA NA NA NA NA NA NA NA NA NA NA NA NA NA 136 136 177 186 265 288 233 241 216 220 165 169 243 259 216 220
2263 NA 3914 NA NA NA NA NA NA NA NA NA NA NA NA NA NA NA NA 136 136 177 186 265 288 233 241 216 220 165 169 243 259 216 220
1262 NA 3931 NA NA NA NA NA NA NA NA NA NA NA NA NA NA NA NA 136 136 175 188 290 290 228 229 228 230 173 173 238 251 216 220
1985 NA 3931 NA NA NA NA NA NA NA NA NA NA NA NA NA NA NA NA 136 136 175 188 290 290 228 229 228 230 173 173 238 251 216 220
2770 NA 3931 NA NA NA NA NA NA NA NA NA NA NA NA NA NA NA NA 136 136 175 188 290 290 228 229 228 230 173 173 238 251 216 220
1202 NA 3931 NA NA NA NA NA NA NA NA NA NA NA NA NA NA NA NA 136 136 175 188 290 290 228 229 228 230 173 173 238 251 216 220
1258 NA 3947 NA NA NA NA NA NA NA NA NA NA NA NA NA NA NA NA 136 138 177 184 268 286 229 237 216 220 169 177 259 263 220 220
1984 NA 3947 NA NA NA NA NA NA NA NA NA NA NA NA NA NA NA NA 136 138 177 184 268 286 229 237 216 220 169 177 259 263 220 220
