3647 110
3039 3043
3425 3421
1260 1873
953 751
1221 1681
2231 1085
3685 2820
1660 2932
2219 3176
1989 1053
1253 3632
3699 285
3365 1826
4037 3914
2001 410
2974 3319
3924 2621
825 2107
426 860
2924 1684
63 17
2285 17
458 285
423 3176
2191 348
1586 1520
401 1826
1905 860
468 113
2064 740
467 118
1577 1505
3406 410
3358 1849
3719 2032
1161 910
668 135
2876 120
279 1638
3112 1088
2236 1082
3635 223
1061 688
347 431
2196 431
1699 934
1258 3947
3937 699
2645 1719
3352 424
1544 1465
3982 1791
282 209
3625 104
3065 2579
1601 1526
3139 3914
551 315
1656 185
198 243
2228 3875
4001 326
2982 1103
3417 1684
2633 161
3961 333
1345 1085
3127 342
1188 410
3984 555
3436 3043
771 494
1234 1679
1249 1902
1945 244
3471 927
3619 185
2051 494
3668 313
3422 11
3111 1899
459 2345
1176 410
1240 1899
1992 1173
2093 1132
546 1794
169 2144
543 1791
3998 453
332 1809
1986 1684
885 618
1231 3914
1953 1923
3312 1132
465 1610
2201 453
1990 997
80 17
3617 2144
2789 2383
597 449
462 226
3921 688
2654 910
957 740
2040 516
1984 3947
1229 1106
1581 1445
890 2383
2719 1681
2034 510
1230 1088
883 3865
1179 914
3061 3421
4028 3851
1587 1421
557 316
1536 1462
2905 1923
3994 2429
189 230
3694 2132
3030 740
1983 1679
3145 357
3718 494
3395 395
1546 1918
1746 3011
2085 1094
2237 3319
421 3875
1160 927
2648 2403
2665 914
191 2820
3117 3851
2680 1849
555 333
2819 2820
1065 3566
171 1923
1174 903
3729 1464
3443 777
2837 285
466 196
1262 3931
3926 734
261 301
2246 2470
2947 934
880 615
1756 1698
75 777
3959 3865
2277 3421
1241 997
956 734
2234 1826
2165 315
1994 1681
2945 395
1343 2462
3376 393
351 348
422 1684
2149 1421
1995 1047
2069 738
830 51
281 118
1595 1464
3454 910
2192 305
3461 903
3132 449
274 120
3093 1897
2289 327
4022 3728
938 699
1156 196
2668 1445
1985 3931
2181 556
2152 1497
1153 244
1537 1437
3063 13
841 637
2028 3609
2990 1082
823 161
2860 110
1171 3011
1058 1736
1624 1520
2683 424
552 305
943 3865
2263 3914
1949 223
2194 1791
202 196
1642 1849
1730 1173
3726 2552
2022 581
2775 997
548 453
3631 226
207 313
2854 159
3052 2107
2080 1092
3644 215
547 357
3122 3728
663 196
1592 1566
1199 1047
594 1031
2120 914
4010 431
1734 395
1150 223
3686 233
3621 233
3116 1873
3934 3566
2179 326
3986 316
1197 914
3424 13
4035 1861
595 556
3427 2579
3407 2931
2229 424
820 785
3385 3011
3434 785
4015 1890
163 156
1250 1890
2866 1610
1242 1053
2813 2345
268 1928
2114 2108
2920 1173
2987 760
59 2472
1152 156
3121 1109
3405 934
3705 3609
2311 3728
1008 2612
2221 3895
3448 3799
2991 3763
2048 591
179 2545
2305 2545
3946 733
2072 3763
2925 919
1341 1109
2875 159
2096 1103
2712 1679
2262 1439
947 738
1353 1082
2269 695
891 618
881 695
1254 3728
2248 1075
2297 3787
3714 3558
2844 313
3037 1066
1623 1451
2716 738
1204 738
1671 89
2247 1072
3151 3883
2176 333
1602 3184
3678 103
2280 50
962 2509
260 196
2770 3931
2902 149
3691 2855
3397 3389
2101 1090
1384 1116
2006 2364
3935 698
1247 1679
3951 3763
4027 1873
846 636
1385 1116
206 177
2811 237
3086 516
70 8
3150 369
2241 3176
772 616
2239 1832
2700 1451
1628 1510
2098 902
3642 168
1960 285
940 693
3995 1025
2795 2146
2622 327
2265 645
2043 2621
2010 561
3034 3566
3458 2508
673 3538
3716 516
3035 733
1190 1739
2002 2032
1225 1095
3446 3440
3713 519
2047 733
2013 2364
2014 505
3663 156
2316 1105
3408 2921
2065 2612
2910 2839
3991 2430
3098 519
3993 3550
411 872
1980 1037
2807 615
892 631
2976 754
3056 3047
3953 2612
3702 522
2309 1025
2061 718
201 565
2724 1679
765 585
827 3440
3670 209
2951 872
2244 1119
2864 89
2946 1698
856 3558
1970 149
3954 699
2011 508
1202 3931
3927 3575
4040 1832
958 2621
2183 3883
1749 3003
965 718
941 754
2873 3538
886 2401
2715 1681
3072 21
3059 50
3955 637
3070 13
769 494
2264 1109
539 1795
1237 1867
3463 1124
1206 2508
2115 3799
3707 3558
2768 2401
606 367
1977 177
2035 522
1238 3550
1348 1090
2187 449
166 297
3149 333
3766 2472
1952 226
3396 860
3639 243
2656 565
2618 1400
2078 1124
3428 8
1379 1103
3025 3566
2117 781
3104 1025
2881 301
2698 1510
2283 650
1366 1100
1014 3566
3095 561
2867 209
2030 491
3058 777
852 628
665 156
3101 1067
1914 860
78 2480
4009 1067
3452 2484
2242 1070
1233 1048
3154 299
2044 699
2178 375
1965 104
4011 2758
3148 555
2937 934
3664 142
283 142
3082 3609
1163 910
3423 17
2627 161
3963 657
3717 505
4026 1867
3087 3558
2871 313
3709 561
876 645
4032 1105
4043 1072
879 657
2841 2898
2825 616
3643 297
3992 1100
1359 1075
3460 913
810 2107
3126 305
1175 902
3723 3609
2041 2635
4025 1834
2941 1124
2801 88
2211 1792
2713 3391
1622 89
2641 2484
2260 657
3942 2635
1404 2403
3125 1100
774 581
2155 336
2821 631
1947 3236
2631 2403
1951 156
3431 3747
2688 913
2175 3184
1349 1832
2816 86
944 3763
4031 1899
320 336
4039 3176
2314 1095
3388 1489
1997 1047
2268 645
3400 3003
3375 919
1720 919
203 95
2200 369
3680 234
3650 89
2834 297
1973 243
2091 1011
3142 350
2783 645
3614 132
1378 1124
3130 453
3313 1116
3370 3871
2288 1867
3626 3538
3401 404
2284 2401
4044 1094
1157 88
3771 2480
2787 618
2036 519
3064 3747
3447 785
3441 781
3502 1037
1166 901
3969 631
2159 1431
1003 3763
2988 693
2300 1635
1336 2380
729 505
1667 3236
538 326
3980 3866
805 3440
2198 1833
1010 1769
1574 1497
1583 1513
2082 1087
850 3866
2897 196
3925 1769
3412 426
2225 1833
470 2855
318 333
2214 373
2694 1513
2702 2480
2243 1075
2870 230
461 2139
537 441
420 1833
845 3609
1573 3762
2785 967
1005 733
3950 752
3958 628
1009 752
4036 1048
2975 752
1627 1451
2299 2403
