3699 139
3112 139
4024 1097
2052 3571
678 3363
1590 1522
806 298
462 245
1008 2599
1594 1522
2162 1504
2706 2599
3382 2599
1588 1522
1343 1097
1627 1504
275 1389
2289 1389
3612 139
1623 1504
1642 1522
2218 245
3631 245
1974 1504
2080 1097
1604 1522
3024 2599
594 298
3736 298
605 298
942 1389
2038 1035
3127 1035
765 3571
2203 139
2116 1035
2234 139
2152 139
1002 2387
3691 3363
2287 2599
1345 1808
2014 1808
3350 1808
3364 3363
884 2387
458 139
813 2599
1631 139
819 298
2247 1837
3094 1389
2653 1837
2859 139
2065 2599
3355 1501
1213 2599
3056 112
2904 1389
950 2387
3955 1501
1952 245
2306 1097
2888 112
2307 1389
2693 112
3461 1501
4043 1837
2841 139
2637 1837
2936 1501
4029 1097
1200 1837
2985 2387
3370 1501
1061 1504
1367 1837
964 1504
1365 1073
3672 298
2660 298
770 1073
