1221 136 136 177 186 265 290 235 241 218 218 169 173 238 255 212 216
1336 136 136 175 188 265 265 237 237 216 216 169 169 243 251 216 220
1660 136 136 186 186 286 286 235 241 216 216 169 173 251 255 228 228
1159 136 138 186 186 268 284 237 241 211 218 169 173 238 251 216 216
962 136 136 177 186 288 290 239 241 216 216 169 169 243 251 216 224
1218 136 138 175 186 284 288 229 229 209 216 173 173 247 263 216 220
729 138 138 175 184 268 288 235 237 211 216 173 190 238 255 224 228
1667 136 136 175 188 286 288 233 237 216 216 169 169 243 259 224 228
677 136 148 175 175 265 268 229 231 216 220 169 169 251 259 212 216
199 136 138 175 175 268 290 231 233 216 220 169 169 247 251 216 220
1247 136 138 175 186 265 288 239 239 218 220 173 177 243 255 216 228
1661 136 136 175 188 284 284 231 231 220 220 169 169 255 255 224 224
762 136 146 175 188 268 288 228 235 216 220 169 169 263 263 216 216
63 134 136 177 188 268 284 228 233 220 220 173 181 238 238 224 228
1353 136 136 175 184 268 284 235 235 216 218 173 177 255 259 208 216
423 136 136 175 175 268 288 231 235 210 220 169 173 247 255 216 224
1370 136 138 184 184 268 286 229 229 214 218 169 173 243 255 216 220
1586 134 136 177 186 268 268 237 239 207 216 169 169 243 251 216 220
846 136 136 175 188 265 268 235 241 211 211 173 177 238 251 224 224
1183 136 142 175 175 268 268 235 235 218 220 169 169 243 251 216 228
538 136 136 188 188 265 290 228 229 216 218 173 181 243 247 228 228
1577 136 136 186 186 268 284 237 239 210 220 169 169 251 255 216 228
1158 134 138 175 186 265 268 229 231 216 216 169 177 247 251 220 232
1161 125 138 175 175 288 290 233 233 207 216 169 173 247 251 220 228
1534 136 136 190 190 271 288 0 0 220 220 0 0 243 251 212 212
206 136 136 175 186 268 288 235 237 211 216 169 169 247 251 220 220
1371 136 136 175 183 284 290 229 235 218 218 173 177 251 255 216 220
1184 136 136 177 186 288 288 228 228 216 218 177 177 247 251 220 224
279 138 138 175 190 268 268 241 241 216 216 169 169 255 255 216 220
1251 125 138 186 188 284 288 229 241 211 216 169 190 243 243 216 216
849 136 138 183 188 268 288 229 241 211 220 169 177 247 251 220 224
184 136 138 177 186 265 268 233 235 216 222 169 169 255 259 224 228
1258 136 138 184 186 288 293 229 229 216 216 173 177 247 263 216 220
666 136 136 184 186 0 0 229 233 0 0 169 173 263 263 224 224
847 125 136 175 175 268 268 235 241 209 218 169 173 0 0 224 228
428 136 136 184 188 265 288 229 235 0 0 169 173 247 251 216 220
1345 138 138 183 188 284 284 229 239 216 216 169 173 234 234 212 220
1177 136 136 186 190 268 288 231 235 218 220 169 173 251 251 216 224
1383 136 138 186 186 268 288 229 233 216 220 169 185 259 259 212 216
811 136 136 184 186 288 290 229 231 216 216 169 177 238 247 212 224
1169 134 138 184 188 268 268 231 233 216 216 173 173 255 255 224 224
1208 136 136 188 190 284 288 231 235 211 218 169 173 238 247 220 224
194 136 136 175 186 265 288 231 235 218 218 169 173 251 255 220 224
429 136 136 184 186 268 288 235 237 216 220 169 173 247 247 224 224
325 136 136 175 184 268 268 241 241 216 216 169 169 0 0 216 216
330 136 136 175 175 268 288 229 231 211 211 169 177 251 259 216 216
201 136 136 173 175 288 290 235 243 211 216 169 173 251 263 220 224
1005 125 136 188 188 290 290 235 235 0 0 0 0 238 238 216 224
765 136 136 186 186 290 290 231 231 211 216 169 169 255 255 216 220
271 136 136 175 188 284 288 231 233 216 220 169 169 255 259 220 224
1257 136 136 186 186 288 290 229 233 218 218 169 181 238 259 212 224
597 125 136 177 188 288 288 241 241 216 218 169 169 247 247 228 232
462 125 136 175 188 265 288 229 237 211 216 169 169 238 247 212 228
856 0 0 175 188 0 0 233 235 216 216 169 169 263 263 216 216
1008 125 125 186 186 265 286 228 228 211 211 169 169 243 259 220 224
164 136 136 186 190 268 268 229 229 211 216 169 173 255 259 212 220
950 136 138 0 0 268 268 228 228 218 218 0 0 243 243 216 232
1637 136 136 175 186 288 290 235 237 211 216 169 169 243 251 216 220
1381 136 136 188 188 265 265 235 239 211 216 0 0 234 234 216 216
280 136 136 177 186 268 284 233 241 210 216 169 169 247 255 216 224
1230 136 136 175 177 288 290 235 241 211 216 169 190 238 251 216 220
965 136 138 175 186 268 290 235 241 211 220 169 173 238 251 220 224
1222 136 136 186 188 268 284 233 235 216 220 165 177 238 247 220 224
1179 136 136 186 190 286 290 239 241 216 218 169 169 238 243 220 224
1603 136 136 186 186 288 288 237 237 216 220 173 173 251 251 216 216
1009 136 136 175 186 268 290 235 243 211 220 0 0 251 251 224 224
769 136 136 184 186 268 288 231 235 216 216 0 0 247 259 220 228
671 136 136 188 190 268 268 233 241 216 218 169 173 243 255 220 224
476 136 136 175 177 268 288 229 235 207 220 169 169 247 247 212 212
602 125 125 188 188 268 288 228 228 218 218 169 169 247 247 228 232
835 136 138 175 186 268 290 229 231 216 218 169 169 247 251 216 220
1065 125 146 175 186 265 290 229 233 211 218 169 177 251 251 220 224
1629 136 138 184 186 268 288 229 229 211 216 169 173 251 251 216 224
1228 136 136 186 186 290 290 0 0 220 220 169 169 238 238 0 0
73 136 136 188 188 268 284 228 228 220 220 0 0 0 0 224 228
162 134 136 175 188 268 288 241 241 216 218 169 169 0 0 220 224
821 136 146 177 186 284 284 237 239 216 220 173 173 0 0 224 224
83 136 136 177 188 268 284 0 0 220 220 173 173 238 255 224 228
1016 136 136 188 190 284 288 231 235 0 0 0 0 238 247 224 232
1014 125 146 175 186 265 290 229 233 211 218 0 0 251 251 220 220
808 136 138 175 186 268 268 228 233 211 220 169 169 259 263 220 228
880 136 138 175 177 268 288 231 233 211 218 169 169 251 263 220 220
354 136 136 175 188 268 268 231 235 216 216 169 169 247 255 224 228
1207 136 136 186 186 268 268 231 235 0 0 169 169 0 0 216 216
1187 136 138 188 190 265 288 235 235 211 216 169 177 255 255 216 224
1233 136 136 186 188 268 268 228 233 220 220 165 177 247 247 220 220
1355 136 136 177 177 0 0 235 235 216 216 169 169 259 259 220 220
674 136 136 175 177 288 288 235 235 207 216 169 173 247 251 212 232
283 134 136 183 186 265 265 233 233 216 216 173 173 255 259 0 0
204 125 136 175 186 268 288 229 233 216 218 169 173 247 259 220 224
351 136 136 186 188 268 268 229 239 220 220 169 169 247 247 220 232
422 136 146 175 186 268 268 231 241 207 216 169 169 251 259 216 224
182 136 136 175 175 268 284 233 235 210 216 169 169 255 259 216 216
1369 136 146 175 175 284 284 229 233 216 218 0 0 251 255 212 216
830 136 146 177 186 284 286 237 239 216 220 173 181 247 251 224 232
259 136 136 175 177 265 268 237 239 210 216 169 169 255 255 224 224
1365 136 138 175 186 288 293 229 229 211 220 169 173 255 255 212 212
187 125 136 177 186 286 288 233 235 216 220 169 173 251 255 216 224
1374 136 138 186 186 290 290 228 229 216 216 173 177 234 238 216 224
1627 136 146 177 183 268 268 231 235 211 216 169 173 243 247 220 224
74 125 136 177 188 265 268 235 241 216 218 169 173 255 259 224 232
937 125 136 177 186 288 288 228 239 216 216 169 169 255 259 224 228
1235 125 136 186 186 284 286 229 229 211 211 169 190 238 247 224 224
1203 136 136 175 190 286 290 233 235 216 218 169 173 243 247 212 228
1204 125 138 186 186 268 268 235 235 216 216 173 177 234 234 216 220
76 136 136 175 184 268 293 237 239 211 211 169 169 0 0 220 220
1359 136 136 186 188 286 288 228 229 216 220 169 169 234 255 216 220
1153 136 136 184 186 268 288 229 233 211 220 169 173 247 263 224 224
884 136 138 175 177 268 268 228 228 218 218 173 173 259 259 216 232
1341 136 136 186 188 265 268 228 235 216 216 169 169 247 263 220 220
764 125 136 175 175 268 268 241 241 211 220 169 169 243 255 220 224
1171 136 136 186 186 290 290 228 239 216 216 169 169 251 251 220 224
470 136 136 188 188 286 288 0 0 211 211 0 0 255 255 220 224
1542 136 136 190 190 288 288 243 243 211 224 0 0 0 0 212 212
1541 136 136 177 190 288 288 231 235 216 220 169 173 247 259 212 224
1623 136 146 183 188 268 288 229 231 211 216 169 173 243 251 216 228
1579 136 136 184 186 284 288 229 229 211 211 169 173 251 255 212 224
1216 136 138 188 188 290 290 235 237 220 220 169 169 251 255 224 228
477 136 136 188 188 288 288 231 231 216 220 169 169 255 255 220 220
548 125 136 183 188 284 286 229 235 216 220 169 173 238 247 216 220
207 136 142 175 186 265 288 229 237 211 216 169 169 255 263 216 224
289 136 136 188 188 265 290 233 235 220 220 173 173 251 251 212 212
328 136 136 175 175 286 286 229 231 216 220 0 0 238 255 216 216
1194 136 136 190 190 284 284 231 235 218 218 169 173 247 255 212 224
1200 136 136 183 186 268 288 229 233 216 218 169 173 238 251 212 220
944 136 136 177 184 268 268 233 241 218 218 0 0 0 0 220 224
594 136 138 186 188 265 268 233 237 216 216 165 169 251 259 220 224
1150 136 136 177 188 284 290 231 233 220 220 169 169 247 247 220 224
273 134 136 175 188 268 288 231 241 216 218 169 173 255 255 220 224
1210 125 136 175 186 288 288 237 241 216 216 169 169 247 251 220 224
180 136 136 186 186 268 268 231 231 216 216 169 173 247 251 220 232
807 136 136 186 186 268 288 231 237 220 220 169 177 251 251 224 228
1539 136 136 175 175 271 284 229 229 0 0 169 177 247 255 212 216
1197 136 136 186 190 290 290 239 241 216 216 169 169 238 243 220 224
400 134 138 188 188 268 268 231 233 211 216 173 173 255 255 224 232
1211 136 138 184 184 268 268 235 237 220 220 169 173 234 251 236 236
1378 136 136 186 186 265 265 229 235 210 218 0 0 251 251 220 220
1634 136 136 175 175 284 290 229 235 216 220 169 169 259 259 216 216
595 136 136 188 188 268 268 231 241 216 218 169 177 255 255 220 220
349 136 138 175 186 268 290 233 237 216 216 169 173 0 0 216 228
820 136 142 175 184 288 290 231 241 216 220 169 177 255 259 220 228
854 125 136 175 175 268 268 235 241 209 216 0 0 251 251 224 228
1600 136 144 186 190 274 274 228 231 0 0 0 0 255 255 224 236
1641 136 136 177 188 265 268 229 237 216 220 169 173 243 247 224 224
1625 136 142 175 177 265 284 235 239 211 216 169 173 247 251 216 224
1354 136 136 188 188 288 288 231 239 211 216 169 169 251 259 224 224
675 136 136 177 188 265 265 229 237 216 216 169 169 243 247 224 224
1004 136 136 188 190 284 288 231 235 216 218 169 173 238 247 224 232
1164 136 138 175 175 284 290 231 237 216 216 169 169 243 251 224 228
877 0 0 186 188 288 288 231 231 216 216 165 173 0 0 224 224
1193 136 136 183 188 268 288 233 235 216 216 169 177 238 251 220 220
1659 136 138 175 186 265 268 237 239 210 216 169 173 251 255 224 224
1003 136 136 177 184 268 268 233 241 218 218 169 169 238 238 220 224
1215 136 136 183 188 268 268 231 233 216 216 165 169 238 251 220 220
959 136 136 175 188 265 265 241 241 216 216 0 0 238 251 216 228
549 136 136 188 188 268 288 228 235 218 218 169 169 247 255 224 228
1256 125 125 186 188 284 286 0 0 211 211 169 190 243 243 216 216
833 125 136 175 177 265 288 228 231 216 216 169 169 251 255 224 228
1993 136 136 175 188 265 265 235 235 216 228 0 0 0 0 216 220
1989 134 136 186 186 284 290 235 243 211 216 169 173 251 251 220 220
2060 136 146 175 177 265 288 231 231 220 220 0 0 255 263 216 224
2094 125 136 186 186 286 288 229 233 216 216 169 181 234 259 212 228
2303 0 0 184 188 265 288 229 235 211 216 169 169 234 243 212 216
2064 136 136 173 186 268 288 228 239 216 220 169 169 255 259 220 224
2063 136 136 188 188 265 284 235 235 216 216 0 0 238 251 216 220
2241 136 136 184 190 268 268 228 235 216 216 169 177 238 238 216 216
2239 136 136 184 186 0 0 233 235 210 210 0 0 251 251 212 212
2236 136 138 184 184 268 290 228 231 216 220 169 169 255 259 212 212
2292 136 136 188 188 288 288 239 239 218 218 0 0 247 251 216 220
2196 136 146 175 188 268 288 229 235 211 220 173 173 238 238 220 228
2038 134 142 175 175 288 288 235 241 216 216 169 169 243 247 220 220
2010 138 138 183 186 265 288 229 229 216 216 169 169 243 247 216 220
2074 0 0 184 186 284 284 228 229 216 216 0 0 243 247 220 220
2228 136 142 175 186 288 288 237 239 211 211 169 173 243 255 216 220
2033 136 136 175 175 265 268 229 231 211 211 169 169 247 255 216 220
2023 136 136 175 175 288 288 231 231 216 218 169 169 251 255 212 216
2065 125 136 175 186 286 286 229 229 211 216 0 0 0 0 220 224
1980 136 136 188 190 268 268 235 235 216 216 169 169 247 247 0 0
2308 134 136 188 190 286 288 228 237 211 211 169 169 243 251 0 0
2093 138 138 186 188 288 288 239 239 211 216 169 169 238 247 212 220
2202 136 136 184 190 0 0 237 237 216 216 0 0 247 251 216 228
2205 125 146 175 175 268 288 229 235 220 220 169 173 243 255 216 220
2089 136 136 175 186 288 290 231 239 216 220 169 173 234 251 220 220
2244 136 138 186 186 268 290 229 231 216 216 169 173 255 255 216 220
2201 136 136 175 183 284 286 229 231 216 220 169 173 247 247 220 220
1990 136 136 177 184 268 286 235 237 211 220 169 173 251 259 220 224
2082 146 146 175 184 268 288 233 235 207 216 169 177 238 238 220 220
1984 138 138 177 184 288 288 229 229 216 216 173 177 263 263 220 220
2193 138 142 175 190 288 288 229 239 216 220 169 169 255 259 220 224
2183 152 152 175 183 286 286 231 231 220 220 0 0 247 247 220 220
2058 136 136 175 186 286 288 228 231 211 220 169 169 251 255 220 224
1983 138 138 186 188 293 293 229 229 216 216 173 177 247 247 216 220
1724 136 136 175 177 265 268 233 233 207 220 169 173 238 243 216 228
2162 136 146 183 184 265 268 231 237 211 218 173 173 243 247 216 224
2306 136 136 184 188 288 290 237 239 218 218 173 173 238 247 216 220
2087 125 146 177 177 265 268 228 229 211 216 169 169 234 255 212 212
2207 136 136 186 188 268 290 231 235 211 218 169 169 251 251 216 216
2304 0 0 175 184 265 290 237 237 216 228 0 0 238 238 220 220
2307 0 0 175 175 265 286 233 233 220 220 0 0 238 238 224 224
2078 136 136 184 186 265 265 229 235 218 218 0 0 251 251 220 224
2291 136 136 175 188 284 290 229 235 216 218 169 177 247 251 216 220
2117 136 136 175 186 268 268 0 0 216 220 169 169 234 251 216 216
2021 136 136 175 175 288 290 229 228 216 220 173 173 247 259 224 224
2215 136 136 175 186 284 284 233 233 0 0 0 0 247 255 216 220
2026 134 136 175 186 268 268 235 235 216 220 173 173 234 259 216 224
2246 136 146 186 186 286 288 239 241 220 220 169 169 259 259 212 212
2293 136 136 177 186 268 288 231 231 216 218 169 169 251 251 216 220
1756 136 142 175 175 268 288 229 233 216 220 169 169 255 255 224 228
2092 136 138 186 186 268 284 233 237 211 216 169 169 243 243 216 216
2305 136 136 175 183 284 288 239 243 216 216 169 169 251 251 216 220
2044 138 138 186 186 268 284 231 235 218 218 0 0 234 255 216 220
2050 136 136 183 186 268 290 233 235 216 216 169 173 243 247 220 220
2227 138 138 175 184 288 290 229 229 222 222 169 169 247 255 216 224
2165 136 136 175 188 286 288 235 235 211 216 169 169 247 251 220 220
1994 125 125 177 186 265 265 237 237 216 218 173 173 238 238 216 216
2184 136 138 186 188 288 288 228 237 211 218 169 173 251 251 220 220
2171 136 136 175 186 268 268 229 235 211 220 169 177 251 259 216 224
2257 136 136 190 190 288 288 231 237 216 216 0 0 255 255 212 212
2062 125 136 175 175 290 290 235 237 216 216 169 169 251 255 220 224
2289 136 136 175 175 265 265 233 233 220 220 173 177 238 238 224 224
2299 136 136 175 186 265 265 233 233 216 216 0 0 0 0 216 216
1741 136 136 186 188 268 288 233 235 211 218 169 173 251 251 220 220
2225 134 136 175 184 284 288 233 237 216 220 169 169 238 255 224 232
2319 136 136 175 175 268 288 241 241 207 218 169 177 247 251 224 224
1987 136 142 175 186 288 288 235 235 211 216 169 169 251 259 220 224
2042 136 138 177 190 265 288 233 237 211 216 169 169 238 243 220 224
2296 136 136 188 190 286 286 0 0 211 220 0 0 247 255 216 224
2084 136 136 183 188 288 290 229 229 0 0 169 169 238 255 216 224
2194 136 136 175 184 268 268 229 241 216 218 169 169 251 259 228 232
2260 0 0 175 177 268 284 237 237 211 216 0 0 247 247 216 224
2096 125 146 186 188 268 288 229 235 218 218 169 169 251 255 208 220
2218 136 136 175 188 265 288 229 237 216 216 169 169 238 255 216 228
2250 136 146 175 177 284 288 229 233 216 218 169 173 251 255 212 216
2080 125 136 186 186 286 286 228 229 218 218 169 169 238 255 216 216
2103 136 136 188 188 268 268 228 229 211 218 169 169 247 251 220 224
2102 136 136 186 186 0 0 239 239 216 220 0 0 251 251 216 220
2256 136 136 186 190 268 268 231 233 216 224 169 169 255 259 212 224
2020 136 136 175 175 288 290 228 229 216 220 173 173 247 259 224 224
2229 125 136 186 188 284 290 229 235 216 220 169 169 247 255 212 224
2025 125 142 175 188 268 268 237 237 216 216 0 0 0 0 216 232
2301 136 136 175 175 265 265 239 239 220 220 0 0 0 0 220 220
1738 136 136 186 188 288 288 231 237 211 220 169 173 243 255 220 224
2248 125 146 186 188 284 288 233 235 216 220 169 169 251 255 224 224
2172 125 150 175 188 265 265 231 235 220 220 169 169 243 251 212 216
2253 138 138 175 175 288 288 231 239 211 211 0 0 251 255 216 220
3048 136 138 186 190 265 265 231 233 216 218 169 169 251 251 220 224
3129 136 136 175 186 0 0 235 237 216 220 173 177 243 243 216 220
2869 136 136 184 186 0 0 229 233 216 216 169 169 0 0 220 220
2626 138 138 175 184 0 0 233 235 211 216 169 169 238 243 216 220
2717 136 136 188 188 0 0 229 229 216 216 169 169 251 259 220 220
2924 138 142 186 188 268 268 229 241 218 218 173 173 247 251 216 224
2728 136 146 175 186 0 0 233 235 211 211 169 173 251 251 212 220
2906 134 134 175 175 0 0 241 241 211 211 169 169 247 259 212 212
3131 136 136 175 188 0 0 237 239 211 216 169 169 263 263 224 224
2832 136 136 175 175 0 0 241 241 216 216 169 169 255 255 224 224
2667 125 136 184 186 0 0 235 237 216 216 169 169 251 251 212 216
2848 136 136 175 175 288 288 231 235 211 220 169 169 255 255 216 224
2939 129 136 186 186 0 0 229 233 220 220 169 177 255 255 216 220
2672 136 136 184 186 268 268 229 241 216 216 169 169 251 255 216 224
3121 136 136 177 188 268 293 228 228 216 220 169 177 259 263 220 224
2876 146 148 175 183 265 288 229 235 216 220 169 173 255 259 220 224
2944 136 136 175 186 0 0 235 235 220 220 169 169 251 251 212 220
2922 136 136 177 188 0 0 229 235 216 216 169 169 247 251 220 228
2690 136 138 177 186 0 0 226 229 211 211 169 169 251 251 220 224
3066 136 136 173 175 0 0 229 235 211 211 169 169 251 259 224 228
3051 136 136 177 188 268 284 231 237 218 218 169 173 234 243 220 224
2970 136 138 183 186 0 0 229 231 0 0 169 169 255 255 212 220
2859 136 136 183 186 0 0 228 239 210 216 169 169 251 255 220 224
3046 136 136 173 188 286 288 231 237 216 216 169 169 251 251 220 228
2689 136 136 186 186 0 0 241 241 0 0 169 169 247 247 216 220
2655 136 138 186 186 288 290 233 237 216 216 165 169 243 247 216 228
2923 136 136 188 188 265 265 224 231 211 218 169 173 238 238 212 216
2622 136 136 175 184 0 0 233 237 0 0 165 173 238 255 220 220
2657 138 138 177 188 265 288 224 241 211 216 169 173 251 255 216 224
2850 136 136 175 184 0 0 229 239 216 216 173 173 251 251 220 232
3035 136 136 183 190 0 0 231 235 210 216 169 169 247 251 216 224
2972 136 138 177 183 288 288 233 241 211 220 169 169 247 251 216 228
2966 136 146 186 188 288 290 229 235 211 220 169 169 234 247 216 220
3038 136 136 175 186 288 290 231 237 211 220 169 173 251 259 224 228
2957 136 136 190 190 268 288 228 229 211 211 169 173 255 259 212 212
3026 136 136 175 188 268 286 231 235 218 220 165 169 255 259 220 220
2662 136 138 175 188 288 290 231 235 216 226 169 173 247 251 220 220
2950 136 136 175 190 268 268 235 235 220 220 169 169 247 251 220 220
2835 136 136 186 188 0 0 229 241 216 216 169 169 247 251 224 224
2778 134 134 184 186 0 0 235 237 218 218 0 0 238 251 212 224
2910 134 136 175 188 0 0 235 239 214 222 177 177 255 261 232 232
2845 136 136 175 184 0 0 231 233 216 216 169 169 247 251 216 220
2849 136 138 186 188 288 288 229 241 216 218 169 169 238 255 220 224
3050 136 136 186 188 0 0 233 235 218 218 169 177 238 255 220 220
2701 134 136 177 186 0 0 239 239 216 216 169 169 243 255 212 220
2687 136 150 183 186 0 0 224 229 211 216 169 169 251 251 212 224
3123 136 146 177 188 0 0 235 243 216 216 169 173 234 251 220 224
2976 136 136 184 188 284 293 229 235 216 216 173 173 247 247 224 224
2650 136 136 184 186 0 0 233 237 216 216 169 169 0 0 216 220
2815 125 136 175 188 0 0 229 237 214 214 169 173 238 247 212 228
2629 136 136 183 186 0 0 226 228 216 216 0 0 247 251 220 220
2684 136 136 184 186 0 0 228 229 211 216 169 177 238 251 220 224
2890 136 136 177 186 0 0 228 233 216 216 169 177 251 255 220 224
2808 136 136 186 186 0 0 229 235 218 218 0 0 238 238 220 224
2909 134 142 175 175 268 288 228 231 216 216 173 173 255 255 212 220
3106 136 136 175 188 268 268 231 233 220 220 169 173 247 251 220 224
2864 136 136 188 190 288 290 229 241 211 218 169 173 251 251 220 224
2789 136 136 186 188 288 288 233 235 220 222 169 169 243 247 220 224
2946 136 136 175 175 0 0 231 237 218 218 169 169 251 255 220 224
2654 136 138 175 186 265 288 228 233 216 220 169 173 243 247 216 220
2628 136 136 186 188 0 0 228 241 0 0 169 169 251 251 212 220
2695 136 136 175 186 0 0 233 237 216 216 169 169 247 255 216 216
2719 125 134 175 186 286 286 235 237 218 218 169 173 238 251 212 224
2984 136 138 186 186 288 290 233 239 211 216 169 173 234 251 220 224
2942 136 136 186 188 268 288 235 235 216 220 169 169 238 255 216 228
2928 136 148 175 184 265 286 229 231 218 218 169 177 247 255 216 232
3118 136 136 175 186 268 268 235 241 216 218 169 177 243 259 216 216
3053 136 136 175 188 268 288 229 241 216 216 173 177 243 243 216 220
2792 134 136 175 177 265 286 229 237 216 226 169 177 247 255 220 224
3072 136 136 186 188 0 0 229 229 211 216 169 177 251 259 220 224
2853 136 146 175 175 265 268 228 237 211 216 169 173 247 263 216 220
3059 136 146 186 188 265 284 229 235 216 216 169 177 255 259 212 216
3070 136 138 177 186 0 0 229 239 216 218 169 177 255 255 212 212
2973 138 146 186 186 286 288 229 241 216 220 169 169 234 259 216 220
2872 136 136 175 177 0 0 233 241 216 216 169 185 255 263 216 224
2978 138 138 175 188 288 288 239 239 210 218 165 173 243 259 212 220
2664 125 136 175 186 0 0 229 235 211 211 169 169 243 259 216 232
3030 136 146 183 186 284 288 233 233 218 220 169 177 251 251 220 224
2961 136 136 186 186 288 294 228 229 216 224 169 173 251 255 212 224
3145 136 136 186 188 288 290 228 229 218 218 169 169 255 259 216 220
2856 136 136 175 175 0 0 226 235 0 0 169 169 238 247 212 224
3120 136 138 175 188 284 288 229 239 216 220 169 169 259 263 220 224
2702 136 136 183 186 0 0 229 229 0 0 169 169 247 247 220 220
2768 125 125 184 186 0 0 228 228 216 216 169 169 0 0 232 232
2648 125 136 175 188 268 288 233 235 211 211 173 181 247 251 216 220
3149 136 136 186 188 268 290 228 231 211 220 169 169 247 251 232 232
2665 136 136 173 186 268 268 233 241 211 218 169 169 238 238 220 224
2680 136 136 186 186 268 268 229 229 211 220 169 177 251 251 216 220
3134 136 136 177 188 0 0 237 241 220 220 169 169 255 255 220 224
2819 136 136 175 175 268 290 231 233 218 218 169 173 247 263 216 220
2888 134 136 183 188 0 0 231 241 220 220 169 173 247 259 212 220
2656 125 136 173 175 0 0 231 235 207 216 169 169 251 251 220 224
3022 136 136 188 188 268 286 235 237 211 216 165 173 255 255 220 220
2826 136 136 186 186 0 0 239 241 216 216 169 169 251 255 220 220
2618 125 136 186 190 0 0 233 233 211 211 173 173 247 259 216 224
2844 136 142 175 190 288 290 228 233 220 222 169 173 251 255 216 220
3037 125 136 175 183 265 288 233 237 211 211 169 169 238 247 220 220
2980 136 138 175 186 288 290 229 241 216 216 169 177 234 234 212 228
2673 125 136 186 188 0 0 229 229 0 0 169 169 247 247 220 220
2678 136 150 175 184 0 0 229 239 216 216 169 169 251 255 220 220
2882 136 138 184 190 265 268 228 235 211 216 169 173 243 255 220 224
2881 138 138 175 186 0 0 229 233 211 216 169 177 247 251 212 216
2837 136 136 175 186 265 286 228 231 216 218 169 173 243 259 220 224
2786 136 136 186 188 0 0 228 228 0 0 169 173 251 255 220 224
2705 136 136 184 186 0 0 239 239 210 216 169 169 243 251 212 216
2818 136 138 186 188 0 0 229 229 216 218 169 169 247 255 220 224
2658 136 136 175 186 0 0 229 237 214 220 165 177 255 259 220 224
2827 136 136 175 186 0 0 229 233 0 0 173 173 243 247 220 220
2947 125 142 177 188 265 268 228 229 216 218 169 173 251 255 216 224
2675 136 136 175 186 0 0 233 241 216 216 169 169 251 251 216 220
2723 136 136 184 184 0 0 228 235 216 216 0 0 259 259 220 224
2861 136 136 184 186 0 0 239 241 216 216 0 0 251 255 220 224
2967 140 144 184 186 269 269 224 228 0 0 169 169 0 0 224 228
2716 125 138 186 186 268 288 235 241 216 216 173 177 234 259 216 220
2773 136 136 184 186 0 0 233 233 211 211 169 169 251 251 212 220
2863 136 136 186 188 265 284 237 237 216 216 169 173 247 255 216 224
3154 138 138 188 188 0 0 235 239 0 0 169 169 251 255 220 224
2862 136 136 175 186 268 290 228 235 211 218 169 169 243 251 216 220
2733 129 136 175 183 0 0 0 0 211 216 169 169 251 251 212 220
3124 136 136 175 186 268 268 235 235 220 220 173 173 243 243 216 220
2945 136 136 175 184 268 288 228 241 216 220 169 169 247 255 224 228
2897 134 136 175 175 0 0 235 235 0 0 169 169 247 247 216 216
2901 136 142 175 190 0 0 228 233 0 0 169 173 251 251 216 220
3148 136 136 186 186 268 268 229 233 211 216 169 173 247 251 224 232
2971 136 136 175 190 248 274 229 235 216 220 173 177 247 259 224 224
2937 136 136 188 188 0 0 241 241 211 211 169 169 255 255 220 224
3097 134 136 188 190 0 0 237 237 216 216 169 169 234 243 220 224
2727 136 138 184 190 0 0 228 229 216 216 169 173 247 263 220 220
2956 136 136 175 190 0 0 231 231 211 211 169 169 251 251 220 224
2693 136 136 183 183 0 0 229 241 216 218 173 173 247 247 212 216
2879 136 136 175 186 268 290 233 235 216 220 165 173 234 251 216 216
2779 136 136 186 188 0 0 229 231 211 216 165 173 251 259 220 224
2627 125 136 177 186 0 0 228 237 211 216 169 169 251 255 216 224
2887 138 148 186 186 0 0 235 235 216 216 169 169 251 255 216 216
2981 125 138 177 183 268 268 228 233 216 216 169 173 243 259 220 224
2803 125 136 175 186 265 284 233 237 210 222 169 169 247 251 220 228
2841 136 146 177 186 0 0 239 241 210 210 169 177 251 255 220 224
2651 136 136 186 190 0 0 233 235 216 220 169 169 255 259 216 220
3100 136 138 186 186 268 288 228 228 211 216 169 173 243 251 228 228
2929 134 134 186 186 0 0 226 229 0 0 169 173 247 255 224 232
2666 136 136 186 188 0 0 235 239 211 218 169 169 0 0 220 224
2990 136 136 186 188 290 290 231 231 216 216 173 177 255 255 212 216
2828 136 148 183 186 268 288 228 229 216 220 169 169 247 263 228 232
2663 136 136 175 188 284 288 235 235 216 220 169 173 251 251 216 224
2646 136 136 184 188 268 286 235 235 218 222 169 169 238 255 224 232
2696 136 136 183 186 0 0 228 229 216 218 169 173 247 247 216 224
2683 136 136 175 186 265 290 229 237 216 216 169 169 255 255 220 224
3157 136 136 175 188 265 290 228 235 216 218 173 181 234 263 216 228
2875 134 142 175 186 284 288 239 239 216 216 169 173 238 243 220 220
3081 136 136 186 188 286 288 228 229 216 220 169 173 251 255 212 220
2959 136 136 184 186 0 0 229 229 216 216 169 169 243 251 212 224
2804 136 136 177 186 265 268 228 229 216 220 169 169 238 259 212 224
3140 136 136 177 188 284 288 229 235 220 220 169 173 238 251 216 216
2868 136 136 181 181 0 0 233 235 0 0 169 169 255 255 220 220
2775 136 138 186 188 268 286 229 237 216 220 169 173 251 255 220 224
2631 136 136 175 175 0 0 233 233 211 216 169 173 243 247 216 220
2854 134 142 175 186 284 288 239 239 216 220 169 173 238 243 220 220
2917 136 136 175 186 268 268 231 233 214 220 169 169 255 259 216 216
3052 136 146 173 175 268 268 228 233 216 220 169 169 259 263 216 224
2682 134 136 183 186 0 0 228 228 0 0 169 169 247 247 212 220
2831 142 142 184 190 0 0 233 233 216 220 169 169 251 255 216 220
2620 125 138 188 188 265 290 229 233 211 220 169 173 238 263 220 228
2718 136 146 175 186 268 293 235 235 211 211 169 173 251 259 212 220
2707 136 136 175 183 284 288 235 243 211 216 169 169 251 251 224 224
2919 136 136 188 188 268 268 233 241 211 216 169 169 251 255 220 224
2918 136 146 177 186 265 284 229 231 210 216 169 173 243 251 220 228
2796 136 136 175 175 0 0 231 231 0 0 169 169 259 259 220 220
2962 140 144 0 0 269 269 224 228 224 226 0 0 243 243 224 228
2677 136 136 186 186 268 268 228 229 216 216 169 169 247 255 212 216
2851 136 136 175 175 0 0 0 0 211 211 169 169 247 247 224 224
2692 136 152 175 186 0 0 229 235 207 216 169 169 251 255 216 220
2671 134 136 186 188 0 0 228 233 216 216 169 173 238 251 212 220
2949 129 136 188 190 265 288 233 237 216 220 169 169 247 251 220 232
2979 136 142 175 188 0 0 229 229 211 218 173 173 238 251 220 224
2782 136 136 184 186 0 0 228 229 218 218 169 173 251 251 212 228
2964 129 140 186 186 269 269 224 228 224 228 0 0 267 267 224 228
2838 136 136 186 188 288 288 229 241 216 218 169 169 238 255 220 224
2968 136 136 175 186 0 0 228 228 0 0 173 173 247 247 212 212
2787 136 146 175 184 0 0 228 241 216 218 169 173 247 251 220 224
2730 136 136 184 186 0 0 235 235 211 211 169 173 251 259 212 220
3069 125 134 186 188 0 0 229 229 218 218 169 177 238 255 220 220
3033 136 136 175 177 0 0 229 237 220 220 169 177 243 251 220 224
2866 136 136 175 188 268 268 235 235 216 220 173 173 251 255 216 216
2975 136 136 175 188 286 290 229 237 211 218 173 173 238 251 220 224
3138 136 136 175 186 286 288 231 239 218 220 169 173 238 255 220 224
2813 136 136 184 186 265 265 228 231 211 218 169 173 243 247 220 232
2989 136 136 175 186 284 288 231 235 216 220 169 177 255 263 216 216
2644 146 146 175 175 0 0 233 235 211 216 169 169 247 247 220 220
2927 136 136 175 184 0 0 229 231 218 218 169 177 247 255 216 232
2694 136 136 181 186 0 0 229 229 216 216 169 173 251 251 212 216
2704 125 136 186 188 0 0 229 239 216 216 169 173 251 255 216 220
2965 140 140 175 175 269 269 224 228 0 0 169 169 255 263 224 228
2642 136 136 184 184 288 288 231 239 211 218 173 173 247 259 220 224
2920 136 136 177 177 265 288 229 235 216 216 169 169 238 259 224 232
2963 140 144 184 184 269 269 224 228 224 224 0 0 247 247 224 228
2810 132 136 184 186 0 0 228 235 214 214 169 169 0 0 216 220
2988 136 136 177 188 0 0 235 237 0 0 169 169 243 259 216 216
1452 146 146 184 186 284 284 235 239 0 0 169 169 0 0 216 216
1778 136 136 175 177 286 288 228 231 216 218 165 169 251 259 220 224
694 136 142 175 186 268 288 233 235 210 216 169 169 247 255 220 224
25 125 136 186 188 268 284 228 229 216 220 169 169 247 255 212 216
3372 134 134 175 190 268 288 235 241 216 216 169 181 255 263 216 220
1086 136 138 186 186 284 290 228 239 218 220 169 169 243 255 220 220
3218 136 136 175 183 268 286 235 237 216 220 169 169 255 259 216 224
3159 136 136 186 188 265 268 235 241 220 220 169 169 251 259 220 224
667 136 136 175 177 268 290 229 233 216 216 169 169 255 263 216 220
1496 136 146 186 188 268 288 231 233 211 216 169 169 247 255 216 220
648 136 138 186 186 268 268 233 237 216 216 169 173 255 255 224 224
3270 125 136 188 188 0 0 229 239 216 216 169 173 255 255 212 224
123 125 136 175 186 265 284 231 233 216 216 173 173 251 251 212 224
588 138 138 175 184 0 0 235 237 216 216 173 173 0 0 224 228
2548 136 138 184 186 265 265 233 237 216 216 169 169 255 255 224 224
1786 136 136 175 188 265 268 235 239 211 220 169 173 251 251 220 224
1569 136 136 0 0 268 290 228 228 216 216 169 177 247 259 224 228
632 136 136 175 188 265 268 229 229 211 211 173 173 247 251 224 224
3543 134 136 175 186 288 288 233 235 216 220 169 169 243 251 212 220
125 134 136 188 190 290 290 229 233 216 218 169 169 251 255 220 224
1916 138 146 175 188 288 288 231 233 216 220 169 169 234 255 212 216
1389 125 136 175 175 265 286 233 233 220 220 173 177 238 255 224 224
1866 136 138 175 188 288 290 239 241 216 220 169 173 243 247 220 224
1722 125 125 184 186 288 288 228 237 211 211 169 169 234 234 232 232
42 136 146 175 188 268 284 229 229 216 216 181 181 251 255 212 220
106 136 146 177 186 268 268 231 237 216 216 169 173 255 255 220 224
3588 125 136 177 186 268 288 235 241 216 226 173 177 247 255 212 220
1831 136 136 175 188 265 265 235 239 211 216 181 181 234 259 216 220
931 136 136 175 188 268 290 235 237 216 220 169 173 243 251 220 224
2324 129 136 186 188 290 290 235 237 211 211 169 173 247 255 216 216
2416 136 136 177 188 265 265 235 237 210 216 173 177 234 238 228 232
3551 136 136 177 188 288 290 228 233 216 220 169 177 251 255 220 224
3818 136 136 177 188 265 265 231 231 218 218 169 169 247 247 224 224
1077 136 136 186 190 284 286 229 241 211 218 169 169 251 251 220 228
2492 136 136 186 188 0 0 233 239 216 218 169 169 238 251 212 220
1835 136 136 177 184 268 268 228 237 216 216 169 173 247 247 216 224
379 136 136 186 188 290 290 0 0 228 228 165 165 255 255 216 220
394 136 136 175 190 268 288 231 237 211 218 169 169 251 251 220 224
2471 136 136 175 188 286 288 233 237 218 220 169 177 238 251 216 220
1453 144 146 175 175 274 275 228 229 216 216 173 173 247 247 224 236
97 136 146 186 186 268 284 229 237 211 216 169 173 255 259 220 228
3529 136 136 186 188 288 288 233 235 0 0 169 169 0 0 228 232
1500 136 136 186 186 268 288 229 229 216 220 169 169 243 251 212 216
403 136 136 177 188 284 290 229 233 216 222 169 169 251 255 212 232
2323 136 138 175 175 284 286 229 235 216 220 169 169 243 251 220 224
100 136 138 175 186 265 290 229 237 216 220 169 173 234 255 216 220
3514 136 136 177 186 290 290 231 231 211 211 169 173 247 263 224 224
3505 134 134 175 175 268 268 228 231 0 0 173 177 255 255 220 220
128 136 136 186 188 265 288 233 235 216 216 169 169 247 259 224 228
1614 136 148 188 188 288 288 241 241 216 216 169 169 251 251 224 224
2387 136 138 175 177 268 288 228 233 210 218 169 173 243 259 216 232
1564 128 128 188 194 268 271 233 239 211 216 169 173 259 259 216 220
2617 136 136 177 188 290 293 228 241 216 218 169 169 247 255 216 224
1775 136 142 183 186 288 290 229 235 211 211 169 173 251 251 216 232
1424 136 136 190 190 284 288 231 237 216 220 173 173 251 255 212 212
1434 136 136 177 190 268 288 228 243 216 216 173 177 247 259 212 212
18 134 146 184 188 265 288 229 235 211 216 169 173 234 255 212 216
3266 134 136 183 186 0 0 229 233 220 222 169 173 251 255 224 224
2130 136 136 175 177 288 288 233 241 216 216 169 169 255 263 216 224
590 136 136 183 186 268 286 231 233 211 211 169 173 247 251 220 220
755 136 136 175 186 268 286 228 229 207 218 169 173 243 243 220 220
1557 136 142 175 188 268 288 228 229 216 216 173 173 234 251 216 220
3815 136 136 0 0 280 288 237 237 216 216 0 0 238 238 220 224
3916 136 136 184 188 268 288 229 239 210 211 169 177 243 243 216 224
2360 136 148 183 186 265 268 231 241 216 216 169 169 247 255 216 220
3860 129 136 175 186 288 288 235 237 209 214 173 173 247 251 216 224
3561 0 0 183 186 265 268 229 235 216 222 173 177 255 255 224 224
1821 138 138 175 186 284 288 233 235 216 220 169 169 247 259 208 216
3196 136 136 184 186 0 0 226 228 218 218 169 169 238 238 212 220
1806 125 136 184 186 265 268 228 229 216 216 169 169 255 255 220 220
1098 134 136 177 188 265 268 228 233 216 220 169 169 234 255 216 220
3521 134 136 175 184 268 290 233 237 211 211 169 169 238 247 224 224
1429 136 136 186 190 284 288 229 231 216 220 169 173 255 255 212 212
1069 136 136 186 188 268 288 229 229 216 216 169 169 234 251 212 224
3510 134 136 188 188 268 288 233 233 216 220 173 177 251 255 220 220
1146 136 136 186 186 284 284 229 241 211 211 169 169 0 0 220 228
138 125 136 183 188 288 288 241 241 216 220 169 169 243 251 224 224
641 136 136 175 186 288 288 235 241 211 216 169 190 255 259 212 228
1812 138 146 175 184 284 284 229 233 220 220 169 173 234 255 212 224
2134 142 142 186 188 286 288 229 229 216 216 173 173 0 0 216 216
906 136 136 183 188 265 288 237 239 211 216 169 169 255 259 220 220
3283 136 136 177 183 286 286 228 229 211 216 169 169 251 255 216 228
2388 136 136 175 183 265 288 231 235 211 220 169 177 255 255 224 224
3244 136 136 175 177 265 288 231 235 216 218 173 173 247 255 220 228
2340 136 138 186 188 268 288 231 237 211 211 169 169 247 251 216 220
3165 136 136 186 190 0 0 228 237 211 216 169 169 251 251 216 224
700 136 136 173 183 286 293 235 239 216 216 169 173 251 255 216 220
1141 125 136 184 186 286 288 228 229 216 218 169 173 238 259 216 224
2418 136 138 186 188 268 286 228 237 211 220 169 169 243 247 216 220
155 136 136 175 183 286 288 233 235 216 218 169 173 255 259 228 232
3247 136 136 183 186 0 0 226 233 218 218 169 173 251 255 228 228
208 136 136 175 188 286 288 233 237 211 216 169 173 251 255 220 224
3465 136 136 186 188 288 288 235 237 211 216 169 169 247 259 216 220
983 136 136 184 190 268 288 235 237 216 216 169 173 251 259 220 220
1561 134 134 175 188 268 288 228 231 216 218 173 177 238 255 220 220
2142 136 136 177 186 268 286 233 235 216 220 173 173 255 255 224 228
719 136 136 175 175 265 286 233 241 216 218 169 169 247 255 224 224
1837 136 136 186 188 288 288 229 229 218 218 169 173 234 238 212 212
990 136 142 175 188 290 290 224 237 211 216 169 169 247 247 220 220
3188 136 136 186 190 0 0 228 235 216 216 169 169 243 251 216 232
1737 134 136 177 183 288 288 235 241 216 216 169 169 238 247 220 228
2753 136 136 177 188 268 268 231 231 211 211 169 169 251 251 216 220
3013 136 136 184 184 0 0 226 228 216 218 169 169 0 0 212 220
789 136 136 186 188 268 284 229 235 216 218 169 169 251 251 216 220
1653 125 136 175 190 268 284 229 229 216 218 169 169 251 255 220 220
2453 136 136 184 188 0 0 235 241 216 216 165 173 247 259 212 220
1755 125 136 177 177 0 0 233 233 207 207 0 0 243 243 224 224
3205 136 136 184 186 0 0 226 228 216 216 169 169 251 251 220 220
866 136 138 186 188 268 288 231 237 218 220 169 169 238 259 224 228
503 125 136 175 175 268 288 229 241 211 220 169 173 251 255 220 220
865 136 136 175 186 265 290 233 235 216 220 173 173 243 251 216 220
559 136 136 175 188 268 268 228 241 207 211 169 169 243 259 216 232
3253 136 136 184 186 0 0 233 233 220 222 169 169 255 255 224 228
2488 136 136 175 186 0 0 226 229 211 211 169 169 247 251 212 220
3305 136 146 177 183 288 288 233 233 218 220 169 173 243 251 216 220
1038 136 136 175 175 268 288 235 241 216 218 169 177 238 243 220 224
743 136 136 175 186 265 268 233 233 216 216 173 173 238 251 216 224
1608 134 134 175 186 288 288 237 241 216 216 165 165 0 0 220 220
1134 136 138 184 186 288 293 235 239 216 216 169 169 238 255 216 216
656 136 142 177 186 268 274 228 237 216 216 0 0 255 255 220 224
2516 134 136 175 175 288 288 233 241 218 218 169 169 251 263 216 220
3816 136 136 186 188 290 290 229 233 216 216 169 173 247 251 216 216
3000 136 136 175 186 290 290 231 239 216 218 169 169 251 259 216 220
238 136 136 175 177 288 290 228 235 216 220 169 169 234 255 216 228
3258 138 138 186 188 0 0 228 231 216 220 169 169 234 238 212 216
298 138 138 186 188 265 265 233 237 216 216 165 169 259 259 220 220
200 136 138 177 188 265 286 235 237 216 218 169 169 247 251 220 228
1731 125 136 188 188 265 265 231 235 220 220 165 173 234 234 228 228
2086 134 136 184 186 284 288 233 235 212 216 169 177 255 255 216 216
3876 129 136 186 186 268 288 229 241 211 220 173 173 251 255 220 220
1793 125 138 177 188 265 265 229 241 211 218 169 173 243 255 220 224
2356 136 136 175 186 268 268 228 237 211 220 169 169 247 255 208 224
3259 136 136 186 188 0 0 233 233 216 218 169 169 243 247 212 220
1925 136 136 186 190 265 288 235 237 216 218 169 177 234 251 216 220
681 136 138 186 186 268 288 228 231 216 216 173 173 243 247 220 224
2607 136 146 175 186 268 268 229 241 211 216 173 177 243 247 220 220
748 136 136 183 186 265 288 235 235 216 218 169 169 251 259 220 220
3170 136 136 186 190 0 0 229 229 0 0 169 169 255 255 220 224
302 136 136 175 186 265 268 231 235 216 220 169 169 251 259 220 228
592 136 136 183 186 288 288 241 241 211 218 169 173 243 255 220 224
775 136 136 175 188 265 268 229 237 216 216 169 169 247 255 220 228
3203 134 136 186 188 0 0 235 237 216 220 169 169 255 255 220 224
1857 146 146 177 183 268 288 235 235 211 216 0 0 243 247 220 220
2338 136 136 183 190 268 268 233 235 216 216 169 169 251 255 236 236
1924 125 136 175 186 268 268 229 233 211 216 169 173 251 255 216 220
3507 134 136 175 188 268 284 229 239 216 216 169 169 243 255 220 228
501 136 138 175 177 268 284 233 235 216 216 169 173 251 255 216 220
2999 0 0 175 186 0 0 235 235 216 216 169 169 247 247 220 224
3833 136 136 175 190 288 290 231 237 207 216 169 177 251 251 216 224
3268 136 136 183 184 268 268 228 233 220 222 169 169 243 251 220 224
2136 136 136 175 177 284 288 233 235 216 216 165 169 247 255 224 224
3803 136 136 188 190 268 268 229 235 216 216 169 169 251 251 212 220
127 125 134 188 188 265 288 229 235 216 216 169 177 243 247 220 224
3315 136 136 186 188 288 290 229 231 216 220 169 177 234 263 216 216
3333 134 134 188 190 268 288 231 241 216 220 169 169 238 255 220 232
1939 136 136 177 186 268 268 231 231 216 220 169 177 255 259 220 232
181 136 138 186 188 265 290 228 233 216 216 169 169 247 255 216 216
3567 136 138 177 188 286 288 228 239 216 216 169 169 243 259 224 224
3611 129 136 175 175 268 268 231 235 214 218 169 169 255 255 212 216
1645 136 136 177 188 268 268 235 235 211 220 169 177 247 247 220 220
2143 136 136 184 186 268 268 231 233 216 216 0 0 247 247 224 224
92 136 148 186 186 286 288 235 241 216 216 169 173 251 255 216 228
1436 125 136 175 188 268 286 228 229 216 220 169 177 243 259 212 224
1393 134 136 177 190 265 288 235 239 216 216 169 173 251 255 220 224
1888 134 134 0 0 0 0 233 233 216 220 173 173 238 251 220 220
1885 0 0 186 188 268 268 231 231 216 220 169 169 251 251 220 220
197 134 138 175 175 268 288 231 241 211 220 173 177 255 255 220 224
861 136 136 184 190 284 288 233 237 210 216 169 169 247 251 216 228
2174 136 136 183 186 268 268 229 241 216 218 169 173 247 247 216 220
3016 138 138 175 184 0 0 235 237 211 216 173 173 255 255 224 228
3498 129 136 175 186 268 284 237 241 210 214 169 169 251 255 220 232
2382 136 138 186 188 286 288 228 237 218 220 169 169 255 259 216 228
291 136 138 175 188 265 288 233 235 218 220 169 169 251 255 224 228
1461 136 136 184 186 284 288 229 235 211 220 169 169 243 247 216 216
3572 146 146 175 188 268 268 228 229 220 220 165 177 255 259 216 224
2751 136 142 175 175 0 0 231 235 216 216 173 173 234 247 216 220
3256 125 136 175 183 265 288 228 235 211 216 173 173 247 259 216 224
2390 136 138 175 190 268 290 228 237 210 216 173 173 243 247 216 224
245 125 136 175 188 265 265 229 237 216 220 169 169 238 247 212 228
1689 136 138 177 186 288 290 228 237 207 216 173 177 251 259 216 220
1459 136 136 186 190 284 288 237 243 220 220 169 173 251 255 216 216
2744 138 138 175 175 265 288 229 233 211 211 169 169 247 255 216 220
143 134 146 186 186 288 290 228 237 216 218 165 169 251 255 216 228
3282 136 146 177 184 0 0 226 241 210 218 169 169 251 251 212 224
1677 136 146 177 186 286 286 229 231 210 211 165 169 243 251 220 224
1773 136 138 177 190 265 268 229 237 211 216 169 173 243 243 224 224
1687 136 138 186 186 265 288 231 233 211 218 0 0 255 255 224 224
3880 136 136 188 188 268 288 228 228 211 218 169 169 251 251 216 220
384 136 142 177 188 284 288 228 228 216 220 169 173 238 255 224 224
1805 136 136 184 186 288 288 229 235 211 216 169 169 251 259 212 224
407 136 136 177 188 288 288 231 241 211 216 169 173 247 255 216 224
306 136 136 175 190 286 293 229 229 216 216 169 173 243 251 216 220
1084 136 136 175 184 268 288 229 233 216 216 177 181 234 255 208 220
2147 138 148 177 190 268 286 229 237 216 216 173 173 251 255 216 216
1612 136 136 177 186 268 290 229 231 216 216 169 173 247 251 216 216
779 136 136 188 188 284 284 235 235 211 220 169 173 251 259 216 224
696 136 138 173 175 268 290 237 243 211 218 169 173 238 238 208 224
415 136 138 177 177 290 290 229 239 210 216 165 173 251 255 216 232
2586 136 136 175 175 268 288 229 233 210 210 169 173 255 259 216 216
662 136 136 175 188 265 268 233 233 211 216 169 169 251 255 216 220
3251 134 136 177 188 268 290 229 233 216 220 169 173 255 255 216 220
926 136 136 188 190 268 288 235 237 207 211 169 169 243 251 224 224
3456 136 136 175 184 268 288 228 233 211 216 169 169 251 255 220 228
844 136 136 175 186 265 288 233 241 211 216 169 173 238 247 216 216
1649 136 138 177 186 265 268 235 235 211 216 169 169 251 255 224 232
3420 134 134 184 186 268 288 229 233 218 220 169 181 238 251 212 216
93 134 148 175 186 284 288 237 241 216 216 165 173 251 255 220 228
1850 136 136 175 175 265 265 235 235 207 216 177 177 247 255 224 224
1078 136 136 184 186 268 288 228 229 220 220 169 169 243 259 212 224
572 136 146 175 188 288 288 231 239 211 218 169 173 243 255 216 224
3158 136 136 175 186 288 290 229 231 218 218 169 169 251 259 220 220
153 136 142 175 184 268 288 229 241 216 220 169 173 251 259 220 224
2449 136 136 177 186 286 290 235 239 218 218 169 173 238 243 220 224
702 125 136 183 188 286 290 235 235 211 220 169 177 238 238 216 224
745 136 136 186 190 268 288 231 233 218 218 173 173 234 238 220 224
1107 136 136 177 186 288 290 229 235 216 220 169 177 234 255 220 224
2739 138 138 175 177 268 268 229 237 211 216 169 169 243 247 220 228
714 136 136 175 186 268 288 235 239 210 211 173 173 247 259 220 224
859 136 136 177 177 0 0 235 235 209 216 169 169 0 0 224 224
2129 134 142 175 188 268 288 228 231 0 0 0 0 255 255 220 220
1458 136 136 186 190 268 288 228 229 216 216 169 173 247 251 212 212
3248 136 136 175 186 0 0 226 229 220 220 169 177 247 251 220 228
221 136 136 186 188 268 268 231 233 211 218 173 190 247 255 232 232
3470 136 136 175 188 265 288 228 235 216 220 169 169 247 251 216 224
119 136 138 188 188 288 288 229 229 218 220 169 169 251 251 216 224
112 134 136 183 188 268 290 233 241 218 220 169 173 247 259 212 224
756 134 142 175 175 284 288 231 233 211 220 169 173 251 251 216 228
873 136 136 177 186 268 288 228 237 216 220 169 169 255 259 212 220
3744 136 136 183 183 268 268 228 229 0 0 0 0 247 247 216 216
3014 136 136 184 186 284 290 231 239 211 211 169 190 247 247 220 220
3854 136 136 175 183 265 288 233 237 218 220 169 177 255 259 216 224
3367 129 136 173 186 265 288 229 235 216 216 169 173 247 259 216 220
2377 136 138 175 186 265 286 241 241 216 218 173 177 238 263 220 232
121 138 138 0 0 265 265 228 228 210 216 173 173 0 0 224 224
217 136 142 186 186 268 284 228 231 216 222 165 173 255 255 220 220
1559 136 136 0 0 274 280 229 229 220 220 169 169 251 251 228 228
2126 136 136 175 186 265 268 231 233 211 218 169 173 247 247 220 232
3245 136 136 186 188 288 288 229 237 216 220 169 173 243 259 216 220
3836 136 136 177 186 268 268 233 237 216 218 173 173 247 255 216 224
232 125 134 186 190 268 284 228 237 211 216 169 169 243 255 220 228
3600 136 136 173 173 0 0 228 229 228 228 169 173 247 247 228 228
1035 136 142 175 175 288 288 228 241 216 218 173 181 243 263 220 228
2476 136 136 186 188 265 288 229 229 216 216 169 169 243 251 224 224
1785 136 138 175 175 268 268 229 239 220 220 169 169 238 247 224 232
898 136 146 184 188 288 288 229 241 211 220 169 169 251 255 224 224
3224 128 128 183 186 0 0 228 241 216 220 169 169 243 243 212 224
3193 136 136 186 188 0 0 228 237 211 211 169 173 243 243 212 216
481 136 136 184 186 268 284 235 235 207 211 169 173 251 255 216 224
3279 134 136 175 183 0 0 235 235 216 216 169 169 247 259 216 224
96 136 136 175 177 265 284 228 233 210 216 169 173 251 255 216 232
1765 136 136 177 190 265 265 228 237 211 216 169 190 238 243 224 228
2759 136 136 186 186 0 0 228 228 216 216 169 169 243 247 212 220
1491 136 136 177 186 265 268 239 239 216 218 169 173 251 255 212 220
3868 136 138 175 177 265 268 0 0 0 0 169 169 251 255 216 216
3576 136 136 186 190 286 288 228 228 211 216 169 169 247 251 220 224
3278 136 136 175 186 268 268 233 239 211 216 169 169 243 255 216 220
2460 136 142 177 190 265 288 226 228 0 0 169 173 259 259 220 228
3213 138 146 175 186 288 288 231 233 216 216 169 169 234 255 212 212
1767 136 136 186 190 268 268 239 241 216 218 169 173 243 247 216 224
2000 136 138 175 186 265 288 237 239 216 220 169 177 243 251 220 220
130 136 136 175 183 268 290 229 229 216 216 169 169 251 259 220 224
3261 125 136 186 188 265 288 229 235 211 216 169 169 247 255 212 220
2475 136 136 184 186 268 290 233 233 218 220 169 181 234 251 212 220
530 134 138 173 173 288 288 0 0 211 211 169 173 0 0 216 216
560 136 136 175 186 265 288 229 229 210 216 169 173 255 255 216 220
569 136 138 175 175 0 0 237 237 216 216 169 169 0 0 224 224
272 136 148 175 190 268 288 229 241 216 218 173 173 243 259 220 220
2371 129 136 186 188 268 268 233 235 209 211 169 173 247 247 216 216
122 134 136 175 175 284 288 229 229 216 218 169 169 243 255 220 232
3843 129 136 175 186 284 288 231 233 216 220 169 169 243 243 216 232
2557 136 136 183 186 0 0 228 228 0 0 169 173 243 243 212 220
1093 136 138 184 190 268 268 235 241 211 218 169 169 238 251 220 224
1430 136 136 175 190 286 288 229 239 216 220 169 177 243 255 212 212
575 136 136 175 183 268 288 231 233 216 220 165 169 251 255 216 224
3571 125 136 186 188 286 290 231 233 207 211 169 169 255 267 216 216
3187 136 138 175 186 0 0 229 233 216 216 169 173 243 255 216 220
3265 136 136 175 177 0 0 241 241 216 216 169 169 255 263 212 216
908 136 136 175 186 288 288 228 235 211 216 169 169 238 263 216 220
3302 136 136 175 186 0 0 228 229 0 0 169 173 238 251 220 224
2272 136 136 175 188 268 268 235 241 207 216 173 173 243 255 220 224
290 136 148 186 190 268 288 235 241 216 220 173 173 251 255 216 220
3243 136 136 175 184 265 265 228 233 218 222 169 173 247 255 216 224
3334 129 136 186 190 286 288 228 241 211 214 169 169 247 251 220 224
3722 136 136 188 190 288 293 233 233 218 228 173 173 255 259 216 224
1752 136 138 173 186 265 268 229 241 216 218 173 181 247 259 216 224
1748 136 136 175 177 288 288 235 237 216 218 169 169 251 259 216 224
2392 136 136 175 186 265 286 228 241 216 218 169 169 247 251 224 224
2083 125 136 175 184 268 286 237 237 207 207 169 169 251 263 216 216
3489 136 148 175 186 268 286 229 235 216 216 173 173 251 259 216 232
1757 125 136 173 188 265 265 231 235 220 220 165 173 234 251 216 220
139 136 136 186 186 284 288 239 241 210 216 169 177 251 255 220 224
1097 125 136 184 186 286 290 228 239 218 218 169 173 238 238 212 216
3761 134 134 186 190 268 288 235 235 216 216 173 177 243 259 224 236
2464 136 136 186 188 0 0 231 237 220 220 169 169 238 243 220 224
254 134 136 186 188 268 286 233 235 220 220 169 169 247 255 220 228
874 136 138 175 175 288 290 233 237 210 216 169 169 251 255 224 224
3231 134 134 175 183 268 290 228 241 216 220 169 177 238 255 220 224
1138 136 146 184 186 268 284 229 233 216 216 173 181 234 247 212 228
3873 136 136 188 190 265 268 229 235 216 220 165 169 247 251 216 224
3520 136 136 177 186 284 288 231 241 220 220 165 173 247 251 216 224
1781 136 136 188 188 288 290 228 237 220 220 169 173 259 263 216 224
3273 136 138 175 186 0 0 233 239 214 218 169 169 247 255 212 220
2358 125 138 175 183 268 286 235 239 211 216 169 173 247 251 216 220
2493 136 136 175 177 0 0 228 237 211 216 169 169 255 255 216 220
2556 136 136 175 184 288 288 231 237 211 216 169 173 255 259 216 220
3544 136 148 184 186 268 290 231 237 218 218 173 173 251 255 220 232
1912 140 144 0 0 268 269 226 228 228 228 0 0 267 267 224 228
2396 136 136 186 188 286 286 228 233 216 218 165 169 259 259 212 224
2141 136 146 186 186 288 288 228 239 211 216 169 169 255 259 220 228
3241 125 138 175 175 268 284 233 235 218 220 169 173 243 255 224 232
1456 144 144 0 0 274 274 228 229 220 220 169 177 0 0 224 236
3271 136 136 175 190 0 0 0 0 216 220 169 173 255 263 220 220
2998 136 136 186 186 0 0 229 229 216 216 169 169 247 255 220 220
1115 136 136 177 186 268 268 229 239 216 216 169 169 0 0 220 220
1900 136 138 188 188 265 268 228 235 216 216 169 169 247 263 216 220
3437 129 136 186 186 288 290 233 237 216 220 169 169 247 251 220 224
578 136 146 175 188 288 290 233 235 211 216 169 177 247 255 220 220
2496 136 136 175 188 284 288 229 235 220 220 169 169 251 255 224 228
3280 136 138 186 186 0 0 239 241 218 218 169 173 247 255 224 228
2632 138 138 175 175 288 290 233 241 211 220 169 177 251 255 216 224
1808 136 138 183 188 284 284 229 239 216 216 169 173 234 255 212 220
3832 134 136 188 188 268 288 235 241 211 216 169 173 251 259 220 224
2332 125 136 175 186 284 288 231 235 211 222 169 169 247 255 216 224
1616 136 146 175 177 268 286 233 237 216 220 169 169 251 259 220 220
1397 136 136 186 186 288 288 235 235 212 212 169 169 251 251 236 236
3540 136 136 186 188 268 268 228 231 216 218 169 173 255 255 220 224
3185 136 136 186 188 0 0 229 237 211 220 169 173 243 251 212 216
3325 136 136 175 175 284 288 237 241 216 218 169 181 251 255 220 224
3340 138 146 175 184 284 284 228 229 220 220 0 0 0 0 212 212
1073 136 138 175 186 288 293 229 229 211 220 169 169 243 255 212 216
378 136 136 175 184 268 288 231 241 216 216 169 169 234 255 216 232
3503 136 136 175 186 268 288 233 235 211 220 169 173 251 255 216 224
995 0 0 184 190 0 0 237 237 216 216 169 169 251 259 220 220
3353 136 136 175 175 265 268 229 231 210 216 169 177 247 255 216 224
3015 125 136 175 186 0 0 241 241 218 218 169 177 255 255 224 228
3563 125 136 188 190 284 290 235 241 216 218 169 169 243 255 220 224
1644 136 136 183 186 268 284 229 233 210 216 169 169 247 251 216 228
3901 136 136 175 184 268 290 229 231 210 216 169 173 238 247 220 224
3856 129 136 186 186 290 290 233 241 216 220 169 173 238 247 220 224
229 136 136 186 188 268 290 233 235 211 220 169 169 247 247 212 220
150 136 138 175 175 284 288 228 235 216 216 177 177 238 251 220 232
3537 136 146 175 175 268 288 233 235 218 218 169 173 255 255 216 224
1688 136 138 186 188 268 288 235 241 216 220 169 173 238 251 220 224
782 136 138 186 188 286 290 233 233 216 220 169 181 243 251 220 232
900 136 138 175 183 268 288 235 241 210 218 169 169 243 255 216 220
922 136 136 175 188 268 290 231 237 216 218 169 169 251 259 216 224
608 136 136 186 188 268 288 228 229 211 218 169 177 234 255 216 216
3007 125 136 175 177 0 0 233 235 216 220 169 173 251 263 216 220
372 136 136 188 188 288 288 228 235 218 218 169 169 247 255 224 228
2344 136 136 186 186 284 290 228 237 207 216 169 169 255 255 216 220
91 136 136 184 190 268 288 231 235 220 220 165 173 247 251 216 220
1144 136 146 177 186 284 290 231 233 216 216 169 173 243 251 224 228
2339 136 136 184 184 262 262 0 0 211 211 169 169 0 0 216 216
2127 136 136 175 177 268 290 235 237 216 216 169 169 247 251 220 228
3735 136 136 177 188 265 288 231 233 0 0 169 169 243 247 216 224
3285 134 136 175 186 0 0 235 235 211 216 169 169 247 247 212 216
3216 0 0 184 186 0 0 233 241 218 218 169 169 259 259 212 220
2495 0 0 186 186 0 0 228 228 216 218 169 169 243 243 212 212
1504 125 146 175 183 265 268 229 231 211 216 169 173 243 247 216 220
1940 134 136 186 194 268 288 229 237 216 218 169 173 251 255 224 232
2487 136 136 186 188 268 288 228 241 220 220 169 169 247 251 220 224
2634 136 136 177 186 0 0 231 235 211 216 169 169 0 0 212 216
1563 136 136 188 190 288 288 233 237 211 220 165 169 247 259 216 228
2413 134 136 177 183 284 290 231 241 216 216 169 173 251 251 224 224
3870 146 146 175 186 284 284 229 233 216 216 169 173 243 255 228 228
220 136 146 186 188 268 268 229 235 216 222 169 169 247 251 220 232
3484 136 136 175 186 268 290 229 237 211 216 169 169 243 251 220 228
568 136 138 175 175 256 271 235 235 211 216 169 169 243 243 216 216
310 136 138 177 188 265 288 235 241 211 216 169 169 251 255 224 232
2625 125 134 186 188 265 290 229 233 211 216 169 173 251 259 220 228
487 125 136 183 186 268 286 229 235 216 220 169 177 251 255 220 224
2427 136 136 188 188 288 288 229 237 218 220 169 177 255 263 224 224
3380 150 150 186 186 268 268 229 233 211 216 169 169 243 251 228 232
252 136 136 175 188 268 268 231 231 218 218 169 173 247 251 224 232
925 136 138 175 188 288 290 229 233 211 216 169 173 251 251 220 220
3411 136 136 177 188 268 290 233 239 207 216 169 169 247 251 224 224
1143 136 138 186 186 265 288 235 235 216 216 169 169 255 255 216 216
1819 136 136 190 190 286 288 229 237 216 218 169 173 247 251 228 232
3795 136 136 175 184 286 288 233 241 214 216 173 173 238 238 216 220
1552 136 146 186 186 268 268 229 237 211 218 169 173 255 259 220 220
1856 136 136 175 175 290 290 233 235 210 216 169 169 251 255 216 220
504 125 136 175 175 268 288 231 241 211 216 169 173 251 251 212 224
3349 138 138 177 188 268 284 233 241 216 216 169 173 251 255 212 220
3542 136 136 186 186 268 268 0 0 216 216 169 169 243 251 220 232
932 125 138 188 188 265 284 231 233 211 220 173 177 234 251 220 220
1780 136 136 175 177 268 288 228 231 216 218 169 169 234 259 224 224
3541 136 142 177 188 284 288 233 239 211 216 165 173 251 255 220 224
1921 136 146 175 186 268 286 229 231 216 220 169 177 247 251 220 228
211 136 136 177 186 268 288 228 239 216 220 169 169 251 255 224 224
3808 129 136 177 186 265 293 228 233 216 220 169 169 255 259 220 228
3472 134 138 190 190 268 288 228 233 211 220 169 169 251 255 216 220
1880 125 125 177 186 290 290 228 231 207 218 169 169 251 251 228 232
3219 136 136 186 188 288 290 229 241 216 218 169 169 238 255 220 224
3171 136 136 175 186 0 0 229 241 216 216 169 169 251 251 212 224
2467 136 138 175 188 284 290 229 239 216 220 169 173 234 259 212 224
1139 136 136 186 186 265 265 229 235 210 218 169 169 251 251 220 224
3012 136 136 175 186 0 0 239 239 216 216 169 169 251 259 216 216
2542 136 136 175 186 265 288 229 231 211 218 169 173 247 247 216 220
2368 136 136 188 190 268 288 229 231 211 218 169 173 251 251 220 224
3830 129 129 188 188 288 288 233 233 0 0 0 0 243 243 216 224
1825 136 136 186 186 0 0 228 228 0 0 169 169 255 255 220 220
3864 0 0 183 186 288 288 228 228 218 218 169 181 247 255 224 224
2274 136 138 184 186 265 265 233 233 211 216 169 169 247 247 212 224
3887 136 136 184 188 286 288 228 228 216 216 169 169 247 251 216 224
3915 136 136 186 188 288 290 228 233 216 216 173 181 259 259 220 224
157 134 136 175 188 268 288 229 235 216 220 173 173 243 247 220 220
1828 136 136 184 186 286 288 228 229 211 211 169 173 251 255 216 228
639 136 138 175 184 265 268 235 235 211 216 165 173 247 255 220 224
2474 136 136 186 188 268 268 231 239 218 220 169 169 251 255 224 232
33 136 146 175 184 284 290 233 235 211 220 169 169 255 259 220 220
3598 136 136 175 188 268 286 231 239 211 218 169 173 251 255 220 224
438 136 136 175 177 288 288 231 241 216 222 169 169 247 259 228 228
38 125 136 188 188 268 288 228 229 216 220 169 169 251 255 216 224
3348 136 136 184 186 268 288 228 233 211 216 169 173 243 255 220 224
2592 136 136 183 186 0 0 235 237 218 218 169 169 251 259 212 220
1706 136 136 186 188 288 288 233 235 216 216 169 169 251 251 216 220
3657 129 136 186 188 268 268 231 233 210 214 169 173 243 259 216 220
1524 136 136 175 186 284 284 229 239 210 210 169 169 243 251 212 216
1896 136 136 175 188 288 290 229 241 216 216 169 181 243 263 228 228
2750 136 142 188 188 288 288 228 237 211 220 169 173 259 259 220 220
2846 136 136 186 188 265 284 229 233 216 216 169 169 251 259 220 232
99 125 134 186 186 268 290 229 241 216 218 169 173 247 255 224 232
3323 136 136 186 186 286 288 224 231 0 0 169 169 238 238 212 216
3343 136 136 175 186 265 268 235 235 210 211 169 177 251 255 224 224
224 134 136 175 175 288 290 235 241 211 216 169 169 247 259 216 224
3001 136 136 186 190 284 288 229 237 216 216 169 169 247 251 216 228
2351 136 136 184 186 268 268 229 239 216 218 169 177 247 251 220 224
2530 136 136 175 190 268 268 237 237 211 216 173 177 255 263 212 220
658 136 136 186 188 288 290 229 233 220 220 173 177 243 263 224 224
2752 125 142 184 186 268 288 231 239 211 216 169 173 238 247 220 224
2328 136 136 184 188 284 288 235 235 216 218 169 173 251 255 220 232
3869 136 136 186 186 268 268 229 229 214 214 0 0 251 255 220 224
1422 136 136 190 190 286 288 239 239 216 220 169 173 251 255 212 212
3481 136 136 175 186 268 284 237 241 211 216 169 169 251 251 220 220
3178 134 134 184 186 0 0 228 228 211 211 169 177 259 259 212 220
2378 136 138 186 186 286 286 239 241 216 216 177 177 238 263 0 0
2636 136 136 175 186 0 0 233 237 211 211 169 173 251 251 220 224
3752 129 134 186 188 268 290 229 241 211 211 165 181 243 255 212 228
1790 136 136 175 186 265 288 228 233 216 218 169 169 238 263 216 224
3002 136 136 186 188 0 0 228 233 211 218 169 173 255 259 212 220
3852 129 136 175 175 268 268 237 241 210 216 169 169 251 251 224 232
3356 136 136 186 188 286 288 228 235 216 216 169 169 247 247 216 216
3764 125 136 0 0 290 290 233 233 211 211 173 173 0 0 220 220
2435 136 136 177 183 0 0 228 235 210 216 173 177 234 234 228 228
3909 129 146 186 188 284 288 229 237 214 216 169 177 247 251 220 224
1447 136 136 186 190 268 268 237 237 211 216 173 173 247 255 212 224
3548 129 136 186 188 288 290 233 235 216 220 169 173 243 251 228 232
2406 136 136 186 188 288 290 229 233 216 216 169 169 255 259 224 224
3221 136 136 183 186 268 288 228 235 211 216 169 173 255 255 216 232
3822 134 136 188 188 288 288 228 237 211 220 169 169 234 234 220 220
895 136 136 184 190 268 288 235 235 216 216 169 169 238 251 220 224
2840 136 136 175 184 268 290 235 235 211 218 169 173 238 247 216 224
1142 125 136 186 188 286 288 228 229 211 218 169 169 247 251 216 216
1509 125 136 175 188 268 268 237 239 216 216 169 173 247 259 220 224
2353 136 136 177 184 265 286 231 239 216 220 169 177 251 255 216 224
1893 136 138 186 188 288 288 228 233 211 216 173 181 243 263 212 220
228 136 136 177 188 268 268 233 239 211 222 169 173 247 251 216 232
3242 125 136 175 186 265 290 233 241 216 218 169 169 251 255 220 224
722 136 146 175 188 268 268 229 229 216 216 165 169 255 255 224 224
2502 136 138 186 188 0 0 228 229 211 216 169 173 243 255 212 220
3715 136 136 183 188 265 268 228 229 210 216 169 169 251 251 216 220
2410 129 136 186 188 290 290 231 241 220 220 173 173 238 251 228 228
985 136 136 175 175 268 290 235 235 211 218 169 173 251 251 216 220
3845 134 136 183 186 288 290 228 241 218 220 169 181 255 255 216 224
3779 132 146 177 188 268 290 229 233 220 220 169 181 234 247 212 220
3848 134 136 186 186 268 268 229 229 211 222 165 169 251 255 220 224
3508 136 136 175 188 288 288 235 241 216 216 169 169 247 255 216 224
457 136 136 183 186 268 268 233 233 220 222 169 173 251 255 224 228
3798 136 136 175 194 274 274 228 229 228 230 169 173 238 243 212 216
2412 134 136 177 183 284 290 231 241 216 216 169 173 243 251 224 224
2599 125 125 175 186 265 286 228 229 211 211 169 169 243 259 220 224
3249 138 138 175 188 288 288 233 239 216 218 169 169 247 255 220 224
3238 134 136 175 175 268 288 235 241 211 220 169 173 251 251 220 228
1074 136 136 175 184 265 286 229 229 216 216 169 169 243 243 216 220
3867 134 134 175 177 265 284 229 237 216 220 169 169 247 251 224 236
2331 136 138 186 188 0 0 235 235 220 220 173 173 255 255 224 224
2431 136 146 175 188 268 268 235 239 211 220 169 173 247 251 220 224
3907 129 136 0 0 259 288 241 241 220 220 165 173 0 0 216 224
3004 136 136 186 186 0 0 226 228 218 218 169 169 247 255 212 220
1104 125 140 186 186 265 288 229 229 216 220 169 173 255 259 216 216
2398 136 142 175 188 290 290 229 235 211 216 165 165 0 0 228 228
340 136 136 175 188 288 288 235 237 220 220 169 169 251 251 220 220
3488 134 138 177 186 288 288 228 228 216 224 169 177 255 255 224 232
3496 129 136 177 186 288 288 237 237 210 220 169 173 251 255 232 232
1606 136 136 175 186 284 288 233 239 216 216 173 173 251 251 216 224
3913 136 136 186 188 288 288 233 235 211 216 173 173 238 251 216 216
2524 136 136 177 188 268 268 235 235 216 222 173 173 251 255 216 220
3886 136 136 177 188 288 288 239 239 211 211 177 177 251 251 220 228
3932 136 136 186 188 265 288 228 235 216 222 169 169 238 251 216 216
3811 136 136 183 184 284 284 235 235 220 220 0 0 255 255 216 216
1646 136 136 175 175 286 288 229 233 216 220 169 169 259 263 212 220
253 134 142 175 175 268 284 237 241 218 218 169 169 238 251 220 232
1555 136 136 175 190 268 288 235 237 211 220 169 169 247 251 216 228
3778 134 136 186 186 0 0 228 239 228 228 169 169 243 243 228 228
918 136 146 186 186 268 288 233 241 216 216 169 169 243 259 216 220
1618 136 136 175 177 268 268 233 233 216 216 169 169 255 263 216 224
1648 125 125 175 186 286 286 229 239 218 218 173 181 255 255 220 228
3782 136 136 177 188 286 286 237 239 216 216 169 173 251 255 220 220
3500 136 136 177 186 286 290 231 239 211 220 169 173 247 263 224 224
2376 136 146 186 186 265 268 231 235 216 220 169 169 243 255 228 228
3497 136 136 175 190 288 288 235 235 216 216 169 173 247 251 212 224
2914 136 136 175 186 286 288 229 235 216 220 169 169 259 263 216 224
2537 138 138 175 186 0 0 228 229 216 218 169 169 247 255 224 224
3363 136 136 186 188 265 284 233 241 216 216 165 169 247 251 228 228
3260 136 136 175 188 268 290 228 231 216 216 169 177 247 259 224 224
37 136 136 186 186 268 284 228 228 211 216 169 169 0 0 224 224
3512 136 136 186 186 268 290 235 239 214 218 169 169 243 251 220 232
3532 136 136 186 188 265 286 231 237 216 216 169 169 247 247 216 216
1071 136 138 186 188 268 268 231 233 216 220 169 177 251 259 220 220
2389 136 136 186 188 268 288 235 235 216 220 165 173 238 255 224 228
2369 136 136 183 190 268 288 235 235 216 216 169 169 251 255 220 220
3817 136 136 175 175 288 288 229 233 218 218 169 169 0 0 216 216
790 136 136 175 188 268 290 229 237 211 216 169 173 247 255 220 224
3894 136 136 177 186 268 290 229 231 210 218 173 173 251 251 216 232
567 136 138 175 184 268 286 235 235 211 216 169 169 243 247 216 220
3487 146 146 186 186 268 286 229 233 216 220 169 169 247 251 220 224
3332 125 129 184 186 268 284 228 229 216 220 169 173 255 259 216 216
1820 125 136 184 186 268 268 228 229 216 216 169 169 255 259 220 228
3009 125 136 175 175 0 0 231 235 211 222 169 173 247 247 216 232
2566 136 136 175 190 0 0 231 237 211 216 169 169 255 255 212 220
3725 136 138 186 190 265 268 231 241 211 216 169 181 238 255 216 224
3874 136 136 175 184 288 290 229 237 216 222 169 169 238 255 216 232
2468 138 138 186 188 268 288 228 229 216 220 169 169 234 259 212 228
3506 136 138 175 175 268 268 231 231 0 0 0 0 251 251 216 220
1816 136 146 183 184 268 284 229 235 216 220 169 169 238 259 220 224
741 136 146 175 177 265 288 231 235 216 220 173 173 255 263 216 224
3211 136 138 177 186 0 0 235 241 218 220 169 173 255 259 220 224
3949 136 136 188 188 288 290 231 235 207 226 165 169 251 255 216 224
1678 138 138 186 186 265 288 237 237 211 216 169 173 251 255 216 220
225 136 136 188 188 284 290 231 235 211 218 169 169 243 255 220 224
2996 125 136 183 186 0 0 228 228 216 216 169 169 238 247 212 220
246 125 136 175 186 268 290 228 229 211 216 165 173 234 255 216 220
3884 146 146 175 186 265 284 0 0 0 0 169 173 243 243 228 228
3344 136 146 183 188 288 288 229 229 216 216 169 169 234 251 212 212
3455 138 138 175 175 290 290 233 237 207 216 169 169 247 255 216 228
3834 136 136 175 186 288 293 233 237 211 218 169 169 238 247 216 220
114 136 136 175 186 284 288 233 239 211 216 173 173 247 251 216 224
454 136 136 184 186 268 288 228 235 211 216 169 173 238 255 220 228
3485 129 136 177 177 288 290 235 241 216 216 169 169 243 251 216 216
2366 136 136 175 188 268 268 229 235 211 216 169 169 251 251 216 216
3831 136 136 175 188 284 284 241 241 218 218 0 0 0 0 224 224
7 125 136 184 188 268 288 228 228 216 220 169 169 255 255 212 216
1433 144 146 181 181 274 274 228 229 216 226 165 173 0 0 224 236
3737 136 136 177 188 286 288 231 237 220 220 169 173 243 243 224 224
3740 136 136 186 188 265 288 224 231 211 218 169 173 238 238 212 216
793 125 136 175 183 265 286 231 235 216 218 169 169 259 259 220 224
3813 136 136 183 186 284 288 229 237 211 216 169 169 251 251 220 224
2760 136 136 186 188 288 290 229 235 216 220 169 173 255 259 216 224
3582 136 136 175 190 288 290 235 241 211 216 169 169 243 251 216 224
1522 136 138 184 186 284 286 235 235 211 216 169 169 243 243 212 212
2465 0 0 177 186 0 0 231 237 218 218 169 169 247 255 212 220
3807 136 136 175 186 265 286 231 231 211 216 169 169 234 247 220 228
3217 136 136 175 190 288 288 233 241 216 220 169 173 255 263 220 220
3246 125 136 175 188 265 286 229 239 216 220 169 173 255 255 216 224
312 125 136 177 186 268 288 235 237 216 218 169 169 243 251 220 224
1864 136 138 175 188 268 290 228 233 216 216 169 173 243 251 216 224
111 136 138 175 190 268 288 228 239 216 220 169 169 255 255 212 224
3263 136 136 177 188 0 0 231 239 216 222 169 177 247 255 220 224
3314 136 136 186 186 268 288 228 235 211 216 169 169 234 251 212 212
1838 138 138 175 186 288 288 229 229 216 220 169 177 234 234 212 228
3802 136 136 175 186 286 288 231 231 216 220 169 169 247 251 216 224
2541 136 146 186 186 0 0 228 235 216 216 169 169 247 259 224 232
1304 144 146 188 188 274 274 228 229 220 220 190 190 0 0 228 236
3595 129 136 186 186 268 290 229 235 210 220 169 169 247 255 220 224
3281 125 136 175 175 268 288 229 239 216 216 169 173 251 255 224 232
1501 136 136 186 186 265 265 229 229 210 214 0 0 251 251 216 216
2569 136 136 175 190 288 288 231 239 211 216 169 173 234 247 212 224
154 138 138 173 186 265 265 229 237 211 216 173 173 255 259 212 224
3760 136 136 177 186 284 288 231 239 211 211 173 173 243 247 212 220
3781 136 136 184 186 268 284 229 233 216 216 169 169 243 251 220 228
1607 134 146 186 188 268 290 231 233 211 220 165 173 234 255 216 220
3669 134 136 175 175 288 288 228 241 216 216 169 173 247 255 220 224
2341 136 148 175 188 268 288 235 235 211 216 169 173 251 251 216 220
137 136 136 177 177 265 290 229 231 216 216 169 173 247 255 224 224
2535 125 136 175 177 265 265 226 235 210 218 169 169 238 255 216 224
256 136 136 175 186 265 268 231 235 218 218 169 173 251 255 220 224
3608 136 138 175 188 268 288 228 235 211 220 169 173 255 255 216 224
3523 136 136 175 177 286 286 235 241 218 218 169 173 243 251 212 220
218 136 136 175 186 286 288 228 233 211 218 169 169 255 259 216 220
85 136 136 188 190 286 288 229 233 211 220 173 173 247 251 220 224
525 136 136 0 0 288 288 229 235 211 216 165 169 247 247 224 228
3468 136 136 175 188 288 288 233 233 216 220 169 177 243 251 216 224
3859 136 136 175 188 268 288 235 241 211 220 169 173 255 255 224 232
1512 128 128 184 184 288 308 229 229 211 228 165 165 0 0 212 216
247 136 136 177 188 268 288 229 231 211 220 169 173 251 251 220 220
2601 134 136 175 175 265 268 231 233 216 216 169 169 251 255 216 224
3240 136 136 188 188 290 290 229 231 216 220 169 173 243 247 212 220
3553 129 136 186 188 265 286 231 237 214 214 0 0 247 247 216 216
249 136 138 175 190 265 288 237 237 210 218 165 169 0 0 216 232
1137 136 136 0 0 286 286 239 241 211 218 169 173 251 251 220 228
2497 136 142 186 188 0 0 228 235 211 216 177 177 238 247 212 220
3806 136 136 186 186 268 286 233 237 218 218 169 173 238 243 212 224
251 136 136 184 188 288 290 233 235 216 220 169 173 247 251 220 224
2466 136 146 184 188 284 288 235 239 211 216 169 169 234 251 212 228
158 125 136 184 186 268 288 229 235 211 216 169 173 247 251 220 224
3345 138 146 177 188 268 288 229 233 211 218 169 173 234 247 212 220
