M5 5 5 3 4 7 8 5 11 9 13 3 4 2 9 5 5
M6 5 5 2 2 8 15 4 9 4 7 2 2 1 1 4 5
M9 5 8 8 8 8 8 5 5 8 9 2 2 1 9 4 7
M10 5 6 2 8 15 15 5 9 8 9 2 3 5 6 3 9
M12 5 5 2 2 14 16 5 5 9 9 2 8 5 6 4 4
M13 5 5 3 0 8 13 5 0 7 9 2 3 1 5 6 6
M14 5 5 6 8 15 15 8 10 3 7 2 2 5 6 4 5
M16 5 5 2 2 13 13 5 6 4 4 2 3 4 6 6 6
M17 5 5 2 8 15 16 3 8 7 7 2 2 6 7 5 5
M18 5 8 6 8 13 14 7 7 7 0 2 3 2 6 5 0
M19 1 5 2 7 15 15 8 9 7 9 2 2 3 5 5 6
M20 5 6 7 7 7 14 7 8 4 4 2 2 5 5 5 6
M23 5 5 6 9 0 15 10 12 7 7 2 2 0 7 4 4
M26 5 5 3 8 7 14 4 9 4 7 1 3 5 7 5 6
M27 1 5 7 7 0 16 9 11 7 7 2 2 5 7 0 6
M29 1 1 2 7 8 14 6 11 7 7 0 2 1 5 0 6
M30 5 5 3 8 7 8 5 6 2 4 2 2 3 9 4 6
M31 1 5 3 7 5 13 5 7 4 10 2 7 4 5 5 5
M37 0 5 0 2 7 8 4 5 3 13 3 3 1 5 4 4
M41 5 6 3 7 13 15 11 11 7 9 2 2 4 5 5 5
M42 5 5 2 8 8 15 5 10 7 8 2 3 5 5 6 6
M43 5 5 8 9 13 16 5 8 7 7 2 2 4 5 4 5
M44 5 5 2 8 8 8 6 6 7 12 2 3 4 7 4 5
M50 5 5 0 8 7 15 7 8 7 8 2 3 0 4 3 6
M51 5 5 7 8 7 8 5 5 7 11 2 2 5 5 3 5
M53 5 5 2 0 7 13 8 8 4 0 2 2 9 9 3 5
M55 5 5 2 7 8 16 7 7 8 8 2 3 1 7 5 6
M56 5 10 6 9 14 15 4 9 4 4 2 2 2 5 4 8
M57 5 5 0 9 15 06 7 9 7 9 2 2 2 5 5 5
M58 5 5 2 9 8 14 4 8 7 12 3 3 3 3 6 6
M59 4 5 7 8 7 7 4 6 4 0 2 2 5 0 6 7
M60 5 5 7 8 7 15 6 6 7 7 2 2 2 3 3 7
M63 4 10 0 8 14 16 9 10 0 9 1 1 6 8 4 5
M65 5 5 7 8 15 15 5 8 7 7 1 3 2 5 5 6
M66 0 5 7 8 8 17 4 4 8 9 0 2 3 7 4 6
M67 5 6 2 9 8 8 5 12 6 7 1 3 5 6 4 5
M68 1 5 2 8 8 16 6 8 7 8 2 2 7 7 4 5
M69 6 11 2 2 0 8 7 7 7 8 2 2 4 0 6 6
M71 5 5 2 9 8 8 5 5 9 12 3 5 5 5 5 7
M73 1 5 6 7 8 8 8 8 4 9 2 2 4 6 5 8
M74 5 6 5 8 8 13 6 11 7 7 2 2 2 9 3 6
M75 5 5 2 7 8 15 8 10 4 12 2 8 3 5 5 6
M76 5 5 2 7 8 15 6 8 4 7 2 3 5 9 3 5
M77 5 5 6 6 7 7 4 8 7 9 2 3 3 6 5 6
M78 10 10 8 8 8 04 7 7 0 7 2 2 2 5 3 8
M80 1 5 7 7 14 15 5 7 9 9 2 2 2 5 3 3
M81 5 5 2 3 7 8 8 9 7 7 2 3 5 7 6 6
M82 5 5 7 8 7 15 5 7 4 7 2 4 4 6 5 5
M83 5 0 2 2 8 8 4 11 7 8 5 0 5 5 4 5
M85 5 6 2 3 03 13 7 01 7 10 2 4 4 5 4 8
M86 5 5 1 8 7 14 8 8 7 9 2 2 6 7 4 6
M90 5 5 2 3 7 8 5 10 8 9 2 2 3 4 5 6
M91 5 5 7 8 8 15 5 11 7 7 1 1 2 5 3 5
M92 1 5 8 0 15 16 5 6 8 8 2 3 5 0 5 6
M93 10 00 8 8 8 15 0 9 9 9 3 5 6 6 5 8
M94 5 5 5 7 8 15 6 6 7 7 2 2 4 5 4 5
M95 5 5 0 7 15 06 5 7 4 8 2 3 5 5 6 7
M97 0 5 7 8 15 15 5 8 7 7 2 2 4 0 4 5
M99 5 5 2 8 13 15 4 11 7 7 3 4 0 0 7 8
M100 0 5 7 8 8 8 5 10 4 8 2 2 2 5 4 0
M101 1 0 2 7 8 8 7 7 0 7 3 3 3 7 4 4
M103 5 5 2 8 04 15 4 4 2 9 2 7 5 7 0 7
M104 5 8 6 9 13 15 8 11 4 8 2 3 4 4 5 6
M105 3 5 7 8 8 06 10 10 0 7 3 3 3 3 4 4
M106 5 5 0 8 13 16 7 9 0 4 2 2 4 4 4 5
M108 5 10 2 7 8 15 6 6 4 4 2 5 4 5 4 6
M112 10 10 6 8 13 14 5 6 9 9 4 4 6 7 5 6
M114 5 5 7 7 7 8 0 8 0 7 2 8 5 6 6 6
M115 5 5 2 7 15 15 9 11 7 8 2 3 6 6 6 8
M116 5 14 2 8 7 15 5 6 4 4 2 2 4 7 5 5
M118 5 5 1 7 14 16 6 11 6 7 2 4 6 6 3 4
M119 5 5 2 7 8 8 5 8 6 9 3 4 5 5 3 4
M121 5 10 8 8 15 16 10 11 4 9 3 3 2 6 4 6
M123 5 5 7 8 8 15 5 0 7 9 2 2 0 6 5 5
M128 5 6 3 7 7 14 7 9 7 9 2 3 6 6 4 8
M129 4 5 2 7 7 8 5 5 2 4 2 2 6 6 6 6
M130 3 4 3 8 14 15 5 9 7 7 2 3 6 6 6 6
M132 1 5 5 7 8 15 5 9 8 9 2 2 6 7 5 5
M133 5 5 6 8 8 05 4 5 4 9 2 3 0 6 5 6
M134 4 6 3 7 8 8 5 5 3 4 2 3 5 6 4 7
M135 5 5 8 8 16 16 5 10 7 9 4 4 4 5 4 6
M137 5 5 2 7 8 14 7 11 3 9 2 2 6 6 4 5
M138 5 5 8 9 7 15 7 7 7 9 2 3 3 5 4 4
M139 5 5 0 0 8 8 6 7 7 7 2 3 2 6 5 5
M140 5 5 2 8 14 05 8 0 8 9 2 2 4 4 4 6
M141 5 5 0 0 7 16 5 7 3 7 2 2 4 7 6 6
M142 5 5 3 8 7 0 5 11 4 7 2 0 6 6 3 6
M143 5 5 2 7 8 14 5 11 1 9 2 2 6 6 5 6
M144 5 5 7 8 8 16 4 8 7 8 2 4 3 5 4 4
M145 5 5 7 8 15 16 5 9 7 7 2 2 6 6 6 6
M146 4 5 2 2 8 13 6 8 0 0 3 4 4 9 3 6
M147 5 6 0 7 13 15 6 11 7 8 1 0 2 5 4 5
M148 5 5 6 7 14 16 4 7 7 7 2 3 6 6 5 5
M152 1 3 7 9 13 14 7 8 7 7 2 2 3 5 4 6
M153 5 5 3 6 15 15 9 12 7 9 1 2 5 6 5 6
M154 5 5 2 7 15 15 10 10 7 0 2 4 2 9 5 0
M156 1 5 7 8 8 15 5 6 3 7 2 3 3 6 4 5
M157 5 10 6 6 4 7 0 9 8 8 2 3 1 9 0 5
M159 4 4 2 7 8 15 12 12 7 7 3 4 3 7 6 6
M160 5 5 2 6 14 14 4 7 9 9 2 3 1 7 4 7
M161 5 5 2 7 8 05 11 11 0 8 2 2 7 7 3 5
M165 5 10 2 7 8 15 8 8 7 12 2 2 5 5 5 5
M168 5 5 3 3 7 16 5 9 9 0 1 0 3 4 4 5
M169 5 5 7 7 16 16 7 7 4 7 2 2 7 9 5 10
M170 5 5 7 8 8 15 5 11 1 8 2 3 5 7 4 4
M173 5 0 7 7 7 8 5 8 7 0 2 2 2 7 5 5
M175 5 5 2 9 7 8 7 7 9 9 3 5 5 5 4 4
M177 5 5 2 3 8 8 7 8 4 7 3 3 4 5 5 5
M179 1 5 5 7 0 8 7 7 4 4 2 4 5 5 0 4
M181 1 6 2 7 7 8 7 0 9 10 1 2 3 0 5 6
M182 5 6 2 7 14 15 7 9 6 8 2 3 5 6 4 5
M184 5 5 0 2 15 15 0 7 9 9 2 2 4 6 5 6
M186 5 5 2 7 16 16 4 8 7 7 2 3 7 7 4 6
M187 5 5 7 8 8 8 5 00 4 9 0 2 7 9 5 5
M188 5 5 2 3 15 16 5 6 0 9 1 2 4 4 0 5
M189 5 0 2 6 8 13 9 9 4 0 2 2 4 6 6 6
M190 6 6 2 6 13 13 0 8 7 7 2 0 3 5 5 6
M193 1 5 6 7 15 16 5 5 7 8 2 3 4 5 5 6
M194 1 5 2 7 7 8 5 0 7 0 2 2 5 5 4 8
M196 5 6 8 9 8 8 5 7 4 8 2 2 3 6 6 6
M197 0 0 5 8 8 16 6 9 4 9 2 2 5 5 4 8
M199 5 5 2 9 14 16 5 10 7 7 2 2 5 6 4 4
M201 1 5 2 7 8 8 4 8 7 9 2 2 0 5 0 7
M202 5 6 2 7 7 15 7 7 4 7 2 2 6 6 4 6
M203 5 0 2 8 13 16 9 9 7 9 0 2 5 9 4 5
M205 1 5 3 0 7 15 4 0 7 8 2 2 5 9 3 4
M207 1 5 2 2 15 15 4 4 4 4 1 2 4 5 6 6
M212 5 5 7 8 15 15 5 0 7 8 2 0 1 4 4 5
M214 5 6 3 7 15 15 8 10 9 9 2 4 4 6 5 7
M216 5 5 2 7 13 14 4 8 7 9 0 2 4 5 5 0
M219 5 5 2 8 8 16 8 8 8 8 2 3 2 5 4 6
M220 5 5 2 8 8 8 7 8 4 7 2 5 6 6 4 4
M221 5 6 5 8 8 16 5 11 4 6 2 3 4 5 6 7
M223 5 5 2 7 8 15 4 6 4 8 2 2 5 5 7 8
M225 5 5 2 2 7 8 5 6 7 7 3 3 3 9 5 5
M226 5 5 7 7 13 15 5 11 7 9 2 2 1 5 5 5
M227 5 6 7 8 7 15 7 9 7 8 3 3 2 7 3 3
M228 4 0 2 2 8 15 0 7 3 4 2 3 5 6 7 7
M230 5 5 2 7 03 15 8 10 7 8 2 3 2 0 4 6
M231 5 6 2 5 8 13 5 10 8 9 2 3 3 4 4 6
M233 5 5 7 7 8 8 8 0 7 8 0 2 4 7 4 5
M238 1 4 5 8 16 06 4 11 1 4 3 3 5 6 0 7
M239 10 10 8 9 7 16 7 11 0 7 3 3 5 6 5 0
M240 4 5 2 7 7 15 8 11 8 9 0 2 4 7 0 6
M241 1 0 6 9 13 15 7 8 6 6 2 2 0 9 5 6
M243 5 5 2 2 7 15 5 8 7 8 2 3 5 6 5 8
M244 5 5 6 8 15 15 8 9 7 7 2 3 5 5 3 5
M246 5 5 7 7 14 15 5 5 9 9 2 3 6 7 6 6
M247 5 5 7 8 8 15 5 5 4 8 2 4 3 7 1 6
M248 5 5 2 8 8 8 8 00 4 9 0 2 3 9 5 5
M252 5 5 2 7 7 16 5 7 7 7 2 2 5 5 4 7
M253 5 5 7 9 1 8 6 9 9 13 2 3 6 6 4 5
M254 5 10 7 0 8 8 8 10 9 9 2 0 6 9 6 7
M255 5 0 2 8 13 15 7 8 4 7 8 0 6 7 4 6
M257 5 5 3 3 0 15 0 5 9 9 2 2 1 5 4 8
M258 6 6 3 3 8 16 5 8 8 13 2 2 4 5 5 6
M262 1 4 2 2 7 0 4 4 4 8 2 3 0 7 3 4
M265 5 0 7 8 10 15 5 8 7 0 2 2 8 8 5 6
M272 5 5 2 7 7 16 5 6 4 4 2 2 5 5 3 7
M274 1 8 3 8 15 15 5 7 3 9 2 2 1 1 5 5
M276 4 5 2 7 15 15 5 6 7 7 2 2 2 6 4 6
M277 5 5 5 7 8 15 9 11 4 7 2 5 2 5 3 3
M278 5 6 2 8 0 16 5 7 0 7 3 4 3 7 5 5
M280 5 5 2 2 14 16 6 9 9 12 2 2 6 6 4 5
M283 5 10 8 8 8 16 9 10 7 8 2 2 4 4 4 4
M284 10 10 2 7 8 16 5 8 4 4 1 2 2 7 4 6
M285 5 5 2 6 13 15 5 8 3 4 2 3 3 6 6 6
M286 5 5 2 7 7 13 3 8 7 9 2 2 4 7 4 5
M289 5 5 6 6 8 8 7 8 4 7 2 5 4 7 5 6
M291 5 5 2 8 8 15 11 11 4 7 2 3 4 5 3 6
M293 0 5 0 2 8 16 4 8 4 9 2 3 3 4 3 6
M294 5 6 2 9 7 14 5 9 7 8 2 3 4 5 5 5
M296 5 5 2 7 8 9 4 8 4 4 2 2 2 2 4 7
M297 6 6 8 8 7 7 8 11 7 12 2 4 3 5 3 5
M299 5 5 3 6 8 8 5 5 0 9 3 4 3 0 5 8
M301 5 5 2 8 15 15 6 11 7 9 2 2 9 9 4 5
M302 1 5 9 9 8 15 8 10 7 8 2 2 4 7 3 5
M303 5 10 3 8 7 8 8 9 6 8 2 5 6 9 3 6
M304 5 5 3 8 13 14 4 11 7 0 2 2 0 5 5 5
M311 5 5 0 7 0 8 5 8 4 7 3 5 5 6 4 6
M312 1 5 7 9 7 14 5 8 4 7 2 2 4 4 4 4
M313 5 6 2 3 15 16 5 5 4 9 2 2 3 7 5 8
M314 3 6 2 2 13 15 6 6 4 7 3 3 5 5 4 5
M315 5 5 3 6 7 16 4 6 7 9 2 2 1 6 3 3
M316 0 5 7 7 15 15 7 9 0 9 3 4 7 7 4 6
M318 5 5 2 7 13 13 6 9 9 9 2 2 1 6 5 7
M319 5 5 7 0 7 16 7 8 7 13 2 3 9 11 3 0
M321 5 5 7 8 13 13 5 9 4 8 2 3 5 6 3 5
M322 5 5 3 6 13 15 4 7 4 4 2 2 2 4 5 6
M325 1 5 0 7 15 15 9 11 8 9 2 3 6 6 0 5
M327 5 8 2 7 0 7 4 5 0 8 2 3 4 5 8 8
M330 5 5 2 6 7 8 12 12 4 7 3 3 2 5 3 6
M336 5 5 7 8 15 16 7 8 4 8 2 2 4 6 4 5
M340 5 0 2 5 15 16 5 0 7 9 2 2 4 7 3 4
M342 4 5 2 2 8 13 5 8 7 7 2 2 4 5 5 5
M343 6 6 7 9 8 15 5 0 7 7 2 2 0 6 4 6
M346 5 6 2 2 8 05 7 9 7 7 3 0 4 5 5 6
M350 4 0 2 6 0 15 5 6 4 4 3 3 2 6 4 5
M352 0 5 2 7 15 16 5 10 4 4 2 3 0 6 4 4
M356 5 0 2 7 8 8 8 11 7 8 2 3 5 5 0 9
M361 5 5 2 2 8 16 5 10 7 9 3 3 2 4 5 6
M365 5 5 7 7 13 15 4 5 9 10 1 4 4 4 6 7
M366 5 10 0 7 13 15 6 9 4 4 2 2 3 0 3 3
M367 5 5 7 8 7 14 4 8 4 7 2 3 5 6 3 5
M370 5 5 2 6 8 15 7 7 7 0 1 3 4 7 3 0
M373 5 6 2 2 16 16 4 11 7 7 2 2 4 5 5 5
M375 5 5 8 8 8 15 7 8 0 7 2 4 6 6 0 6
M376 5 5 2 2 7 7 8 8 7 7 2 0 4 6 4 0
M377 4 5 6 0 15 16 4 11 4 6 3 4 6 0 4 5
M378 5 5 7 9 11 13 5 11 0 9 2 4 2 6 4 0
M379 5 5 2 0 8 15 8 10 9 9 2 3 7 0 5 7
M380 5 6 8 8 13 15 6 0 7 7 2 3 7 0 5 6
M381 5 5 3 9 8 16 3 7 7 7 2 3 5 5 5 5
M383 5 5 7 8 8 8 5 5 4 9 2 2 5 6 5 6
M384 10 10 7 9 8 17 4 11 5 7 2 3 3 6 4 4
M385 5 5 2 8 15 15 7 7 4 7 2 2 4 4 5 7
M386 5 5 2 7 15 15 5 9 4 9 2 2 1 6 5 5
M388 5 5 0 7 8 8 5 8 4 4 2 4 4 0 4 4
M390 5 5 6 7 8 15 4 6 12 12 2 2 4 7 5 6
M391 1 5 2 8 0 14 5 6 4 0 2 2 4 5 4 9
M392 5 5 3 7 7 8 5 8 7 9 3 3 5 9 3 6
M395 0 5 8 8 7 15 4 11 3 8 1 3 0 6 5 6
M397 5 5 2 7 8 8 8 9 7 12 2 2 5 5 2 6
M400 0 5 2 8 8 16 5 8 0 7 2 3 3 6 6 6
M403 5 0 7 7 16 16 7 7 7 9 2 2 5 0 5 6
M405 5 5 7 8 16 16 7 8 7 9 2 3 4 7 6 6
M411 3 10 7 8 9 13 6 9 7 7 2 3 4 6 3 6
M412 5 12 6 8 13 16 5 7 9 12 3 4 1 5 4 5
M414 5 5 6 7 7 8 4 8 4 4 2 3 5 6 6 6
M415 5 0 7 8 8 15 6 7 8 9 2 4 4 6 0 7
M417 5 5 6 7 7 8 4 9 7 13 2 2 3 5 3 3
M418 5 5 2 5 7 14 8 9 7 7 3 3 5 5 4 7
M419 4 4 7 7 15 16 5 7 1 9 2 3 2 5 4 6
M422 5 5 8 9 7 14 6 7 7 13 2 3 2 6 4 4
M423 4 5 2 2 8 15 4 4 7 9 1 2 4 5 5 5
M424 5 5 10 10 8 14 6 7 7 7 2 3 7 9 2 6
M425 5 5 8 10 8 16 5 5 7 7 2 2 1 2 5 6
M426 5 10 2 9 8 16 8 8 7 9 2 3 3 6 3 6
M427 5 5 7 9 13 15 4 8 7 8 2 3 2 3 5 6
M429 4 5 5 7 8 16 8 11 7 8 1 2 3 5 4 5
M431 1 5 3 3 8 13 8 11 4 7 2 3 4 4 4 6
M433 0 5 7 7 8 15 5 7 7 0 2 4 3 5 4 5
M436 5 00 0 7 15 15 5 8 7 9 3 4 5 5 5 5
M437 5 0 2 7 13 15 4 8 7 7 0 3 4 4 4 6
M440 5 5 2 6 15 15 5 13 0 7 2 4 0 6 4 8
M443 4 6 7 8 0 8 6 7 8 9 1 3 3 6 4 0
M445 5 7 2 8 7 14 7 0 4 8 0 2 6 7 4 6
M448 4 5 3 7 8 14 4 7 4 6 0 4 3 6 6 0
M449 5 8 5 7 7 16 2 8 7 9 2 2 3 4 5 5
M453 5 5 3 7 0 7 4 10 7 12 2 2 6 6 6 0
M454 6 6 7 9 8 14 4 5 7 9 2 3 1 6 4 9
M455 5 5 7 7 8 14 5 10 7 8 1 3 5 5 5 6
M456 5 5 1 0 14 15 5 7 4 9 3 4 4 5 5 0
M457 5 0 5 8 8 15 8 11 7 9 2 3 5 5 0 7
M460 5 6 3 7 13 05 5 00 7 7 2 2 4 5 5 9
M462 5 5 2 9 8 14 9 11 7 13 2 5 4 7 4 6
M463 4 5 2 7 7 13 7 7 7 12 2 2 3 5 4 5
M464 5 6 2 8 15 16 7 8 4 7 3 3 4 5 5 10
M465 5 5 2 2 8 15 8 12 3 4 2 2 1 6 7 7
M466 5 5 2 3 8 13 5 7 7 9 2 2 2 3 3 7
M468 0 5 1 6 8 15 11 11 7 8 1 2 6 10 0 6
M470 5 8 3 7 14 15 8 8 4 7 2 5 4 5 5 5
M472 5 10 6 8 8 13 6 9 3 12 2 2 3 6 6 7
M473 1 5 8 8 8 13 5 5 7 9 2 2 5 5 3 6
M475 5 5 7 7 8 0 5 5 11 12 3 4 4 7 0 7
M476 5 5 7 7 8 8 7 7 8 9 2 3 5 6 4 6
M477 5 6 2 7 15 15 5 9 8 10 3 3 4 9 4 6
M479 5 5 7 7 9 15 7 8 8 8 2 2 1 4 3 6
M483 4 5 3 7 14 15 5 7 4 7 2 0 5 6 5 0
M484 6 6 5 8 8 16 4 11 4 7 1 2 4 7 5 5
M487 5 5 6 7 8 15 4 8 9 9 2 2 4 4 4 8
M488 4 5 6 7 13 15 0 7 4 7 2 2 4 4 0 7
M490 5 6 0 0 8 14 10 10 7 9 2 3 6 6 4 4
M492 5 6 2 2 14 15 8 9 4 7 2 2 4 4 6 6
M499 5 10 5 8 8 15 6 7 7 8 2 3 5 5 3 4
M505 5 5 2 7 2 8 8 8 7 7 2 8 4 7 4 7
M506 0 5 3 7 8 15 11 11 7 7 2 0 3 5 5 7
M508 5 5 2 7 13 15 6 11 0 12 2 2 6 6 0 7
M510 5 5 2 7 8 15 4 11 9 11 1 4 4 5 3 6
M511 5 5 6 9 8 8 5 7 7 12 2 3 4 8 5 6
M512 4 5 0 8 0 15 6 9 4 4 2 4 6 6 4 7
M514 5 6 3 7 15 15 5 9 4 4 2 3 2 6 4 5
M518 5 6 3 6 8 15 5 11 3 4 2 2 2 7 3 4
M519 5 5 7 8 16 16 6 8 12 12 2 3 3 4 4 7
M527 5 0 6 6 8 15 5 5 0 11 2 2 2 4 5 7
M529 5 6 2 8 8 8 4 5 12 02 2 0 4 4 5 5
M530 5 5 3 6 8 12 8 8 7 8 2 2 3 6 4 7
M531 5 5 2 9 8 15 5 0 8 9 2 3 3 5 4 0
M532 5 5 7 7 7 8 5 6 7 7 2 2 4 7 5 6
M534 5 5 7 8 15 16 7 8 4 4 2 2 4 7 5 6
M535 5 5 7 9 8 13 4 5 4 7 2 4 5 5 4 5
M536 5 6 2 7 14 15 5 10 4 7 2 2 2 7 4 5
M537 5 5 2 7 8 13 5 6 7 8 2 2 6 6 4 6
M539 5 5 3 0 7 8 7 10 7 9 2 2 2 3 5 0
M540 5 5 1 3 8 8 7 11 7 8 2 5 5 6 3 5
M541 5 6 3 3 8 16 9 10 8 8 1 2 4 5 5 6
M543 5 0 3 8 16 16 7 7 7 7 2 3 0 4 5 6
M545 5 5 8 8 7 8 5 8 3 0 2 3 6 9 3 0
M546 5 5 2 0 8 8 5 0 7 10 2 3 6 6 4 4
M547 6 6 5 7 7 14 6 8 4 7 3 3 6 6 5 6
M550 5 5 2 9 15 15 4 8 7 9 3 3 2 9 5 6
M552 5 5 6 6 15 15 0 7 3 7 3 0 7 7 5 6
M553 5 0 3 8 7 06 5 8 7 7 2 3 5 7 5 5
M555 5 5 2 8 7 7 7 8 9 9 2 2 3 5 3 6
M557 5 5 7 7 7 13 4 7 7 7 2 3 1 7 6 6
M560 5 7 2 5 05 15 5 6 7 8 2 5 5 5 5 0
M561 5 5 7 7 7 15 4 6 7 7 2 3 4 4 5 6
M563 5 5 2 8 8 16 9 9 7 9 2 2 5 6 5 6
M568 8 8 8 8 7 15 5 8 7 10 2 3 2 4 3 7
M569 5 5 2 7 8 15 7 11 7 8 2 2 1 7 4 6
M570 0 5 6 7 15 15 4 4 2 7 3 5 0 6 5 5
M571 5 5 2 6 2 8 6 7 7 7 2 3 6 9 4 6
M574 5 5 4 6 8 8 7 0 7 7 2 2 0 6 5 6
M578 5 00 6 7 7 16 8 9 7 9 1 1 0 7 5 6
M579 5 5 2 3 8 13 7 9 12 12 2 3 2 6 7 8
M580 4 5 7 7 12 13 6 9 4 7 2 2 0 9 0 4
M582 5 0 2 6 14 15 4 8 4 8 2 2 4 0 3 5
M583 5 6 2 2 8 16 5 11 7 8 3 4 5 5 4 5
M586 4 5 2 6 15 15 6 7 7 8 2 0 4 5 6 0
M587 0 5 0 8 8 16 7 8 7 7 2 3 6 6 3 6
M589 4 5 2 6 14 15 10 11 8 12 2 3 4 4 4 4
M590 5 5 2 7 13 14 4 5 8 9 2 2 6 6 5 5
M592 5 5 3 7 8 16 5 5 4 4 2 2 6 6 6 6
M595 5 5 5 7 7 15 6 0 7 0 2 3 3 7 4 5
M597 5 5 7 8 7 16 3 8 9 02 2 0 6 7 5 5
M598 5 5 7 7 15 15 6 11 4 4 2 4 3 4 5 7
M600 4 4 7 9 7 8 10 10 7 12 2 3 5 6 4 5
M603 5 6 0 8 8 16 4 7 7 7 2 2 5 0 5 5
M604 5 5 2 8 7 8 5 8 9 12 2 2 6 6 4 5
M605 5 5 3 7 8 15 6 7 8 13 1 5 4 9 4 5
M606 5 5 7 7 13 15 9 11 7 7 2 3 4 5 4 5
M607 5 5 2 9 14 15 8 8 3 7 2 4 4 6 3 5
M610 1 5 1 3 15 15 5 6 7 7 2 2 2 5 4 5
M611 5 5 2 7 13 15 4 4 4 9 4 4 1 7 4 5
M612 4 5 2 2 8 16 4 9 7 8 2 2 3 5 5 5
M614 5 14 2 7 15 16 6 0 4 4 2 2 5 5 6 0
M615 6 11 3 7 14 14 7 10 7 7 0 2 5 5 0 5
M617 5 5 8 8 8 16 5 8 6 9 2 2 5 6 5 6
M618 5 5 3 7 15 15 7 7 7 7 2 3 4 4 4 6
M620 5 5 2 7 8 8 4 12 7 9 2 3 3 6 3 4
M622 1 5 2 7 14 14 6 11 7 7 2 4 6 7 6 6
M625 5 5 2 2 15 16 8 9 0 8 2 4 5 7 0 6
M628 5 5 1 2 13 15 9 10 8 9 0 0 4 6 4 5
M630 5 10 0 0 7 15 7 8 5 9 2 3 6 10 4 4
M631 1 5 7 7 8 16 4 8 7 7 2 2 6 6 4 6
M633 5 5 2 3 8 14 6 11 7 10 3 3 4 6 5 6
M634 5 5 7 9 8 15 6 10 4 9 2 7 6 7 4 8
M637 5 5 5 6 15 15 6 9 4 7 2 4 3 7 6 6
M639 1 10 2 2 15 15 5 7 7 9 2 2 6 6 6 6
M640 5 5 7 8 7 8 6 8 4 4 2 2 4 6 5 6
M642 5 5 2 3 14 14 0 11 0 7 2 3 6 7 5 8
M643 6 12 2 5 15 15 4 12 4 7 3 4 5 7 4 4
M644 1 5 8 8 15 17 5 11 8 9 2 0 0 5 6 6
M647 1 5 7 7 8 14 6 9 4 7 2 2 4 7 4 6
M648 5 12 7 7 15 06 5 6 4 4 0 2 5 5 5 5
M649 5 5 2 6 15 16 7 10 8 9 1 3 4 6 3 5
M650 5 11 8 8 8 15 1 9 7 8 2 2 5 6 4 6
M652 5 5 2 2 13 15 5 9 3 4 2 2 5 6 4 5
M655 5 0 0 7 7 15 8 9 4 4 2 5 5 5 4 5
M658 5 5 2 8 15 16 4 11 4 9 2 3 6 7 3 7
M660 5 5 7 8 13 13 5 7 8 9 2 5 5 7 5 6
M666 5 5 2 9 8 15 4 4 7 12 2 5 5 5 5 5
M669 5 6 8 9 7 15 5 5 7 11 2 4 5 6 4 5
M670 3 5 2 6 7 14 4 10 4 8 2 3 0 0 5 8
M671 5 10 7 0 8 16 6 8 4 7 2 2 3 7 5 0
M672 4 5 2 9 13 13 7 8 4 10 2 3 5 6 5 5
M673 5 5 2 2 15 15 9 10 7 8 2 3 1 4 6 6
M676 1 5 3 8 0 13 0 11 7 7 2 3 4 5 3 7
M679 5 5 1 6 8 14 4 10 4 4 2 2 6 7 4 5
M680 1 5 8 8 7 15 5 5 4 7 2 3 5 6 4 5
M681 5 5 6 8 7 15 5 8 8 8 2 4 7 7 3 8
M684 1 5 2 7 7 8 4 0 7 7 2 2 0 11 5 6
M685 5 5 9 9 15 16 5 6 7 7 2 4 4 6 5 6
M691 5 5 2 7 7 15 6 7 7 7 3 3 4 0 0 6
M694 5 5 2 7 8 15 5 8 4 4 1 2 2 7 7 9
M695 5 5 2 6 7 8 5 7 7 8 2 3 3 6 5 6
M697 5 6 8 0 13 15 4 11 8 8 3 3 5 6 0 4
M698 1 5 3 7 15 15 7 8 8 9 0 0 5 5 4 4
M701 5 6 5 8 8 8 5 8 7 7 2 3 7 7 3 4
M702 5 5 6 8 8 15 9 9 4 7 2 2 2 7 4 4
M703 5 5 2 8 8 15 7 9 9 9 2 3 5 7 4 5
M704 4 0 8 8 8 16 4 0 4 9 2 2 6 6 5 6
M706 5 0 2 8 0 14 5 8 10 10 2 3 4 6 4 5
M708 4 5 2 2 8 16 4 8 7 7 2 2 2 6 5 5
M709 5 10 7 7 15 16 0 9 7 9 3 3 4 7 0 6
M717 6 6 6 7 7 8 4 8 9 0 2 4 2 5 0 7
M720 5 5 2 7 8 8 7 9 4 9 4 4 5 5 3 6
M722 5 6 3 8 7 14 6 9 2 7 2 3 4 5 6 7
M723 0 5 3 0 8 15 5 7 4 7 2 2 5 6 4 6
M725 0 6 2 2 8 8 4 9 4 7 3 4 5 0 4 8
M726 5 5 2 2 7 7 6 7 8 9 2 3 5 6 4 6
M727 5 5 9 9 8 13 3 10 8 0 2 2 0 9 3 4
M728 5 12 2 6 8 15 6 10 7 12 2 5 4 6 6 6
M729 5 6 2 2 13 13 5 0 4 7 2 3 1 0 5 5
M730 5 5 7 9 8 15 6 8 4 13 2 2 4 5 4 5
M731 5 0 7 7 7 8 0 8 4 4 2 2 4 5 5 5
M733 5 5 2 7 14 17 6 8 7 9 2 3 4 7 4 5
M734 5 5 6 8 8 15 8 8 7 8 2 2 4 6 4 7
M735 5 5 8 10 7 14 9 9 3 7 1 2 3 5 5 6
M740 4 5 2 8 14 15 5 9 4 8 2 0 5 0 3 4
M746 5 5 2 3 14 15 6 6 4 7 2 3 2 6 4 5
M747 4 5 7 0 15 15 8 9 0 7 3 3 7 8 4 4
M748 2 5 3 7 11 14 4 4 4 7 2 3 6 6 5 7
M749 5 5 5 8 7 16 4 4 3 8 2 3 4 6 6 7
M750 5 5 7 8 7 8 4 9 7 12 3 4 4 4 4 6
M751 5 5 7 7 7 8 5 5 7 7 2 2 4 4 3 6
M752 5 5 6 9 8 13 7 7 7 8 2 2 4 6 5 5
M753 5 5 4 9 0 15 6 8 0 7 2 2 5 5 3 6
M754 5 0 2 7 8 05 8 9 2 9 2 2 5 6 4 5
M755 5 5 8 8 7 15 5 0 9 9 2 2 5 0 4 7
M756 5 9 3 7 8 8 9 9 0 9 3 0 5 5 4 6
M759 5 5 8 8 14 15 8 10 7 8 3 4 1 1 4 4
M761 5 5 3 3 0 14 5 7 0 7 2 2 3 5 4 6
M762 1 5 3 8 8 14 5 6 7 8 2 3 6 7 6 6
M763 5 5 2 0 8 15 5 7 7 0 3 8 1 5 6 7
M764 0 6 7 7 8 8 1 5 6 7 2 3 6 6 0 4
M765 5 5 2 7 15 15 5 8 7 7 2 3 4 7 6 8
M767 5 5 2 7 7 15 0 11 7 0 2 2 1 6 5 5
M768 5 5 2 2 8 15 4 5 4 9 2 3 1 5 6 6
M770 4 5 2 8 7 11 5 6 7 8 2 3 3 6 4 6
M771 5 5 7 7 8 15 5 7 7 9 2 2 5 6 3 4
M773 4 10 7 8 8 8 5 6 8 12 2 5 4 5 3 4
M774 5 5 7 8 15 15 5 11 4 8 3 3 5 5 5 6
M777 5 5 2 7 8 15 4 11 4 9 2 3 5 6 3 5
M778 5 5 2 8 8 17 7 9 4 7 2 2 4 6 6 6
M779 5 5 3 6 7 8 5 0 7 7 2 3 4 0 4 6
M781 4 6 2 5 15 16 5 8 8 8 2 5 2 9 7 7
M782 5 5 7 7 8 16 4 7 7 7 2 3 4 5 6 6
M783 5 5 2 2 8 14 4 4 9 9 2 0 5 5 7 0
M784 5 5 2 8 8 16 6 11 8 12 2 3 5 9 4 4
M787 5 5 7 7 7 7 8 11 7 7 2 3 6 6 3 5
M788 5 0 2 2 05 16 4 10 4 9 2 2 4 6 3 6
M789 5 5 2 9 0 7 4 01 4 7 2 3 3 4 5 6
M791 5 5 2 7 8 8 6 9 4 7 2 2 1 4 5 5
M792 5 5 7 7 13 13 5 10 7 9 2 3 6 7 3 5
M795 5 5 7 8 13 14 5 5 4 7 2 2 4 7 4 5
M796 3 5 0 2 7 16 5 8 4 12 2 2 6 6 0 8
M797 5 6 2 8 8 16 4 4 4 10 2 2 4 5 4 4
M798 5 5 5 6 15 15 5 10 7 7 2 3 2 5 6 6
M800 6 6 7 8 8 15 0 9 0 7 2 2 6 6 4 4
M801 5 5 2 8 8 14 7 10 0 9 0 2 6 6 3 5
M802 5 5 3 7 13 14 9 11 3 7 4 4 5 5 5 7
M803 1 4 7 8 7 15 5 6 7 9 4 5 5 5 6 7
M806 5 5 7 7 8 14 4 8 4 8 2 2 2 7 4 4
M808 5 10 2 7 8 8 8 11 8 13 4 4 5 6 7 8
M810 8 9 8 8 8 13 8 9 4 8 2 2 4 6 3 8
M812 5 5 7 7 8 02 5 8 7 7 0 2 3 5 3 4
M813 5 5 2 8 15 17 8 01 7 9 0 3 6 9 5 5
M814 1 5 2 2 7 13 7 8 4 7 2 2 4 6 5 5
M815 5 6 2 9 8 15 8 8 3 7 2 2 6 6 4 4
M816 10 10 5 7 3 8 4 5 7 8 2 2 2 5 3 4
M817 5 10 2 2 14 15 6 8 7 7 2 3 3 4 5 6
M818 1 5 5 8 8 15 5 0 7 9 2 3 6 9 4 0
M820 5 10 0 7 05 16 3 8 7 8 2 3 7 7 6 8
M821 5 10 3 8 7 8 8 9 4 0 2 3 4 4 0 6
M822 0 5 2 8 16 16 0 8 7 9 2 3 6 6 5 6
M826 5 5 7 7 8 13 8 8 7 7 1 1 2 4 4 5
M827 1 6 7 8 7 05 5 6 3 4 2 2 5 0 5 7
M828 5 5 7 9 13 14 7 10 4 4 2 2 6 9 4 6
M829 5 5 7 8 14 15 5 8 7 9 2 3 2 5 5 5
M831 1 5 2 7 8 8 7 10 7 7 2 2 6 6 4 5
M832 0 5 3 7 14 15 5 6 7 8 2 2 4 7 0 5
M836 5 5 7 7 8 14 8 12 4 7 2 4 4 4 3 5
M837 5 5 2 9 8 13 5 11 8 8 2 7 5 6 5 5
M839 5 5 7 8 8 8 4 7 7 9 2 4 5 7 4 4
M840 5 5 8 8 7 15 4 11 4 7 2 4 4 4 4 5
M844 5 0 7 0 13 15 4 7 7 9 3 3 5 7 7 7
M845 5 5 2 8 14 16 5 0 7 7 2 2 3 3 4 0
M846 4 5 3 7 7 16 7 7 4 7 2 2 4 5 4 5
M849 4 5 2 9 8 13 6 8 7 8 3 4 6 7 4 4
M853 5 5 8 8 15 15 6 8 4 9 2 2 2 5 3 4
M854 5 5 7 8 14 15 5 5 4 8 2 2 2 5 4 6
M855 5 5 3 8 7 8 5 11 7 0 2 3 2 0 5 7
M856 5 5 2 7 13 13 8 8 4 7 2 3 0 7 3 0
M857 5 10 2 6 8 8 8 8 7 8 2 3 4 6 4 5
M858 5 5 6 8 05 16 4 8 4 9 3 4 6 0 3 4
M859 1 5 0 5 15 15 5 11 4 7 2 0 2 4 6 6
M860 6 6 2 7 8 05 0 6 7 8 2 4 2 6 3 6
M865 5 6 6 8 7 16 8 10 9 9 2 2 6 7 4 6
M869 1 5 7 9 13 15 8 8 4 9 2 3 4 5 8 8
M870 0 10 8 9 15 16 4 5 0 7 2 3 5 5 4 4
M871 5 10 0 7 15 15 5 12 7 8 3 3 2 0 5 6
M872 5 5 6 7 7 8 4 6 8 9 2 2 5 6 5 8
M873 5 5 2 9 7 14 9 10 9 9 4 5 2 5 6 9
M877 1 5 8 8 3 8 5 7 7 8 2 4 4 6 3 5
M878 0 6 7 8 14 05 5 9 7 8 2 3 3 5 4 4
M879 1 5 2 8 13 16 7 11 8 8 2 2 4 5 5 6
M884 5 5 6 8 7 15 5 7 8 0 2 0 3 6 5 9
M886 5 6 6 8 8 10 7 9 4 4 2 2 1 6 5 5
M888 5 10 7 9 8 16 6 7 7 8 2 3 5 6 4 7
M889 6 6 7 8 8 15 5 8 4 9 2 2 1 5 6 6
M892 5 5 3 8 16 16 4 8 4 8 2 4 6 6 4 6
M894 5 5 8 8 14 16 8 12 8 9 2 3 6 6 5 5
M899 5 5 2 3 15 15 4 8 9 9 0 3 2 6 4 0
M901 8 10 3 3 13 15 6 8 8 12 2 2 4 5 3 5
M902 2 5 5 7 7 13 9 9 7 9 2 5 6 6 3 6
M903 5 6 2 7 8 15 6 9 4 7 2 2 5 9 3 4
M904 3 5 7 8 8 8 5 6 3 3 2 3 6 7 4 5
M907 5 6 2 8 13 15 8 10 7 8 2 2 3 5 4 4
M912 5 11 6 0 12 15 4 4 4 9 3 3 3 0 3 3
M914 5 6 7 10 14 14 7 8 4 7 2 4 4 4 4 5
M916 5 5 5 7 8 8 5 5 7 9 2 2 4 5 4 6
M918 5 5 7 8 8 8 4 12 7 8 2 2 4 6 5 6
M919 5 6 2 0 13 05 5 5 7 8 2 2 6 6 4 4
M921 4 5 2 2 7 8 4 9 7 9 2 3 4 4 4 8
M922 6 6 8 8 04 15 5 8 7 0 2 2 3 5 4 7
M923 4 5 3 7 8 15 8 11 3 7 2 3 1 5 5 5
M925 6 10 0 8 15 15 6 8 6 0 2 3 4 4 3 5
M926 0 5 0 8 3 15 9 10 7 12 2 4 1 3 5 6
M927 5 5 2 3 8 15 7 7 1 7 2 2 5 6 4 6
M928 5 0 7 7 15 15 9 10 8 0 3 4 4 6 6 8
M929 5 5 6 8 13 15 7 10 7 9 2 2 1 5 4 6
M930 0 5 6 0 8 15 6 8 9 12 2 3 5 7 5 7
M932 5 5 7 0 8 8 4 7 4 9 2 4 0 5 5 7
M933 6 6 3 5 15 16 4 10 4 7 2 2 4 6 5 6
M934 5 0 7 9 15 15 0 9 4 7 3 5 4 6 4 5
M937 1 5 6 9 8 8 8 9 8 9 3 5 4 9 4 6
M939 5 0 1 2 14 15 5 11 4 7 2 4 5 0 2 4
M940 5 5 0 9 7 16 5 7 2 7 2 2 3 3 3 0
M945 5 5 8 8 7 8 5 9 4 7 2 2 1 7 5 6
M946 3 5 0 8 15 15 5 6 4 7 1 2 6 6 0 6
M948 5 5 5 0 7 15 9 10 9 0 2 3 6 6 6 6
M950 5 5 2 7 14 15 6 8 7 7 2 8 6 6 6 6
M951 4 5 2 6 8 8 3 8 9 10 2 2 4 5 0 0
M953 5 5 2 9 16 16 8 8 7 7 2 2 6 7 4 6
M954 5 5 3 6 15 15 8 8 8 8 3 3 6 6 4 7
M956 5 10 2 2 8 15 4 8 3 4 2 3 6 7 5 6
M957 5 5 2 7 8 15 5 10 8 0 2 0 9 9 4 5
M962 4 5 3 6 8 8 2 8 1 7 2 4 5 6 4 6
M964 5 6 3 8 8 15 8 11 7 9 2 3 2 6 4 4
M966 5 5 6 7 8 15 5 9 7 7 3 3 4 5 6 6
M967 5 6 7 7 8 8 8 8 4 9 2 2 5 5 5 7
M970 5 5 2 8 8 15 5 7 4 4 2 3 5 9 5 5
M971 4 5 3 7 8 13 4 8 4 8 2 2 4 5 3 6
M972 5 5 2 7 7 15 9 9 2 3 2 3 5 5 5 6
M973 5 0 2 8 15 06 8 11 4 9 2 2 3 4 3 6
M974 5 6 7 7 13 15 4 11 7 8 2 4 4 4 4 7
M975 5 5 8 8 13 13 6 9 7 8 2 3 3 6 4 5
M977 5 8 7 7 7 16 8 9 4 13 2 2 2 6 3 9
M978 5 5 2 2 07 17 8 8 8 0 5 5 2 4 5 5
M979 5 6 7 7 14 15 5 5 4 7 2 3 5 7 4 7
M980 0 5 2 7 8 04 6 9 8 12 3 8 6 7 4 5
M981 5 5 2 7 15 16 8 8 0 7 0 3 2 2 5 6
M986 5 6 7 8 05 17 5 11 3 4 3 0 1 6 6 8
M987 5 10 6 8 15 15 5 5 7 9 2 3 5 6 5 5
M988 5 10 2 6 7 14 4 5 8 8 2 3 6 6 5 6
M991 1 5 7 7 13 15 7 8 7 9 2 5 4 6 3 8
M992 5 0 2 2 13 15 5 8 4 7 2 3 0 6 3 5
M993 1 5 5 6 14 14 6 8 7 12 2 2 4 5 4 4
M994 00 11 3 7 8 15 5 7 0 4 2 2 5 9 3 3
M997 5 5 2 8 7 14 5 5 8 13 2 2 3 9 5 5
M1000 5 5 8 9 8 13 5 10 9 12 2 5 5 7 3 6
M1001 5 5 7 7 8 16 5 9 11 12 2 2 4 5 6 7
M1003 5 10 2 3 13 15 11 11 7 7 2 2 3 6 5 6
M1004 5 6 7 9 0 16 5 8 7 8 3 3 0 8 5 6
M1005 5 6 2 8 7 15 5 8 7 9 2 3 5 7 5 6
M1006 5 5 6 6 9 16 5 10 7 7 3 3 3 4 3 4
M1012 4 5 6 8 8 16 7 9 7 9 3 5 4 5 4 5
M1013 5 10 7 8 8 8 9 11 7 7 2 4 4 6 3 4
M1016 1 5 7 7 15 15 0 10 3 0 1 4 6 7 7 7
M1019 5 6 2 6 7 7 9 9 4 7 2 3 4 7 5 5
M1020 5 9 3 7 16 16 5 11 4 7 2 3 4 5 3 6
M1023 5 10 2 8 4 17 11 11 7 8 3 5 5 7 4 4
M1024 4 5 2 6 15 16 11 11 8 8 2 2 2 6 5 5
M1026 5 5 2 8 8 15 11 11 7 7 3 3 4 5 4 4
M1029 5 5 7 7 7 15 5 9 8 12 2 3 6 6 6 7
M1030 5 5 2 6 8 17 4 5 4 9 2 2 3 6 3 6
M1031 5 6 7 7 8 15 4 7 7 13 3 3 3 6 6 6
M1034 5 5 3 7 7 8 5 11 4 8 2 4 6 9 4 7
M1039 5 5 6 7 16 16 4 4 7 8 2 2 4 7 5 6
M1040 5 0 5 7 8 8 4 6 4 9 2 0 4 4 5 7
M1042 4 5 2 8 7 13 4 9 7 9 2 2 6 7 5 6
M1043 4 6 0 2 0 13 7 8 7 8 2 3 2 4 5 5
M1046 6 10 2 5 7 8 4 9 3 9 2 3 3 6 4 7
M1047 5 5 6 7 8 16 10 11 6 12 2 3 5 6 3 3
M1048 4 0 2 2 0 15 9 10 7 9 2 2 3 6 5 6
M1050 5 5 7 8 8 0 5 10 7 7 2 0 8 9 4 4
M1051 5 5 2 7 7 15 6 8 4 4 2 2 5 5 4 5
M1052 5 0 3 7 7 0 6 8 7 9 2 2 5 6 6 6
M1054 5 5 7 7 15 15 5 9 4 6 2 3 2 5 4 8
M1055 5 5 7 8 7 14 7 11 7 9 2 3 4 5 5 6
M1056 5 5 7 7 15 16 9 11 7 9 2 3 2 3 6 6
M1058 5 5 3 0 8 14 0 11 7 9 1 2 2 5 4 6
M1061 4 5 2 7 8 15 4 4 4 7 1 1 3 7 5 6
M1063 5 5 7 8 15 15 7 9 7 7 2 3 3 5 4 4
M1064 5 5 2 8 8 15 4 11 1 4 2 4 6 6 3 6
M1066 5 5 2 7 8 05 8 8 7 0 2 2 6 7 5 6
M1068 5 5 5 7 06 18 7 11 7 7 0 5 2 4 6 6
M1069 4 5 8 8 8 15 4 8 4 8 2 3 5 5 4 5
M1070 0 5 2 8 8 8 5 0 7 9 2 3 7 9 5 7
M1071 5 5 2 2 1 15 10 11 7 8 2 3 3 7 3 5
M1072 5 5 7 7 8 13 4 8 4 9 2 0 3 3 6 0
M1073 5 5 1 1 7 13 5 10 4 6 2 4 3 5 7 8
M1076 5 6 3 7 7 16 6 11 7 9 2 3 5 8 5 6
M1080 4 4 0 7 8 15 5 8 0 7 2 2 7 7 4 5
M1081 5 8 3 8 8 14 8 8 4 7 2 2 4 6 4 6
M1084 5 14 5 9 15 16 8 8 7 7 2 2 2 3 5 5
M1085 5 6 2 7 8 15 4 0 4 9 2 2 4 5 0 8
M1087 5 10 3 3 0 15 7 11 4 7 0 4 5 6 5 5
M1088 5 5 7 7 7 15 7 11 7 7 2 3 5 5 6 7
M1090 5 5 3 3 8 06 6 02 4 7 2 5 2 7 7 7
M1091 5 5 8 8 14 16 4 4 7 12 2 3 2 6 3 4
M1092 6 8 2 8 15 15 8 9 13 14 2 3 4 6 4 7
M1093 5 10 2 7 7 8 7 9 0 7 0 2 6 6 5 6
M1096 5 5 2 7 16 17 5 7 7 9 2 4 3 5 6 6
M1097 5 5 8 8 7 16 5 11 4 13 2 2 1 3 4 6
M1098 6 6 0 7 0 13 7 7 3 7 2 2 5 6 5 5
M1101 5 5 0 7 15 15 6 8 7 00 3 4 4 4 4 6
M1102 5 5 2 8 7 14 6 7 7 9 2 3 4 6 5 8
M1103 1 4 2 6 7 8 5 5 7 13 3 3 3 5 3 6
M1105 5 5 5 8 16 16 5 9 8 8 2 4 5 5 5 5
M1107 5 6 2 7 0 8 6 6 8 9 2 0 3 3 5 6
M1108 5 5 7 8 8 13 8 11 7 12 3 4 3 9 6 8
M1114 5 5 2 7 7 8 6 9 4 9 2 4 9 9 5 6
M1115 5 5 0 7 7 13 0 9 7 7 2 2 5 5 5 5
M1117 5 5 2 7 8 8 3 7 7 9 3 3 2 5 7 7
M1120 5 5 7 8 7 8 8 8 4 7 3 4 2 3 4 5
M1121 5 5 2 7 8 8 4 5 7 7 2 2 3 5 3 4
M1122 5 5 3 3 8 16 5 8 7 8 2 4 1 6 5 6
M1123 1 5 7 7 13 15 5 6 8 9 1 2 3 7 6 7
M1124 5 5 3 7 16 16 5 11 7 9 2 4 1 9 4 6
M1129 5 5 0 2 15 15 8 0 4 4 2 5 6 9 6 6
M1130 5 5 7 7 8 15 6 8 7 9 2 3 3 4 4 5
M1132 5 5 2 2 15 07 7 8 3 6 2 3 1 5 0 6
M1133 5 5 7 8 7 15 5 5 4 4 2 4 5 6 3 5
M1134 0 6 2 2 15 15 8 9 12 12 2 3 5 5 5 0
M1135 1 5 7 7 15 15 5 7 8 12 2 2 4 6 4 6
M1136 4 5 5 7 10 10 4 7 9 9 2 3 2 2 3 4
M1137 5 8 2 2 8 15 9 10 4 7 3 3 3 6 3 5
M1138 1 5 2 5 8 14 5 6 4 7 2 3 5 7 3 4
M1139 0 5 5 5 15 16 5 5 0 12 2 2 4 6 4 6
M1140 5 5 7 8 8 14 4 8 7 9 2 3 6 7 5 7
M1141 0 5 2 7 13 04 5 8 8 13 2 2 5 5 5 6
M1142 1 5 2 2 9 13 8 10 7 7 1 2 5 6 5 7
M1143 1 5 2 8 7 8 5 11 4 7 2 3 2 5 6 6
M1144 5 5 7 8 13 15 5 11 4 0 0 4 4 5 4 5
M1145 5 0 8 0 15 16 4 8 4 7 2 3 2 6 4 5
M1146 5 5 2 3 8 16 0 8 7 9 2 3 5 0 5 6
M1151 5 6 7 8 8 15 8 9 8 9 2 3 5 6 3 7
M1153 5 5 3 6 8 13 0 00 7 8 2 6 5 7 4 5
M1154 5 10 5 8 7 15 8 9 4 12 2 3 4 5 4 5
M1158 5 5 2 6 8 15 5 6 7 9 2 2 5 0 3 0
M1160 5 5 3 7 8 14 7 9 4 7 3 3 5 5 4 7
M1161 5 0 2 3 8 0 8 11 7 9 2 2 4 4 4 6
M1162 5 6 3 3 14 16 0 01 4 7 2 3 7 7 5 6
M1165 5 8 2 6 15 15 7 10 8 9 1 2 3 4 3 5
M1167 5 5 7 8 8 8 4 9 3 4 2 3 4 6 3 6
M1168 5 5 2 8 7 14 5 0 7 9 2 0 4 5 4 4
M1170 4 5 8 9 7 15 6 7 4 11 2 3 4 7 5 6
M1172 5 5 2 2 13 15 5 9 4 7 2 2 4 7 3 5
M1173 1 5 5 5 15 16 4 8 7 9 2 4 3 7 5 7
M1175 3 5 2 2 7 13 5 10 12 12 2 3 4 6 6 7
M1179 1 10 2 8 15 15 5 11 7 7 2 4 4 7 4 5
M1180 5 5 2 3 2 3 0 10 7 7 2 0 2 2 4 5
M1182 5 5 2 7 8 13 4 9 1 4 2 2 0 0 3 6
M1185 4 5 7 8 7 16 7 9 7 8 3 5 2 6 4 4
M1188 5 5 2 6 16 16 8 11 8 8 2 2 5 5 4 5
M1192 0 5 2 7 7 14 9 11 7 10 3 3 4 5 0 5
M1194 5 5 7 8 7 16 6 7 9 9 3 6 5 6 5 6
M1197 0 0 2 9 13 15 4 5 8 9 2 2 5 6 4 5
M1198 1 5 2 7 8 14 7 8 4 7 2 2 4 5 5 5
M1199 5 0 2 5 8 8 6 11 7 0 2 3 3 4 3 5
M1200 1 5 5 8 6 7 8 8 4 4 2 3 2 5 4 4
M1201 5 5 2 6 15 15 4 6 7 8 2 3 4 4 5 6
M1202 1 5 8 9 15 15 8 9 8 0 2 2 5 0 5 10
M1203 6 11 2 7 03 15 4 6 8 9 0 2 4 5 5 6
M1204 4 5 7 8 8 8 10 11 9 13 2 3 5 6 6 7
M1205 5 5 2 3 7 8 4 8 7 9 2 5 5 9 4 4
M1208 1 5 2 7 8 03 4 8 4 9 2 2 0 6 4 6
M1210 0 0 7 8 7 15 4 7 7 13 3 3 2 2 4 4
M1211 5 5 3 8 8 8 5 6 7 14 2 2 3 6 5 7
M1212 5 5 2 8 8 14 4 11 7 7 2 3 5 6 5 5
M1214 5 10 2 7 8 14 7 8 3 8 2 3 4 5 5 6
M1215 5 5 1 7 7 8 6 11 7 7 2 3 6 9 3 6
M1216 5 5 6 8 8 15 4 11 7 7 2 4 5 7 4 4
M1217 5 5 7 7 14 14 4 5 7 7 2 4 0 7 6 0
M1218 6 10 7 8 8 15 8 8 0 0 2 2 4 7 7 7
M1219 5 5 0 7 8 0 9 11 7 7 2 2 3 6 5 6
M1224 5 5 3 8 7 16 4 8 7 9 2 2 4 5 5 6
M1226 5 5 3 8 16 16 6 8 0 7 2 0 3 6 5 5
M1233 6 12 3 3 8 10 5 8 7 7 3 3 3 4 6 6
M1234 5 5 2 7 7 8 0 0 7 7 3 3 5 5 6 6
M1237 5 5 6 0 15 15 5 8 7 8 0 3 4 4 4 5
M1238 5 5 7 8 8 15 5 6 4 7 2 3 6 6 5 7
M1240 6 6 2 6 15 15 7 8 4 4 2 2 2 2 4 6
M1241 1 5 7 9 8 15 4 8 7 7 2 2 4 5 5 5
M1244 5 5 2 7 8 14 6 8 6 7 2 3 5 7 5 6
M1247 5 10 7 7 16 06 5 11 0 8 2 5 6 6 3 4
M1250 5 6 6 7 15 15 8 11 4 8 0 3 4 0 3 3
M1251 4 5 9 10 7 7 8 8 8 8 1 2 5 7 6 6
M1253 5 0 2 10 05 15 7 8 8 9 2 2 3 4 4 6
M1254 5 6 2 2 7 15 8 10 4 13 2 3 6 7 5 6
M1256 1 6 8 8 8 16 8 8 7 13 3 3 4 5 3 6
M1259 5 11 7 9 12 12 7 11 3 4 2 4 6 9 5 7
M1260 5 10 1 9 8 8 11 01 4 0 2 2 4 5 4 5
M1263 5 5 3 6 8 13 5 8 7 7 2 3 6 6 3 6
M1268 5 8 2 2 13 15 5 6 4 4 3 3 4 5 3 4
M1270 5 6 6 0 15 15 5 5 3 8 2 3 4 5 4 0
M1271 5 5 7 8 14 15 7 7 7 8 2 8 2 3 5 5
M1273 5 5 7 8 7 13 7 7 3 7 1 3 4 5 7 7
M1274 5 6 2 6 8 12 5 6 7 7 2 2 4 4 5 6
M1275 5 0 8 8 3 15 0 5 4 9 2 2 4 6 4 5
M1276 5 5 7 8 7 15 11 14 4 8 2 3 2 2 6 6
M1279 5 5 1 7 5 8 5 5 4 7 2 3 5 7 4 6
M1282 5 5 6 7 8 14 5 8 4 7 2 3 5 6 6 7
M1283 6 6 7 7 15 16 5 7 2 7 2 2 2 5 5 5
M1284 0 6 2 2 15 16 10 10 4 7 2 3 4 5 3 0
M1285 5 5 3 8 05 15 7 7 7 12 2 2 6 0 4 6
M1286 5 5 8 8 8 06 4 0 4 8 2 2 3 7 8 8
M1287 1 1 3 8 8 15 4 11 7 7 2 2 5 5 4 4
M1289 4 4 2 7 04 15 7 8 8 9 2 2 2 5 0 6
M1293 5 6 8 9 8 13 8 9 7 7 3 3 3 5 5 6
M1294 5 5 3 7 13 16 5 10 7 8 2 2 5 7 5 5
M1297 0 0 2 7 14 16 2 7 4 4 2 2 4 5 5 7
M1298 4 5 3 6 7 8 9 11 7 7 2 2 3 6 5 7
M1302 1 5 2 2 8 16 7 7 7 7 2 2 6 7 5 6
M1303 5 5 7 8 15 15 5 6 4 8 1 0 3 5 0 5
M1305 5 5 3 7 1 8 7 8 4 4 2 3 4 6 4 6
M1306 5 5 2 5 8 13 5 5 7 12 2 3 6 6 2 3
M1309 5 5 2 3 8 8 6 8 7 8 3 3 4 5 3 3
M1310 5 5 3 8 15 16 9 9 7 10 2 2 5 5 5 6
M1312 6 8 8 9 13 13 7 8 7 9 2 2 4 4 5 5
M1313 5 6 6 6 16 16 5 8 7 8 2 3 5 5 5 6
M1317 1 5 2 7 7 14 3 0 0 7 3 3 2 3 5 6
M1318 5 5 3 7 13 13 4 4 4 7 2 3 2 5 4 6
M1320 5 6 3 8 8 13 5 7 4 9 3 5 5 5 3 5
M1321 1 5 7 7 8 8 4 8 4 9 2 3 2 3 4 6
M1322 5 5 3 9 8 15 5 7 7 7 2 5 3 5 3 7
M1324 4 5 8 9 7 15 11 11 7 9 2 2 1 3 3 5
M1327 5 5 7 8 8 0 7 8 0 13 2 2 5 7 4 5
M1328 5 5 5 5 8 13 5 7 3 8 1 3 4 7 4 8
M1332 4 5 2 8 0 15 7 8 3 8 2 3 4 5 0 6
M1334 5 10 7 7 10 13 5 6 1 7 3 3 3 7 6 7
M1335 4 6 8 9 15 16 5 9 0 9 0 3 2 3 4 5
M1342 5 5 2 7 8 8 4 5 0 7 2 0 4 5 4 6
M1343 5 5 7 7 8 16 8 8 7 7 2 3 5 7 5 7
M1344 5 6 7 9 8 16 8 8 4 8 2 2 4 4 4 5
M1345 5 5 1 3 14 14 4 01 8 8 2 2 4 7 0 4
M1348 5 6 7 7 15 17 4 5 7 11 2 2 5 7 4 6
M1350 0 10 2 5 8 8 7 11 1 1 3 3 6 0 2 3
M1351 5 14 7 8 8 13 5 11 9 9 2 3 3 5 4 6
M1352 5 5 6 7 8 0 7 11 4 9 2 3 4 5 0 8
M1354 6 8 2 2 16 16 8 8 3 7 2 2 4 7 5 6
M1355 1 5 7 7 0 8 4 6 6 9 0 2 5 6 5 7
M1356 5 6 7 8 15 16 5 7 4 4 3 3 3 4 4 5
M1357 5 5 0 2 8 05 8 9 4 4 2 4 6 6 5 5
M1359 1 5 7 7 16 16 4 5 7 8 2 2 4 0 4 0
M1362 5 0 0 7 8 14 4 4 9 9 2 4 6 6 4 4
M1363 1 0 3 7 13 13 5 8 4 9 0 2 4 5 5 7
M1364 5 5 7 8 7 14 4 10 8 9 2 2 5 7 5 6
M1365 5 6 2 7 2 15 6 8 4 8 2 2 4 7 4 5
M1367 0 6 2 8 7 8 4 0 4 9 3 3 2 4 6 7
M1368 1 5 7 8 8 05 6 11 0 7 2 4 5 9 3 6
M1369 5 5 7 7 8 8 0 11 3 3 2 0 1 5 3 5
M1370 5 5 3 7 15 17 7 10 7 7 2 4 5 5 5 9
M1371 5 5 5 7 7 14 8 11 7 9 2 2 3 6 2 6
M1372 5 0 2 9 13 15 5 6 7 13 2 0 3 5 5 6
M1373 5 6 2 0 8 16 4 0 4 7 2 3 3 4 3 6
M1374 5 10 7 8 8 8 7 9 8 13 2 2 3 4 2 6
M1376 5 5 8 8 15 16 4 8 1 10 2 3 4 6 6 7
M1379 5 5 2 2 8 15 6 9 8 12 2 2 6 6 4 5
M1381 4 5 5 8 15 15 5 10 7 7 2 3 4 5 4 5
M1383 5 5 2 5 13 05 10 12 4 7 1 2 0 6 4 4
M1384 5 5 7 7 8 15 4 5 7 8 2 2 6 6 5 8
M1385 5 8 7 8 8 14 9 11 8 9 2 2 4 4 6 8
M1386 5 6 2 7 13 15 8 8 3 13 2 3 5 7 4 8
M1387 5 5 2 7 06 16 00 10 7 12 2 5 6 9 4 5
M1388 0 5 2 7 7 15 7 11 7 7 2 2 2 0 7 7
M1390 5 5 7 8 15 15 5 14 4 0 2 3 3 6 0 6
M1391 5 5 0 5 05 17 4 8 8 10 2 3 2 5 4 4
M1394 5 8 2 2 7 13 5 9 4 8 1 5 5 5 6 6
M1395 5 5 2 7 15 15 5 8 7 7 1 2 1 3 4 6
M1396 0 6 2 6 8 15 5 9 7 0 2 2 5 5 5 7
M1397 5 5 3 0 8 15 0 8 4 9 2 2 5 6 3 4
M1398 5 5 2 2 13 15 4 11 7 8 2 2 4 4 4 5
M1399 5 5 2 6 13 13 5 9 4 7 2 2 5 5 5 5
M1400 5 5 0 7 7 16 9 0 7 11 2 4 4 4 4 5
M1402 1 5 7 7 7 8 6 7 8 9 2 3 4 6 5 5
M1403 5 6 8 8 8 15 7 7 8 9 2 2 3 5 5 6
M1404 5 5 7 9 15 16 4 5 7 7 3 3 5 5 3 4
M1407 5 8 6 7 13 15 5 9 7 7 2 3 7 7 4 4
M1408 5 5 2 7 8 11 7 8 4 7 2 2 2 4 5 5
M1410 0 5 2 7 03 14 5 5 4 7 2 3 6 7 4 5
M1411 5 6 5 0 8 8 7 11 7 7 2 8 5 6 0 6
M1413 5 8 2 7 8 14 7 8 7 7 3 3 6 9 3 6
M1414 6 6 5 5 8 15 8 10 7 7 2 3 4 6 4 8
M1416 0 5 6 8 8 13 7 13 0 12 2 3 3 4 4 6
M1417 2 6 7 8 15 15 0 8 7 0 2 2 6 6 6 6
M1422 1 5 2 7 8 15 8 8 7 9 2 2 4 7 6 6
M1425 5 5 2 8 8 14 5 5 7 8 2 2 4 6 6 8
M1426 5 5 2 3 13 15 5 8 7 8 2 3 3 5 6 7
M1428 5 5 2 3 7 15 5 6 7 7 3 3 6 6 6 6
M1429 5 8 5 7 13 13 6 6 3 7 2 4 5 5 5 5
M1430 5 5 3 8 13 15 6 6 7 9 1 1 6 6 4 8
M1433 5 5 7 7 8 16 5 9 4 7 2 2 5 5 5 6
M1435 5 6 8 8 8 8 5 10 9 9 2 3 3 6 5 5
M1438 5 5 7 7 8 8 7 8 4 7 2 4 4 4 5 6
M1440 5 5 2 5 7 15 4 5 4 7 2 3 2 4 5 8
M1444 5 5 5 7 15 15 6 10 4 4 2 2 1 5 5 6
M1445 5 5 7 8 0 8 7 9 7 8 0 2 3 6 5 7
M1448 5 5 2 5 8 14 6 7 7 9 2 2 0 5 0 6
M1449 5 5 3 7 8 15 5 5 4 9 2 3 3 6 6 6
M1450 5 5 2 8 11 15 4 8 7 8 2 2 6 7 4 6
M1454 5 5 6 6 8 0 0 8 6 7 2 3 5 6 4 5
M1457 5 5 3 7 8 14 4 6 9 9 3 4 4 7 5 6
M1458 0 5 6 8 15 15 0 11 4 7 2 3 5 5 4 5
M1464 5 5 7 9 16 16 5 10 7 8 2 2 5 5 5 6
M1465 5 6 5 7 8 8 7 11 4 4 2 3 0 5 0 5
M1467 4 5 7 7 8 15 4 0 7 7 1 1 0 7 5 7
M1468 5 6 7 8 13 15 4 5 4 9 2 2 5 9 5 5
M1470 5 5 2 8 15 15 6 6 4 9 2 2 5 7 4 5
M1471 5 5 6 9 16 16 4 11 4 9 2 3 2 6 5 5
M1473 8 11 0 8 7 7 5 7 7 0 2 2 2 6 5 8
M1474 2 5 2 2 7 7 6 8 7 7 2 3 6 7 4 6
M1475 5 5 3 7 8 03 7 11 7 0 2 2 4 6 6 6
M1476 5 5 6 9 15 16 5 8 0 13 2 3 5 5 5 0
M1477 5 5 2 7 15 15 4 5 4 7 2 2 3 4 3 6
M1478 5 5 2 7 8 15 11 11 8 9 2 2 5 6 3 6
M1480 1 5 7 8 8 16 7 7 7 7 4 8 4 5 4 4
M1481 5 6 2 0 7 8 8 8 7 10 2 2 0 6 4 6
M1483 1 5 2 6 8 17 7 7 8 8 1 2 7 7 5 7
M1484 5 5 3 7 5 8 8 8 4 7 2 2 5 9 4 5
M1485 5 6 9 9 13 15 5 13 7 8 2 4 4 4 6 6
M1487 4 5 6 7 7 14 2 4 7 7 2 3 2 4 3 7
M1489 5 0 1 3 13 15 5 0 7 7 2 2 5 7 6 6
M1491 6 8 2 8 15 15 8 9 4 7 2 5 4 6 6 6
M1494 1 3 0 2 9 16 5 7 3 7 2 2 0 1 5 6
M1495 5 6 2 8 7 15 5 9 7 8 2 4 5 7 7 7
M1500 5 5 7 8 7 15 5 7 3 7 2 3 4 5 7 7
M1501 5 5 2 5 8 14 5 5 7 7 2 2 3 6 5 6
M1502 5 5 7 0 8 15 8 0 7 9 2 3 5 7 5 5
M1503 5 5 7 7 7 15 5 5 7 8 3 4 4 0 4 0
M1504 5 5 7 7 15 15 0 8 9 9 0 2 6 6 4 5
M1506 1 0 2 8 13 15 7 0 4 7 2 2 5 6 4 5
M1507 0 5 7 7 7 0 5 9 7 7 2 2 4 5 5 7
M1509 5 8 2 8 15 16 6 8 7 8 2 2 2 4 7 7
M1510 5 5 2 2 13 15 6 8 7 7 3 3 5 5 4 4
M1513 5 5 7 9 8 15 4 5 11 11 2 3 1 7 4 4
M1514 1 5 6 9 8 0 5 9 7 9 0 4 4 4 5 8
M1515 5 5 2 8 8 14 5 8 4 8 2 3 4 6 1 5
M1517 5 6 0 9 8 15 0 4 4 10 3 3 5 6 5 5
M1518 5 5 2 0 15 18 6 8 7 7 2 3 4 0 4 7
M1519 1 5 7 8 8 16 8 10 7 12 2 2 2 5 4 6
M1521 0 8 1 2 7 0 5 8 7 7 2 3 4 5 3 4
M1524 5 6 2 8 8 15 8 9 4 7 2 2 5 6 6 8
M1526 4 4 6 8 15 15 5 5 4 4 2 4 2 6 4 5
M1527 4 5 8 8 8 15 8 11 7 13 2 0 5 0 4 5
M1530 5 5 3 3 8 14 4 8 4 9 4 5 4 5 5 5
M1531 1 5 2 2 8 13 8 8 7 11 2 3 3 0 0 6
M1532 5 0 8 8 15 15 6 6 4 4 2 2 0 3 6 6
M1533 5 5 3 7 15 16 4 5 7 7 1 5 7 7 6 7
M1535 5 6 8 9 8 13 6 6 7 12 4 8 5 9 6 6
M1538 5 6 8 8 8 15 7 11 4 9 2 3 5 6 5 7
M1543 5 10 2 2 8 8 7 7 7 7 2 3 4 6 4 6
M1545 5 10 7 8 8 05 5 7 7 0 2 3 5 6 6 9
M1546 5 5 7 7 14 16 6 11 7 7 2 2 5 6 4 5
M1551 5 5 8 8 15 16 7 8 7 8 2 2 2 5 4 6
M1552 5 5 2 8 15 15 5 14 4 4 2 2 4 5 6 7
M1553 5 5 2 7 13 15 5 8 4 8 1 1 5 5 5 5
M1554 0 5 2 8 15 16 9 9 4 7 0 2 5 7 4 6
M1556 8 11 8 8 7 16 7 8 1 7 3 3 4 5 5 6
M1557 5 5 3 7 13 15 7 8 7 7 2 2 6 7 5 6
M1558 5 5 3 7 15 15 5 8 4 8 2 3 5 6 3 4
M1562 1 5 3 3 8 16 5 11 7 12 3 3 2 4 5 5
M1563 5 12 2 7 15 05 8 8 7 0 2 2 3 6 3 3
M1564 5 10 8 8 0 8 11 11 7 0 2 2 6 6 5 6
M1565 5 5 2 7 5 7 7 7 7 7 2 3 6 7 4 4
M1566 5 5 2 0 8 8 6 11 4 8 2 2 1 0 4 6
M1567 4 4 7 8 7 15 0 6 7 9 2 3 0 7 5 5
M1569 5 5 7 0 7 15 5 11 9 9 3 3 5 5 6 0
M1571 5 5 2 8 7 13 6 10 7 8 2 3 3 4 4 4
M1573 5 5 7 7 8 15 8 9 4 12 2 2 6 6 4 7
M1574 5 5 7 8 13 14 5 0 7 7 3 5 0 3 4 6
M1575 5 5 7 8 15 16 5 6 12 03 3 0 4 5 3 6
M1576 5 5 2 2 8 06 5 7 7 8 0 2 4 6 3 3
M1577 5 6 2 7 13 15 5 7 7 8 2 3 4 6 5 5
M1578 5 6 7 7 8 14 8 8 4 9 2 5 6 7 6 7
M1581 5 5 3 8 15 15 4 4 4 7 2 3 3 6 5 7
M1582 5 10 2 2 8 15 7 8 9 9 2 3 1 8 4 4
M1583 5 5 7 7 8 15 8 8 6 12 2 3 5 7 6 7
M1584 5 5 1 5 13 15 4 11 4 7 3 3 4 6 3 6
M1585 5 6 2 6 15 15 5 9 7 8 3 3 4 6 5 6
M1587 5 5 2 7 7 8 5 7 7 7 2 2 4 6 5 7
M1588 5 5 7 8 7 8 8 9 7 8 2 3 9 9 4 4
M1590 5 5 2 7 15 15 5 8 7 7 2 3 4 8 6 6
M1591 5 5 2 7 7 13 5 7 7 9 2 3 0 7 3 0
M1593 5 5 2 8 7 14 8 10 4 8 2 4 3 6 5 6
M1596 5 0 2 8 8 15 5 7 7 7 2 4 2 0 5 6
M1597 5 6 6 8 7 15 5 10 9 11 2 2 2 6 5 5
M1598 4 5 2 5 8 15 5 11 4 7 1 2 5 5 5 5
M1599 5 5 5 7 8 13 5 5 7 9 3 4 5 6 4 6
M1604 4 5 7 9 8 14 0 5 8 9 2 0 3 6 5 9
M1606 0 5 3 7 8 13 9 11 0 8 2 3 2 3 3 5
M1607 4 5 6 7 7 15 11 11 7 8 3 3 2 4 3 5
M1608 5 5 2 3 7 7 4 4 7 0 2 2 3 5 5 0
M1609 4 5 5 8 0 8 8 00 4 7 2 2 1 5 6 6
M1610 5 5 2 7 8 14 4 9 4 13 1 2 1 5 5 5
M1611 5 5 2 7 13 16 4 10 0 9 2 2 7 7 0 6
M1612 5 5 2 2 8 15 4 5 7 7 2 2 4 7 6 7
M1613 5 6 7 7 14 14 4 8 7 9 3 3 6 9 4 5
M1614 5 5 6 0 8 8 5 7 3 8 2 2 4 0 5 6
M1615 5 6 2 7 15 16 7 7 4 7 2 2 3 5 6 6
M1618 5 5 2 2 8 13 4 8 8 8 2 2 2 4 4 5
M1620 5 8 2 8 2 8 5 11 8 9 2 2 5 7 5 5
M1621 5 6 5 7 8 15 5 5 4 7 2 2 4 6 5 5
M1623 5 0 2 7 15 16 0 9 7 12 2 4 5 7 4 4
M1624 0 6 3 3 15 18 5 11 4 4 2 3 0 7 3 5
M1625 10 10 3 8 8 14 9 9 7 8 1 2 5 5 4 8
M1626 5 5 7 8 8 14 5 8 4 7 2 3 6 7 6 6
M1627 1 5 2 8 8 14 4 11 4 7 2 2 5 5 3 5
M1628 5 5 2 7 7 8 9 9 6 9 2 3 5 7 4 8
M1629 5 5 5 8 8 14 10 10 1 7 2 2 1 5 4 5
M1630 5 5 2 7 8 8 8 11 9 9 2 2 7 9 3 7
M1631 0 5 2 4 16 16 5 6 2 7 1 3 5 7 4 0
M1632 5 6 8 9 8 16 8 9 7 7 2 2 1 4 4 6
M1634 1 5 3 7 8 8 11 11 4 7 2 2 4 5 3 5
M1637 5 5 2 2 13 15 4 7 8 8 1 2 4 6 5 7
M1641 5 5 7 7 4 8 6 10 0 8 2 5 0 7 4 5
M1642 5 5 2 7 8 04 4 0 7 8 1 2 5 5 6 6
M1645 5 6 7 8 13 05 8 9 0 7 2 2 4 5 5 5
M1649 5 5 2 2 15 15 5 7 7 7 2 3 6 6 6 6
M1650 5 5 0 6 7 15 8 02 8 9 2 2 3 6 9 9
M1651 1 6 2 8 8 15 5 9 8 8 2 2 5 5 4 5
M1652 0 5 3 5 15 15 0 10 3 4 2 2 5 6 3 7
M1653 5 5 7 8 8 15 4 0 7 0 2 2 5 7 3 5
M1655 5 5 5 7 0 8 01 11 4 9 2 3 6 6 3 4
M1656 5 14 7 8 14 15 5 7 7 8 1 3 4 6 4 5
M1657 5 5 7 7 8 13 5 11 4 9 2 2 6 9 4 6
M1658 1 1 6 8 15 16 9 11 7 9 2 3 4 6 3 5
M1659 5 5 8 8 14 16 6 6 7 7 2 7 4 4 5 6
M1660 1 5 5 8 8 13 8 9 4 9 2 3 4 5 4 4
M1661 4 8 2 8 8 13 8 10 7 7 2 3 5 6 6 8
M1665 4 5 2 3 8 14 00 10 8 00 1 3 5 5 5 6
M1666 5 5 2 3 8 13 5 7 4 4 1 3 4 4 5 6
M1667 6 6 2 9 8 8 8 8 4 7 2 2 2 4 4 7
M1669 5 6 7 8 03 16 9 9 7 9 1 0 5 6 5 7
M1672 2 5 3 6 15 16 6 9 7 8 3 4 4 6 5 5
M1673 5 6 3 7 13 15 4 8 7 9 2 7 5 7 5 6
M1675 4 5 4 8 7 16 8 11 9 9 2 2 3 5 5 6
M1676 5 5 7 7 7 15 9 9 4 6 2 3 5 6 3 5
M1677 5 5 2 7 15 16 7 8 9 9 0 2 5 6 0 6
M1679 5 5 2 7 7 0 4 8 4 7 3 4 2 6 0 6
M1680 1 5 6 6 7 14 7 7 7 7 2 2 2 3 4 5
M1681 1 5 2 10 8 16 4 8 0 8 1 2 0 7 4 5
M1683 5 5 8 8 7 15 2 5 7 7 3 3 5 6 5 6
M1685 0 6 2 3 0 8 6 8 4 11 2 2 4 6 4 6
M1686 5 6 7 0 8 13 5 6 8 9 2 3 3 7 0 6
M1687 1 5 2 5 13 16 5 8 7 9 2 2 5 5 5 6
M1688 5 5 1 8 14 15 8 8 0 7 2 3 6 6 4 0
M1690 5 5 2 9 15 15 8 10 4 7 2 4 6 7 4 4
M1695 5 5 2 5 8 15 5 11 7 8 2 3 3 6 5 6
M1700 4 0 7 8 15 15 4 4 4 9 0 3 6 6 3 6
M1701 5 6 6 7 8 15 5 5 8 0 2 2 4 0 5 9
M1704 1 5 2 8 15 16 8 8 8 8 2 3 4 5 3 5
M1705 5 5 7 7 8 8 5 7 3 6 0 3 3 6 5 0
M1707 5 00 7 7 13 13 10 10 7 7 2 3 4 9 5 0
M1708 5 6 2 5 14 15 6 6 7 9 3 4 3 4 4 5
M1709 4 4 7 10 7 13 4 5 0 4 0 3 2 6 5 6
M1711 5 5 2 7 16 17 6 7 7 12 2 2 3 6 5 6
M1714 5 5 7 8 16 16 8 11 9 12 2 3 4 4 6 6
M1715 5 0 7 8 16 06 10 11 8 8 2 3 5 6 4 5
M1716 5 5 7 7 15 16 8 8 8 8 1 3 5 6 6 6
M1719 5 5 2 3 8 15 6 7 9 13 4 4 6 6 5 6
M1720 5 10 0 7 8 16 9 9 3 4 2 2 5 0 4 6
M1721 5 5 3 7 15 05 5 7 7 7 2 2 4 6 0 5
M1723 5 5 3 9 8 8 9 11 9 9 2 2 6 6 4 5
M1724 5 6 3 8 13 16 5 8 7 7 2 2 1 5 5 6
M1727 5 5 8 8 7 13 5 5 7 9 2 2 4 6 4 5
M1728 1 1 2 6 13 16 9 9 4 9 3 3 5 6 4 6
M1730 4 5 8 8 8 13 7 8 6 8 3 4 2 4 5 5
M1731 5 5 2 2 15 15 5 6 12 12 2 2 2 3 3 6
M1732 5 5 3 9 7 15 9 10 7 7 2 2 6 10 4 5
M1733 4 5 2 2 14 05 8 9 4 8 1 3 2 0 4 5
M1736 0 5 3 6 8 15 8 11 7 9 2 2 1 3 3 0
M1739 0 5 2 7 7 8 11 12 8 9 3 4 1 6 5 0
M1743 5 5 3 6 13 13 6 6 7 7 2 2 0 7 5 0
M1744 2 5 7 7 13 15 7 8 4 7 3 4 4 9 4 5
M1747 5 5 0 8 0 16 8 11 3 8 2 4 6 6 6 7
M1749 5 5 3 7 15 16 5 8 7 12 2 8 4 4 5 6
M1750 5 5 7 7 13 13 4 5 7 9 3 3 4 6 6 10
M1751 4 5 2 2 13 13 10 11 7 7 3 3 6 6 5 7
M1754 5 5 7 7 0 16 2 11 1 0 2 3 5 5 6 6
M1755 0 5 3 6 8 14 0 9 7 9 2 2 5 6 5 5
M1756 5 6 8 9 8 15 8 00 12 12 2 0 1 4 3 5
M1758 5 6 3 7 7 0 6 8 7 9 2 3 0 6 4 5
M1759 4 5 2 3 7 0 4 9 0 7 2 2 3 6 5 7
M1761 5 5 2 3 6 14 4 8 7 7 2 2 4 6 5 5
M1763 5 10 0 7 7 15 6 8 10 10 4 4 6 6 5 0
M1764 5 5 6 7 16 16 7 11 7 8 3 3 3 6 5 6
M1767 1 5 7 0 0 8 9 12 4 9 2 3 5 6 7 7
M1772 5 5 2 2 15 17 8 11 7 9 2 2 5 6 6 7
M1775 5 0 2 9 8 15 5 5 8 9 1 3 0 4 4 7
M1776 5 6 2 9 7 03 8 10 8 13 2 4 6 0 5 6
M1777 5 8 2 7 11 15 7 10 7 7 2 3 4 0 0 7
M1778 5 5 7 8 7 15 4 9 4 13 2 4 4 4 5 7
M1782 5 5 5 7 8 8 4 5 8 9 2 3 5 9 5 7
M1789 5 5 0 0 8 16 5 6 7 12 2 2 7 9 6 7
M1790 1 1 6 7 8 13 6 7 0 0 2 4 5 5 5 6
M1791 5 6 2 8 15 15 5 11 7 13 2 3 4 7 4 4
M1793 5 5 2 2 8 8 4 6 7 7 2 2 4 6 4 5
M1795 5 6 2 6 7 13 6 0 7 12 0 2 3 9 4 5
M1796 5 5 8 8 8 16 0 7 8 9 2 3 5 6 5 0
M1797 5 10 2 8 15 16 5 01 9 13 1 1 2 0 5 6
M1798 5 5 8 8 7 16 2 8 7 9 2 5 4 5 3 5
M1799 5 6 8 8 8 15 0 9 4 8 3 0 5 9 5 7
M1800 6 6 6 7 7 15 7 11 4 7 2 4 2 6 7 7
M1803 5 5 3 8 7 8 5 10 4 4 3 4 4 6 4 6
M1807 5 5 0 6 8 15 5 6 7 8 0 2 3 5 5 6
M1810 0 9 3 7 9 15 0 7 7 11 2 3 4 6 5 6
M1811 5 5 2 6 8 15 4 7 4 8 2 3 2 3 4 6
M1813 5 6 2 7 16 16 8 0 7 7 2 2 5 6 0 4
M1814 5 5 2 2 8 8 6 7 4 4 2 3 5 5 6 6
M1817 5 5 3 7 7 17 5 9 7 7 2 2 4 9 4 5
M1819 5 5 6 7 8 14 5 10 6 7 0 3 5 7 4 0
M1821 3 5 1 2 7 17 4 6 4 12 2 2 5 6 4 7
M1822 4 6 0 2 15 15 5 0 4 4 2 2 1 5 4 4
M1825 5 5 0 6 03 15 4 12 7 9 2 2 3 6 4 7
M1827 5 5 9 9 8 15 5 8 7 7 2 4 0 0 1 3
M1828 1 5 2 7 8 8 4 7 9 9 3 3 2 7 4 6
M1832 5 5 8 8 7 13 7 8 7 7 1 8 1 5 5 6
M1834 6 12 7 9 15 16 10 10 9 13 3 3 5 6 6 7
M1837 5 5 2 2 8 15 4 9 8 9 2 2 6 0 0 5
M1838 1 5 6 7 8 14 5 6 4 9 3 3 4 7 4 7
M1839 5 10 2 9 15 15 7 7 3 7 2 3 4 5 4 6
M1851 4 12 1 0 13 15 4 8 0 7 2 2 4 6 4 7
M1853 5 5 7 8 8 15 5 5 8 9 3 3 4 6 3 4
M1854 1 6 2 8 8 15 6 00 3 9 4 4 1 4 0 4
M1855 5 5 2 7 8 16 5 7 7 7 2 3 5 6 5 6
M1856 4 5 3 7 7 16 4 9 0 12 2 3 6 6 0 7
M1858 5 5 0 7 8 8 5 6 1 4 2 2 4 0 4 8
M1859 5 5 7 9 15 16 8 9 4 9 2 2 3 3 4 5
M1860 5 6 6 0 7 13 8 01 4 9 2 4 4 5 5 5
M1862 5 5 7 7 15 16 6 7 7 7 2 3 3 6 4 6
M1864 1 5 2 8 7 13 4 6 7 7 2 3 7 7 3 6
M1865 5 5 7 8 8 14 5 7 4 7 2 3 0 0 5 6
M1866 5 5 2 3 0 15 6 6 9 9 2 2 0 3 4 6
M1867 4 5 6 8 8 16 4 5 7 7 2 3 4 4 4 5
M1868 5 5 2 2 15 15 7 7 0 9 3 0 4 6 3 3
M1869 5 5 2 7 7 10 9 11 1 9 3 3 2 4 6 6
M1870 5 6 5 7 15 15 5 8 3 7 2 2 6 7 4 4
M1872 1 6 8 8 7 16 0 8 8 0 2 2 1 5 5 5
M1873 1 5 2 8 8 14 5 8 4 7 3 3 2 6 3 3
M1874 5 5 3 6 3 8 9 01 4 7 3 0 6 7 3 4
M1875 4 5 7 7 8 15 4 7 4 7 2 3 5 5 5 6
M1879 5 5 8 8 7 14 0 4 8 8 3 3 3 5 6 0
M1881 1 6 2 8 11 16 8 10 7 7 2 3 1 5 4 7
M1882 0 5 7 7 8 15 6 7 2 00 2 3 5 6 4 5
M1883 5 6 0 7 03 16 4 8 4 8 2 2 6 6 5 6
M1885 5 10 2 2 8 15 12 12 4 9 2 2 4 6 3 6
M1887 0 8 0 3 8 13 8 8 4 7 2 3 1 5 4 5
M1889 5 5 2 2 8 8 4 5 8 9 2 3 6 6 5 5
M1890 5 5 3 7 7 8 5 8 7 7 0 0 4 5 5 5
M1891 5 5 7 8 8 06 0 14 7 12 2 3 1 7 4 4
M1892 5 5 5 7 15 15 9 11 4 7 2 2 3 3 6 6
M1894 1 6 7 7 15 15 6 8 4 9 2 2 4 4 4 7
M1895 5 5 3 7 8 8 8 8 4 7 3 4 4 6 3 6
M1896 4 5 2 8 14 15 5 8 4 9 2 2 4 6 6 6
M1897 5 10 2 2 8 16 4 11 7 7 2 3 2 3 4 6
M1899 5 5 1 7 8 16 8 9 3 0 2 2 3 0 3 6
M1900 5 5 2 2 7 16 0 11 0 14 3 4 5 5 3 5
M1901 1 6 2 9 14 15 8 9 8 8 2 3 5 6 4 5
M1903 5 5 7 7 13 14 7 00 4 11 2 2 5 9 0 4
M1904 5 6 7 7 8 15 6 8 4 7 4 4 4 6 4 5
M1905 5 5 2 3 8 15 6 8 4 8 2 3 6 6 3 4
M1906 4 11 0 8 15 16 5 9 7 7 2 2 6 0 7 8
M1907 4 5 2 2 8 8 5 5 6 7 2 3 1 1 5 8
M1909 5 5 3 0 13 13 5 5 0 7 2 4 3 5 5 5
M1910 5 5 3 8 8 8 7 9 7 9 2 2 2 6 2 2
M1911 1 4 6 7 16 16 5 11 7 9 2 3 4 6 5 6
M1912 5 5 3 7 8 13 10 11 9 9 2 3 3 7 3 4
M1913 5 5 8 8 8 13 5 8 0 9 0 2 5 7 5 6
M1914 5 6 8 9 8 15 5 7 7 7 3 3 4 5 5 5
M1916 5 0 6 9 7 15 6 11 9 9 2 3 4 5 3 0
M1919 4 5 2 7 7 7 8 10 4 8 2 2 1 5 6 7
M1920 5 5 8 8 8 8 5 10 4 9 2 2 5 7 5 5