F1 5 5 3 3 8 8 5 7 4 9 3 4 2 9 4 4
F2 4 4 3 8 8 16 8 8 7 7 2 3 6 9 6 6
F3 0 5 2 2 05 16 4 11 3 8 2 2 4 5 4 5
F5 5 5 2 7 8 15 6 8 4 7 2 2 5 5 5 7
F6 5 5 2 7 8 15 10 10 4 12 2 6 2 2 5 6
F7 5 5 3 3 8 16 8 8 4 11 2 2 2 5 5 5
F9 5 10 8 8 15 15 7 8 7 7 2 2 4 5 4 6
F10 4 5 0 0 14 15 7 7 7 7 2 3 4 5 1 4
F11 5 13 3 8 15 15 6 8 4 7 3 3 4 6 3 3
F12 5 5 2 2 8 13 8 10 4 9 2 3 4 5 0 0
F13 5 5 7 7 8 15 5 10 2 12 2 2 4 9 3 6
F14 4 4 3 8 15 16 7 9 7 12 1 3 2 9 7 7
F15 5 6 2 8 7 16 4 7 3 4 2 3 4 4 5 5
F16 4 5 7 7 8 8 8 10 4 9 2 4 4 6 6 6
F17 4 5 7 7 7 17 7 11 3 9 2 2 2 3 6 6
F18 5 5 7 0 8 15 4 11 3 9 2 2 3 7 1 0
F19 5 6 7 10 7 7 4 11 8 8 3 3 5 5 4 5
F20 5 5 2 8 8 8 5 9 7 7 2 2 6 7 5 5
F21 5 6 8 8 8 13 8 8 7 7 2 3 1 9 3 6
F22 5 5 2 2 13 15 5 7 4 4 3 3 3 5 5 6
F23 5 5 2 6 8 15 8 9 7 9 1 3 2 6 4 7
F25 5 0 2 7 8 15 7 8 7 10 2 0 5 6 4 4
F26 5 5 2 6 8 14 4 10 4 12 2 2 5 5 5 5
F27 5 5 2 5 8 17 00 10 0 7 2 2 7 10 4 4
F28 4 5 2 0 0 15 7 10 1 7 4 5 5 5 3 4
F29 4 5 6 8 8 17 6 8 8 8 2 2 5 5 6 7
F30 5 5 7 7 7 8 7 11 10 11 2 2 6 6 3 7
F32 5 11 2 2 8 15 8 8 7 7 2 3 4 6 4 4
F33 5 6 7 8 7 8 9 11 3 9 2 3 0 6 4 0
F34 5 5 2 6 14 15 4 5 8 9 2 2 4 9 5 5
F35 5 5 2 7 15 16 5 6 7 7 2 2 4 5 5 5
F36 4 5 7 7 8 8 5 8 4 7 2 2 2 6 5 6
F37 5 5 7 8 8 8 5 5 7 8 2 3 4 4 5 6
F38 5 5 0 3 04 15 8 9 7 9 2 2 4 5 4 5
F39 5 5 3 9 7 15 5 6 4 7 3 0 7 7 0 5
F40 1 5 7 7 15 15 4 5 7 7 3 3 4 6 4 8
F41 5 6 6 6 13 16 5 5 7 7 2 2 4 5 5 6
F42 5 10 2 6 14 06 6 8 0 9 2 5 3 3 4 4
F43 5 5 2 3 15 16 0 7 0 7 2 2 6 7 6 6
F44 5 5 7 8 7 17 4 8 7 8 3 3 1 3 5 5
F45 1 5 2 3 8 05 9 11 4 12 0 3 5 5 6 7
F46 5 5 7 8 8 15 6 9 4 9 2 2 6 6 4 6
F47 5 5 2 7 15 15 5 8 9 9 2 2 5 5 5 5
F48 5 5 2 7 13 15 6 9 7 7 3 3 4 4 5 6
F50 4 6 2 0 8 8 5 6 0 10 1 3 2 3 6 7
F51 5 5 2 7 13 15 7 7 4 7 2 3 5 5 5 6
F52 5 6 2 7 7 8 4 6 8 12 2 2 2 6 3 4
F53 5 6 2 6 8 16 8 9 6 7 1 2 7 7 5 7
F54 0 5 9 9 0 13 5 7 9 9 2 2 4 4 4 5
F55 4 5 3 7 8 8 7 0 7 8 0 3 5 5 4 5
F56 5 5 2 8 8 15 5 5 4 7 2 3 4 7 5 6
F57 5 0 7 7 8 15 4 5 3 7 2 0 4 5 4 5
F58 5 5 2 7 8 15 7 11 4 4 2 3 3 4 5 6
F59 5 5 3 8 7 0 00 11 4 4 2 4 4 5 5 5
F60 5 6 7 9 8 15 7 9 8 9 2 3 5 6 3 5
F61 5 5 3 3 8 15 4 7 0 7 3 0 4 6 4 4
F62 5 5 2 8 8 13 5 8 9 10 2 2 4 6 4 9
F63 1 5 2 3 8 14 5 8 7 7 3 3 5 5 5 5
F64 5 5 2 6 7 8 8 8 5 8 2 2 2 3 4 6
F65 5 5 2 7 7 15 5 8 7 7 2 2 6 6 3 5
F66 5 5 3 0 15 16 8 9 7 8 2 2 7 0 4 5
F67 5 5 8 9 13 15 5 6 7 8 1 2 4 5 4 7
F68 5 5 3 0 7 0 8 8 7 8 2 3 3 6 3 4
F69 5 0 2 7 8 15 0 10 4 9 2 2 4 5 5 7
F70 4 5 2 6 8 15 5 6 8 9 2 2 3 6 4 5
F71 4 4 2 8 16 16 11 11 4 4 2 3 1 6 3 4
F72 1 5 2 3 8 16 9 9 4 7 2 2 2 7 4 4
F74 1 6 7 7 15 16 4 8 1 4 2 2 4 5 4 4
F75 5 5 3 0 15 15 0 5 4 7 1 2 3 6 5 6
F76 5 10 2 7 7 16 6 10 7 7 2 7 4 6 5 5
F78 1 5 6 8 8 13 6 11 7 9 2 4 5 5 3 4
F79 4 0 2 2 16 16 8 10 7 12 2 4 0 7 4 6
F80 5 6 7 7 13 15 4 6 7 0 2 2 0 4 5 5
F81 5 5 0 7 8 05 5 7 7 9 2 4 6 11 5 5
F82 5 5 2 8 13 14 4 11 8 9 2 3 5 5 3 3
F84 5 5 7 7 8 15 8 9 4 7 2 3 5 6 5 6
F85 5 5 7 8 8 15 6 11 7 9 2 2 5 6 6 7
F86 1 1 2 7 7 16 8 12 7 7 2 2 5 6 4 6
F87 5 5 5 7 8 15 7 8 7 7 2 3 5 9 5 6
F88 5 6 3 3 8 8 5 8 7 13 2 2 6 6 4 5
F89 5 5 6 7 14 15 4 9 7 12 2 5 2 6 6 6
F90 5 10 7 8 7 8 5 8 9 9 2 5 6 7 6 7
F91 5 5 7 8 8 05 5 5 8 12 1 2 0 5 3 7
F92 5 6 2 9 8 13 6 10 4 7 3 3 6 6 6 6
F94 1 5 2 3 8 8 6 6 7 7 2 2 5 9 3 4
F95 5 5 2 2 8 15 5 5 7 8 2 3 5 5 5 6
F96 5 5 1 2 8 8 5 10 4 7 2 4 2 4 5 5
F97 1 1 3 6 8 06 5 5 7 0 3 4 3 6 4 6
F98 4 5 7 7 7 8 5 6 4 7 2 2 3 6 4 7
F99 5 6 2 10 7 13 7 8 7 12 2 3 5 6 4 4
F100 5 0 6 7 8 04 7 8 1 7 2 2 3 6 3 5
F102 5 5 7 8 8 8 7 8 7 9 2 2 3 6 6 8
F103 5 10 2 5 8 8 4 11 7 7 2 2 4 5 3 4
F104 5 5 2 2 8 15 5 10 7 7 0 3 5 5 0 5
F105 5 5 3 7 7 13 9 11 1 9 2 3 5 5 5 6
F107 5 5 2 3 8 13 8 8 7 7 3 4 2 5 6 6
F108 5 5 2 7 7 7 5 7 9 12 2 5 5 6 6 6
F109 1 8 7 7 8 8 4 6 7 9 2 4 6 6 4 4
F110 5 5 2 2 10 15 8 8 4 7 2 3 5 6 4 5
F111 5 6 2 7 8 15 6 6 8 12 2 2 6 6 3 5
F112 1 5 2 8 15 16 4 6 9 9 2 4 3 7 4 6
F113 5 6 6 7 8 8 4 7 7 12 2 4 5 5 5 6
F114 4 4 7 7 8 8 7 8 4 13 3 3 5 7 5 6
F115 1 5 8 8 8 15 3 7 4 9 2 3 1 4 4 6
F116 5 5 7 7 0 13 5 11 4 7 2 4 6 6 0 6
F117 0 5 6 6 15 15 7 8 3 8 2 4 0 5 6 6
F118 5 5 2 2 15 15 5 5 8 8 3 3 5 5 5 7
F119 6 8 2 2 7 8 4 9 7 9 2 2 7 9 4 6
F120 5 0 7 7 14 05 8 10 7 7 2 3 5 6 5 5
F122 4 5 7 9 8 05 8 00 8 9 3 3 5 5 7 9
F123 5 5 8 8 15 15 4 11 8 8 2 3 5 6 3 4
F124 5 5 8 8 7 15 4 7 7 8 3 3 6 9 5 7
F125 5 6 3 8 8 8 5 8 7 9 2 3 3 4 5 5
F126 5 5 2 7 13 13 5 8 7 7 2 2 4 4 3 6
F127 4 0 2 0 14 14 5 10 4 4 2 2 2 5 5 5
F128 5 6 2 8 8 8 5 6 4 8 1 2 2 4 4 6
F129 5 5 2 6 8 14 8 8 7 12 2 4 2 4 4 6
F130 1 5 2 2 8 16 9 9 7 7 1 2 4 5 5 5
F131 5 04 3 8 8 8 4 11 8 0 2 2 1 1 4 5
F132 4 5 2 7 7 13 8 8 7 7 2 2 2 4 5 6
F133 1 5 2 9 7 13 5 5 9 9 4 4 4 9 4 5
F134 5 5 7 0 15 15 9 11 4 0 2 3 3 6 5 6
F135 5 5 2 8 7 03 9 9 0 8 2 4 4 6 5 7
F136 5 5 7 8 14 17 4 5 9 9 2 2 5 7 4 5
F137 5 6 2 7 13 15 4 9 4 9 2 3 5 7 3 8
F138 5 5 2 0 15 15 4 9 4 0 2 2 5 5 4 8
F139 1 5 2 8 8 16 5 5 8 9 2 2 1 2 4 6
F140 5 10 8 8 15 16 6 8 7 9 2 2 6 7 3 7
F141 4 5 6 6 15 15 5 5 7 9 2 3 6 7 5 5
F142 5 11 6 8 8 15 6 9 8 12 2 3 1 3 4 7
F143 5 5 7 9 0 8 4 8 7 7 2 2 7 7 0 6
F144 4 5 2 3 7 17 5 8 7 7 2 3 5 6 5 8
F145 8 8 2 8 15 16 4 8 7 7 3 3 5 7 4 5
F146 5 5 3 7 16 16 9 10 4 8 2 2 4 6 5 6
F147 1 6 6 7 8 16 9 9 4 12 2 2 2 3 3 4
F148 5 5 7 8 15 16 5 7 4 7 2 3 6 6 6 7
F149 5 5 8 8 7 8 5 0 0 13 2 2 6 6 3 4
F150 0 5 3 6 7 8 5 5 7 8 2 2 2 4 3 0
F151 5 5 5 8 17 17 6 7 7 8 2 2 2 6 4 5
F152 5 5 2 9 8 14 7 8 7 9 2 2 2 5 5 6
F153 4 5 5 7 8 8 0 8 10 12 1 3 5 6 0 6
F154 1 1 6 8 8 16 9 9 7 9 2 3 3 4 4 7
F155 1 5 5 9 8 8 8 10 4 4 2 2 5 5 3 5
F156 1 5 6 7 1 8 0 7 1 0 2 2 5 5 4 5
F157 5 0 2 6 14 14 7 10 8 9 2 0 4 4 4 8
F158 5 5 2 8 15 15 8 8 4 7 2 0 0 4 3 5
F159 5 5 2 2 15 15 6 9 3 9 2 3 3 4 5 6
F161 5 5 2 0 04 14 11 11 7 9 2 2 1 3 5 6
F162 4 5 7 9 10 16 7 7 4 7 2 3 3 4 6 6
F163 5 5 2 8 8 8 8 11 8 9 3 4 3 6 5 6
F164 0 5 3 3 03 16 4 7 7 7 3 3 4 5 6 7
F165 6 6 5 6 13 15 7 8 4 4 2 4 5 6 5 6
F166 0 5 3 7 7 7 6 8 7 8 2 0 1 6 3 5
F167 4 5 2 7 8 8 6 9 7 9 2 3 3 6 5 6
F168 5 5 2 2 8 14 4 8 7 7 1 3 4 7 3 7
F169 5 5 5 6 7 7 4 6 8 9 2 3 3 9 5 8
F170 5 5 2 2 1 15 10 10 4 4 0 5 0 6 5 5
F171 3 0 2 7 7 7 5 6 7 0 2 2 2 2 3 9
F172 5 10 2 7 14 15 8 10 3 7 3 3 1 4 3 5
F173 12 12 6 8 16 06 6 11 4 7 2 2 0 6 4 6
F174 6 10 7 8 8 15 4 5 7 13 2 3 5 6 5 6
F175 4 5 3 8 8 15 5 9 7 7 0 3 2 7 0 6
F176 5 5 2 2 8 15 0 8 7 8 2 2 5 0 3 6
F177 4 0 2 9 8 13 9 9 4 8 1 2 0 5 5 5
F178 5 10 2 2 15 15 6 9 9 9 2 4 3 9 4 6
F179 3 5 5 8 14 14 4 7 12 13 2 2 4 7 6 7
F180 5 5 2 7 7 15 11 11 7 9 3 3 5 6 4 4
F181 5 8 7 7 8 16 8 8 4 12 2 3 4 7 4 4
F183 5 5 9 0 8 05 6 7 8 13 2 2 5 7 6 8
F185 5 10 7 7 8 8 4 7 4 9 2 4 3 7 4 5
F186 5 6 2 8 15 16 9 9 7 7 2 2 4 5 5 8
F187 5 6 3 7 15 15 4 8 7 7 2 3 5 6 4 8
F188 5 5 2 3 8 15 7 7 4 8 2 2 5 5 4 6
F189 5 5 7 7 04 14 6 0 4 4 2 3 4 6 5 6
F190 5 5 3 5 7 14 6 11 2 9 3 3 5 6 8 9
F191 5 5 5 7 15 16 5 9 7 7 2 2 6 7 4 5
F193 1 5 2 7 8 13 5 7 7 7 0 3 3 6 0 5
F195 1 5 3 3 14 14 5 9 13 13 2 3 2 3 3 5
F196 4 6 6 7 8 8 4 6 4 9 3 8 3 5 4 4
F197 5 8 3 7 8 13 7 7 4 4 2 3 2 2 6 6
F198 5 5 7 8 8 18 7 10 7 8 2 3 3 6 4 5
F199 5 12 0 7 8 15 7 11 4 0 2 2 4 6 6 7
F200 5 5 2 7 11 14 8 10 8 8 2 3 5 5 4 5
F201 5 5 1 2 15 15 8 9 4 9 3 5 5 6 5 6
F202 5 6 2 0 7 15 0 9 7 9 3 4 6 6 5 6
F203 5 5 7 8 7 8 4 8 7 9 2 5 3 5 4 6
F204 5 10 7 9 7 16 6 8 7 8 2 3 1 6 3 5
F206 5 5 5 7 7 7 9 10 4 8 2 4 3 3 3 8
F207 5 10 0 8 7 0 9 9 4 9 2 2 4 5 4 6
F208 5 6 7 7 14 16 8 9 7 9 2 2 3 4 5 6
F209 5 5 8 8 8 15 5 7 7 12 3 3 3 4 6 6
F210 6 6 2 2 7 15 5 8 7 7 2 2 2 4 4 5
F211 5 10 3 7 15 15 4 8 7 8 1 2 2 4 4 4
F212 1 6 0 8 7 15 6 0 4 7 3 3 6 6 5 6
F214 5 5 2 5 14 16 7 7 8 8 2 2 2 3 4 6
F215 5 6 2 2 7 15 4 7 7 0 2 2 2 5 3 0
F216 4 5 5 7 7 16 8 9 7 12 2 3 0 3 3 0
F217 5 5 7 10 13 13 5 6 4 7 4 4 6 7 6 7
F218 5 5 3 8 8 11 6 7 7 14 3 4 6 6 4 8
F219 5 6 2 8 14 16 5 5 8 9 3 5 5 7 4 4
F220 4 5 5 7 15 16 5 5 4 7 1 3 2 5 3 3
F221 1 5 2 8 8 0 6 8 1 4 2 2 3 4 4 0
F222 5 10 2 6 16 18 5 9 7 8 2 3 4 4 4 5
F225 5 5 6 7 15 15 9 11 4 4 1 4 3 4 5 5
F226 0 5 2 7 14 15 5 9 7 9 2 3 5 6 0 5
F227 5 6 2 6 7 7 7 9 3 4 1 2 5 6 5 7
F228 5 5 2 8 8 15 7 8 11 11 2 2 2 5 3 5
F229 5 5 2 8 8 16 01 01 7 7 3 3 4 4 4 5
F230 0 5 2 3 8 13 8 9 7 7 2 2 3 0 3 5
F231 5 5 3 9 15 15 4 5 7 9 2 2 5 7 7 8
F232 5 5 6 7 13 03 5 0 4 8 3 8 5 5 4 6
F233 5 14 0 6 3 15 9 10 8 9 0 3 1 5 5 6
F234 6 6 7 8 8 8 4 6 7 7 2 2 4 7 6 6
F235 1 4 2 2 05 16 5 5 3 3 1 2 6 6 4 0
F236 5 5 6 8 15 15 5 5 4 9 2 2 1 5 4 7
F237 5 5 2 3 8 14 5 8 7 9 3 3 5 7 5 6
F238 5 5 3 7 8 15 6 6 7 7 2 2 5 6 5 5
F239 5 8 7 8 7 15 6 7 9 9 2 2 0 5 4 0
F240 5 8 2 2 8 16 8 8 2 4 2 3 3 5 4 7
F241 5 5 2 8 15 15 7 8 4 7 3 4 4 5 5 6
F242 5 8 3 8 8 16 7 8 1 4 2 4 5 9 6 6
F243 5 5 6 7 7 0 11 01 7 7 1 2 3 5 4 6
F244 5 6 7 8 13 15 8 8 7 9 2 4 1 6 4 5
F245 1 5 0 8 16 16 6 11 7 7 2 2 0 7 3 5
F246 5 5 6 7 8 14 5 6 7 7 1 2 4 9 5 8
F247 5 5 8 9 7 13 4 5 7 7 1 2 4 7 5 7
F248 1 5 2 7 14 15 9 10 3 7 2 3 4 5 5 6
F249 4 5 2 2 15 15 7 11 4 12 2 3 4 4 4 7
F250 1 5 3 8 7 15 7 8 4 7 2 3 5 6 4 6
F251 0 5 2 2 15 16 5 7 4 0 2 2 3 5 3 5
F252 5 5 2 9 8 15 8 8 7 9 2 2 4 5 4 4
F253 5 6 1 7 8 8 0 7 7 7 0 2 3 4 5 5
F254 5 5 3 3 13 17 5 5 8 9 3 3 1 7 5 5
F255 5 5 7 8 15 15 4 4 7 7 4 7 3 6 8 8
F256 5 0 7 8 0 15 5 6 8 8 2 2 3 7 3 5
F257 5 10 7 8 8 16 5 7 7 7 2 3 5 6 5 7
F258 5 5 2 6 7 14 5 5 7 9 2 3 5 5 5 7
F259 5 6 2 7 7 7 5 6 7 9 2 3 5 6 4 6
F260 5 5 7 7 15 15 9 9 8 12 1 2 5 6 3 7
F261 5 10 1 7 7 16 5 7 4 0 1 2 4 0 7 7
F262 4 5 2 8 8 15 9 10 1 9 4 4 0 7 0 5
F263 1 5 3 8 8 15 7 8 4 8 3 3 1 4 4 4
F264 1 10 2 8 7 15 5 9 8 8 2 2 4 4 3 4
F265 5 5 2 2 8 13 6 7 1 12 2 2 3 5 5 6
F266 5 5 2 8 8 15 9 11 4 9 2 2 1 2 5 5
F267 5 5 6 8 05 16 5 0 7 7 3 3 3 6 3 8
F268 5 6 7 9 8 8 11 11 4 7 2 2 4 4 5 5
F269 5 6 7 8 15 06 4 6 7 7 2 2 2 4 4 0
F270 5 5 8 8 13 15 8 9 4 8 1 3 6 6 4 9
F271 3 5 1 6 8 8 4 7 4 9 2 3 4 5 5 5
F272 5 5 2 8 14 14 5 8 1 9 2 2 5 9 5 6
F273 5 5 7 8 13 15 4 5 4 7 3 4 5 6 5 5
F274 5 8 0 0 8 15 7 9 4 4 2 3 4 4 4 5
F275 5 5 2 9 13 14 5 9 8 9 2 3 4 6 6 8
F276 1 6 2 8 13 05 0 9 7 8 2 3 3 6 5 5
F277 5 5 6 8 15 16 5 8 9 12 3 3 5 5 6 7
F278 5 5 2 8 13 15 5 6 3 7 0 2 1 0 6 8
F280 5 5 2 2 7 8 8 10 7 7 2 2 5 6 4 5
F281 5 5 2 2 7 16 4 7 0 12 2 3 0 7 4 6
F282 4 4 2 7 16 16 5 8 7 7 2 2 7 9 5 7
F283 5 5 0 7 8 8 10 11 4 4 2 3 5 0 6 6
F284 5 0 2 8 0 15 5 7 4 7 2 2 6 7 4 4
F285 0 6 2 2 7 15 0 7 4 7 3 3 2 5 4 5
F286 5 6 7 8 14 15 11 11 7 8 3 4 4 6 4 6
F287 1 5 3 9 15 16 7 8 7 8 3 3 3 9 4 5
F288 5 0 2 6 8 16 0 7 7 9 2 2 5 6 4 5
F289 5 5 6 7 8 14 8 8 7 8 2 2 4 11 3 6
F290 5 5 2 8 15 16 0 7 9 13 2 2 2 0 6 6
F291 5 5 2 8 7 8 5 9 0 7 2 3 0 4 2 6
F292 5 6 6 7 13 13 8 9 7 9 2 2 4 5 4 7
F293 5 5 3 9 0 16 8 10 12 13 2 3 5 6 0 6
F294 5 8 8 9 15 15 7 8 9 12 2 2 6 6 4 5
F295 5 6 2 2 13 15 6 7 8 9 2 3 3 4 2 6
F296 5 5 7 8 8 14 4 5 7 9 2 2 0 3 0 3
F297 5 5 2 0 13 16 10 11 7 9 2 2 6 6 4 0
F299 5 5 2 0 7 8 8 9 7 7 2 2 4 5 5 0
F300 4 5 2 3 13 15 0 11 4 7 2 2 5 6 0 5
F301 4 0 9 9 15 15 9 9 3 7 2 3 2 5 0 6
F302 5 5 6 8 7 14 9 9 7 9 2 2 4 6 4 7
F303 5 5 5 5 14 15 7 9 7 7 2 2 5 5 4 9
F305 5 5 5 8 8 13 8 8 4 7 3 3 2 5 5 6
F306 5 5 5 8 8 13 8 9 4 7 2 3 0 5 3 0
F307 5 5 3 7 8 14 6 11 3 8 0 4 0 5 4 5
F308 6 0 7 8 15 15 5 7 7 12 2 3 4 6 0 7
F309 0 10 3 8 13 15 6 7 7 7 2 2 5 5 4 0
F310 5 6 3 5 8 15 7 10 3 7 2 2 0 4 0 6
F311 5 5 8 8 05 15 8 11 0 9 3 3 1 7 6 7
F312 4 5 7 7 05 15 5 10 0 7 2 2 3 3 3 5
F313 5 5 2 7 8 8 4 4 4 4 2 2 5 6 4 6
F314 5 5 3 6 7 16 1 8 7 8 2 2 6 6 4 5
F315 5 6 8 9 7 15 7 10 8 8 2 4 4 6 4 5
F316 5 0 2 2 7 0 4 4 4 7 2 4 4 7 6 6
F317 0 5 3 7 13 05 6 10 7 7 2 2 4 5 4 5
F318 5 5 8 0 11 04 8 10 1 1 3 3 1 3 4 5
F319 5 5 6 7 7 7 7 8 4 10 1 2 4 4 6 7
F320 1 5 7 0 7 05 8 8 4 7 2 2 3 6 3 7
F321 5 0 5 7 15 16 4 5 4 4 2 2 5 0 4 6
F322 5 10 8 9 15 15 7 8 7 8 2 2 4 7 4 4
F323 5 5 2 3 8 15 5 9 4 4 2 3 6 7 3 3
F324 5 5 8 8 14 16 7 8 7 7 2 2 3 6 5 6
F325 5 5 2 7 8 15 8 0 8 8 2 2 2 0 5 5
F326 5 5 2 8 14 15 7 10 4 9 2 2 4 5 5 5
F327 0 5 2 7 7 8 4 11 7 8 0 2 3 7 3 4
F329 0 5 3 8 15 15 6 7 3 0 3 4 4 5 5 6
F332 1 5 2 6 8 8 4 9 6 8 3 3 4 6 6 6
F333 1 0 2 2 15 16 7 11 4 7 2 2 0 5 3 4
F334 4 5 2 3 04 16 5 0 7 7 2 3 3 4 5 6
F335 4 6 2 7 8 11 6 6 4 7 2 4 1 5 4 4
F336 5 5 5 8 7 13 5 7 4 12 1 2 2 4 5 6
F337 5 5 2 7 8 8 5 0 7 9 2 4 0 5 3 5
F338 5 0 7 8 8 13 4 4 4 7 0 2 2 3 5 7
F339 5 5 2 8 14 14 5 11 4 7 2 3 5 6 8 8
F340 5 5 6 7 7 7 5 9 4 7 2 2 2 4 4 6
F341 5 5 3 7 7 8 10 11 7 8 2 4 4 6 5 6
F342 1 5 8 8 15 16 7 9 4 7 3 5 5 7 5 5
F343 5 6 2 8 15 15 4 9 9 12 1 2 3 5 1 6
F344 5 01 2 2 8 15 0 7 7 7 2 2 4 6 4 6
F345 5 6 7 7 8 16 5 9 4 7 2 5 3 5 5 5
F346 1 4 7 9 8 16 8 10 7 7 2 0 0 7 6 9
F347 1 5 2 8 13 15 2 10 7 7 2 3 6 6 3 5
F348 5 8 2 0 7 13 7 8 4 9 2 2 5 0 2 6
F349 5 5 3 3 8 14 5 6 7 8 3 4 1 6 3 6
F350 5 5 2 8 15 15 4 6 9 9 3 3 5 6 3 5
F351 1 4 2 8 7 15 5 9 7 8 2 2 2 5 4 8
F352 8 8 5 7 7 15 6 6 9 13 2 4 1 5 4 5
F353 5 5 2 8 0 8 4 0 8 13 2 2 4 5 6 6
F355 0 6 2 8 14 16 5 6 7 9 2 2 0 6 4 5
F356 5 6 7 9 8 16 5 8 4 7 2 4 5 6 4 6
F357 5 5 5 7 0 16 8 11 0 7 3 3 6 6 6 6
F359 5 5 7 7 8 15 5 7 8 9 3 3 6 6 3 4
F360 1 10 3 7 8 14 6 8 7 9 2 0 0 9 4 4
F361 4 5 8 8 8 8 9 10 7 9 2 2 5 7 4 5
F362 5 5 8 8 8 13 9 10 8 8 2 2 4 6 3 5
F363 5 5 7 8 8 8 5 8 4 7 2 2 4 4 4 5
F364 6 6 7 8 8 8 5 6 4 9 2 3 2 5 4 5
F365 0 5 2 8 8 06 7 8 7 9 2 3 5 7 4 7
F366 5 5 2 3 13 14 4 8 7 7 2 4 5 6 5 8
F367 5 10 8 8 7 8 7 8 6 9 2 3 3 7 4 6
F368 1 8 2 3 3 8 3 7 3 7 2 2 5 6 4 6
F369 5 6 3 5 8 13 4 7 7 7 2 2 5 8 4 5
F370 5 5 0 9 8 16 5 11 3 7 1 2 2 6 3 0
F371 5 5 6 6 8 16 5 8 4 7 2 4 5 9 4 5
F372 5 6 2 7 14 15 5 11 1 4 1 3 4 7 7 8
F373 5 5 3 7 13 15 5 7 1 4 2 3 5 7 4 5
F374 5 5 2 8 13 13 5 7 4 8 2 2 5 6 4 5
F375 5 5 2 7 8 15 10 10 7 9 2 2 5 5 5 5
F377 1 0 2 8 7 16 8 11 4 0 2 2 5 5 6 7
F378 6 6 7 8 15 15 3 7 7 7 2 4 4 7 6 9
F379 4 0 7 8 8 16 6 9 7 7 0 2 3 4 4 5
F380 5 6 7 8 14 15 5 5 3 7 2 2 5 6 4 4
F381 4 5 7 8 8 16 11 11 4 9 2 4 6 7 6 6
F382 5 5 2 7 7 14 5 8 4 4 2 2 4 7 6 7
F383 5 10 1 7 15 06 6 9 7 7 1 4 6 7 0 9
F384 5 8 8 9 15 15 7 11 7 7 2 2 5 5 5 6
F385 10 10 6 0 8 8 0 8 7 8 2 3 5 7 5 5
F386 5 5 2 2 8 14 4 9 7 8 2 2 2 7 5 5
F387 4 6 7 8 13 15 4 8 7 7 3 3 7 7 4 5
F388 5 5 2 6 13 15 0 4 0 8 3 4 3 5 6 6
F389 5 5 6 8 13 15 5 6 10 01 1 3 5 6 6 0
F390 5 5 6 0 7 15 8 8 7 03 2 2 6 6 4 8
F391 5 6 7 0 13 15 8 12 7 7 0 2 4 7 3 4
F392 5 6 2 8 8 15 6 8 8 9 2 2 4 6 2 6
F393 5 5 3 7 15 15 4 7 4 4 1 3 5 6 6 6
F394 5 5 3 7 15 16 11 11 4 9 2 2 5 5 5 7
F395 4 4 5 8 13 13 8 11 7 7 3 3 5 5 4 5
F396 4 5 8 8 8 15 5 7 6 12 2 2 4 4 5 6
F398 5 5 2 9 8 8 9 9 4 8 2 2 1 4 6 6
F399 4 4 7 8 8 8 5 6 7 9 2 2 5 5 6 6
F400 5 5 7 8 8 15 11 11 4 7 4 4 2 5 6 7
F401 5 6 0 10 7 8 9 11 7 8 3 6 6 9 4 0
F402 5 6 7 8 7 7 5 8 4 7 2 2 5 9 4 6
F403 4 5 6 9 7 7 8 11 7 0 0 2 6 6 5 8
F404 5 5 2 0 15 15 6 0 7 9 1 2 2 4 5 6
F405 4 5 7 7 14 15 4 10 4 8 2 3 3 4 5 5
F406 5 5 9 9 14 15 4 9 7 7 2 4 4 7 4 4
F407 5 6 7 7 8 8 4 8 7 7 2 2 6 6 5 6
F408 5 5 8 8 8 15 6 8 4 4 2 4 3 6 6 6
F409 5 5 2 0 14 15 8 11 0 7 2 3 4 7 4 4
F410 5 5 8 8 7 16 8 9 4 7 2 2 3 5 5 7
F411 5 0 6 8 8 16 5 0 4 7 2 3 3 7 4 5
F412 5 0 3 8 8 05 4 5 7 9 3 3 4 7 4 4
F413 8 8 2 8 16 16 8 10 9 9 2 2 4 7 3 6
F414 5 10 2 7 8 8 8 9 7 8 2 3 4 4 4 5
F415 5 5 8 8 8 15 7 11 7 8 2 3 3 6 6 6
F416 4 5 7 8 5 17 8 11 0 4 2 2 0 5 4 6
F417 5 5 2 8 8 15 6 7 8 00 0 3 4 7 6 7
F418 5 5 2 8 7 15 5 5 4 9 2 3 5 5 6 7
F419 5 6 2 2 03 16 5 7 7 9 1 2 6 6 0 8
F420 5 8 7 8 8 15 8 9 4 10 2 3 4 4 4 4
F421 5 5 7 8 7 05 4 7 7 7 2 2 1 4 0 4
F422 5 5 2 3 15 15 5 8 7 13 5 7 5 6 6 6
F424 5 5 7 9 14 15 6 7 7 8 2 5 3 3 6 6
F425 5 5 2 7 15 16 7 8 7 7 3 3 4 5 4 4
F426 5 5 2 0 13 05 6 11 7 7 2 2 6 6 5 6
F427 5 5 7 8 0 8 5 8 9 9 0 3 3 6 5 5
F428 6 6 6 7 8 8 0 11 4 9 4 4 5 0 4 5
F429 5 5 2 7 11 16 0 01 7 8 1 2 5 5 4 4
F430 1 5 3 7 8 15 5 7 7 7 2 4 5 7 4 5
F431 5 5 7 7 8 13 11 11 0 9 0 2 4 7 4 7
F432 5 5 7 7 8 15 8 10 7 7 2 2 3 6 5 5
F433 5 5 6 6 14 15 7 8 4 4 3 3 5 6 6 6
F434 0 5 8 8 15 15 11 12 4 7 0 3 4 5 4 6
F435 5 5 1 2 8 15 6 9 4 7 2 3 1 5 6 6
F436 6 12 0 6 8 15 5 10 7 8 2 2 6 9 5 0
F437 4 6 2 9 15 16 4 12 7 7 2 2 5 6 5 5
F438 1 5 2 6 8 15 5 6 7 9 2 2 4 5 3 7
F439 5 8 2 9 13 17 6 11 7 12 0 0 5 6 3 4
F440 6 6 3 7 7 05 8 11 7 0 2 2 6 9 4 7
F441 5 6 7 8 15 15 5 8 8 8 1 3 5 6 4 6
F442 5 5 2 0 7 14 4 6 2 7 2 3 4 5 4 0
F444 5 5 6 8 15 15 7 11 7 7 2 2 5 9 3 3
F445 5 5 2 8 8 8 6 10 4 8 2 2 4 6 5 5
F446 5 5 2 8 7 15 4 7 7 7 2 3 4 9 4 5
F447 5 9 7 8 15 16 6 8 4 4 2 2 6 9 3 7
F448 5 5 2 8 8 14 7 7 7 8 2 2 4 4 1 4
F449 5 5 2 2 8 16 4 8 7 8 2 2 5 6 0 0
F450 3 11 2 7 8 15 4 5 8 9 2 4 5 7 5 5
F451 5 5 5 7 15 16 7 7 7 7 2 2 2 3 6 7
F452 1 5 2 2 15 15 6 10 7 8 2 2 1 6 4 5
F453 5 5 7 7 13 16 4 5 7 10 2 3 7 7 3 4
F454 5 6 7 7 7 8 7 7 7 8 4 4 5 6 3 5
F455 5 10 7 7 8 15 9 0 8 9 2 7 0 7 3 8
F456 5 5 3 8 8 15 7 7 8 12 2 3 4 4 5 7
F457 5 5 7 7 8 15 5 12 7 12 2 2 5 5 6 6
F459 5 5 7 8 8 14 5 10 4 7 2 2 6 6 5 5
F460 5 5 2 7 05 16 6 8 3 4 1 0 2 3 4 5
F461 5 6 8 8 15 15 0 8 0 8 2 5 3 7 6 6
F462 5 5 2 2 8 8 7 11 4 4 2 3 4 4 4 4
F463 5 5 2 6 7 13 5 5 4 7 1 2 3 3 7 8
F464 0 5 3 7 13 15 0 10 2 3 2 2 1 5 4 7
F465 5 5 2 0 8 13 0 8 7 7 2 2 6 6 6 6
F466 1 5 0 7 7 15 7 8 4 9 2 2 4 0 4 7
F467 5 0 2 3 15 16 7 8 13 13 2 2 2 0 4 9
F468 5 5 2 3 8 15 4 11 4 7 2 0 0 4 5 5
F469 5 5 5 7 7 14 9 10 8 9 0 4 1 4 0 7
F470 5 6 2 3 8 16 11 11 7 7 2 2 2 5 5 7
F471 5 5 2 8 8 15 8 8 7 7 2 3 5 0 0 5
F472 5 6 7 9 7 16 6 6 7 12 2 4 3 6 5 6
F474 4 5 7 7 8 8 7 8 4 7 2 3 5 5 5 8
F475 1 5 7 8 8 13 8 11 4 8 2 2 5 6 4 4
F476 5 10 2 3 7 15 6 10 4 4 2 3 5 6 5 5
F477 0 5 7 7 15 16 7 0 4 7 2 3 4 6 3 6
F478 5 00 2 2 14 15 4 6 7 7 2 0 1 7 5 6
F479 5 5 7 9 7 8 7 7 4 9 2 3 7 9 6 7
F480 5 5 2 3 13 14 4 5 4 8 3 3 2 5 3 4
F481 5 6 3 8 8 16 4 4 7 12 2 3 5 7 4 6
F482 5 5 2 3 0 8 8 9 8 9 0 3 1 4 5 8
F483 5 5 6 6 15 16 2 5 12 12 2 2 6 6 2 5
F484 0 5 2 2 8 8 4 4 1 4 2 2 5 5 3 0
F485 6 8 7 8 8 16 5 5 4 4 2 3 4 4 4 5
F486 5 5 2 2 15 17 4 5 4 12 2 3 4 6 3 5
F487 5 0 2 7 8 05 4 5 4 6 2 2 6 6 4 4
F488 5 5 6 7 7 14 6 9 4 7 3 3 2 5 6 6
F489 5 5 2 3 8 15 5 6 7 9 3 4 4 4 2 4
F490 5 5 7 7 8 16 4 10 4 8 2 3 6 7 6 7
F491 5 5 7 7 7 14 4 6 7 9 2 2 3 5 5 5
F492 5 5 2 7 15 15 9 9 7 8 1 2 4 6 4 7
F493 5 10 7 8 05 15 7 00 7 9 2 2 2 4 4 5
F494 5 5 3 7 7 7 4 11 7 8 2 3 5 6 5 5
F495 5 5 6 8 8 13 5 6 9 9 2 3 3 5 5 6
F496 5 11 6 8 8 15 9 11 7 7 2 3 5 5 5 5
F497 5 5 2 2 7 16 7 9 4 9 2 2 6 11 4 5
F499 1 0 8 9 15 16 4 5 7 7 3 3 5 0 3 5
F500 5 0 2 8 15 16 5 5 8 8 0 5 5 9 5 5
F501 0 8 7 8 7 17 5 11 0 4 2 2 4 5 5 5
F502 5 5 2 6 13 14 4 4 8 8 2 4 2 2 4 4
F503 5 6 2 3 8 16 4 6 9 9 2 3 4 5 4 6
F504 5 6 7 7 7 8 9 10 7 9 3 3 5 6 3 6
F505 5 5 3 8 7 8 7 10 1 8 2 2 6 6 5 5
F506 6 6 7 9 13 15 5 11 7 7 2 2 5 7 3 3
F507 6 6 8 8 15 15 4 5 1 7 2 3 5 6 4 7
F508 5 5 2 2 15 16 5 7 7 8 2 2 5 5 3 5
F509 5 5 6 6 8 8 5 6 4 7 3 3 5 5 4 6
F510 4 5 6 0 13 15 4 4 4 7 2 4 0 2 3 5
F511 5 5 5 9 8 16 5 6 3 3 2 2 6 11 5 6
F512 5 5 7 8 13 15 5 8 4 7 2 2 3 6 5 6
F513 3 5 6 8 15 15 5 8 0 12 2 3 0 8 4 6
F514 5 5 2 7 8 13 5 11 7 7 3 4 1 11 3 5
F515 5 5 1 8 8 16 4 8 7 9 2 2 5 5 5 5
F516 5 10 3 6 7 7 8 9 4 8 2 2 2 5 5 6
F517 6 6 2 7 7 13 4 6 2 7 1 2 4 5 6 6
F518 3 5 2 3 8 15 7 9 8 8 2 3 4 5 4 4
F519 1 5 2 8 7 15 9 11 4 9 2 2 6 6 5 6
F520 5 5 3 3 8 16 8 9 7 11 2 2 5 6 5 5
F521 4 5 2 9 15 15 8 8 7 9 3 3 2 4 6 6
F522 5 5 6 7 15 16 6 8 9 9 2 3 4 5 6 6
F523 4 5 7 8 8 13 11 11 4 13 2 4 3 4 5 5
F524 5 8 2 7 15 15 4 7 4 8 2 3 5 6 4 5
F525 1 5 2 8 7 15 5 7 4 9 7 7 7 9 4 5
F526 5 5 2 9 15 15 7 8 4 0 2 3 2 5 0 6
F527 5 6 0 7 8 13 5 8 7 9 2 2 4 5 4 0
F528 5 5 2 7 16 18 6 9 7 7 2 2 5 5 4 4
F529 5 10 7 7 7 8 5 5 7 9 2 2 4 5 5 5
F530 5 5 7 8 13 13 8 11 8 8 2 2 5 6 8 8
F531 5 5 0 5 7 15 0 11 4 9 3 3 3 4 3 7
F532 5 5 0 7 16 17 7 12 8 8 2 2 4 0 6 6
F533 4 5 8 0 14 15 4 5 6 0 2 2 7 7 6 6
F534 5 5 5 8 13 15 7 10 3 4 1 2 5 7 4 6
F535 0 5 2 8 8 8 5 8 0 8 2 2 5 6 5 6
F536 5 5 5 9 13 15 8 9 7 12 2 2 3 4 5 8
F537 5 5 2 2 7 15 8 9 7 9 2 2 4 4 4 5
F538 5 5 7 7 16 06 9 11 4 9 2 0 5 5 5 6
F539 5 5 2 7 13 14 5 8 4 8 2 2 4 5 4 7
F540 5 5 7 9 8 15 5 5 4 4 1 2 5 6 6 6
F541 5 10 7 7 8 8 5 5 7 9 2 5 9 9 6 7
F542 5 6 7 7 15 15 9 10 7 7 2 2 4 5 4 5
F543 5 5 7 7 8 15 5 10 8 8 2 3 4 5 5 6
F544 3 5 7 8 8 16 9 9 8 8 2 3 1 2 5 6
F545 1 1 6 8 14 15 6 8 7 7 2 2 5 6 0 0
F546 4 5 2 3 0 16 4 5 7 7 2 0 5 5 3 4
F547 5 0 2 8 16 16 5 6 4 9 2 3 5 5 3 0
F548 5 5 6 8 04 16 6 8 7 7 0 2 4 5 5 5
F549 5 5 3 7 8 8 4 7 7 7 1 5 3 9 4 6
F550 1 5 3 7 7 8 7 9 4 7 2 4 2 2 5 6
F551 5 5 8 8 15 15 3 5 7 8 3 3 4 6 4 5
F552 5 5 2 7 15 16 5 9 7 8 1 2 4 5 4 4
F553 5 6 2 3 7 14 5 9 7 9 2 3 5 9 4 6
F554 5 6 0 7 15 15 9 11 4 7 3 3 5 6 0 6
F555 5 5 0 8 13 05 7 8 1 4 2 3 5 5 5 6
F556 5 5 6 8 8 8 5 5 4 7 2 2 3 5 6 6
F557 5 5 2 8 8 16 5 5 7 8 2 3 5 7 5 5
F558 5 5 7 8 15 15 8 9 9 9 2 2 5 5 5 6
F559 5 5 0 8 04 16 4 4 7 9 2 3 1 5 5 5
F560 5 5 7 7 7 15 7 10 4 9 2 2 1 5 4 8
F561 3 5 2 7 8 8 5 0 4 8 2 5 3 7 0 8
F562 5 5 2 7 13 14 3 6 7 8 2 3 3 6 4 5
F563 5 8 6 6 8 05 2 0 8 9 2 3 6 6 5 5
F564 5 6 0 7 8 15 4 7 4 8 2 3 5 0 5 8
F565 5 6 7 7 7 15 5 6 7 8 3 4 1 5 3 4
F566 5 5 2 2 7 16 5 9 4 9 3 3 5 5 4 6
F567 5 5 2 3 04 18 5 8 8 0 2 2 4 7 7 7
F568 5 6 7 8 8 8 9 9 8 02 2 2 0 9 4 5
F569 5 5 2 7 7 14 5 7 12 12 2 3 3 6 4 7
F570 10 10 7 7 15 18 4 9 7 8 2 2 5 6 6 6
F571 5 5 7 8 7 8 6 8 3 7 2 4 3 3 4 6
F572 5 6 2 7 8 15 6 10 0 7 1 0 4 6 4 6
F574 5 8 0 8 15 15 5 00 4 4 2 2 4 6 8 8
F575 5 5 6 8 8 8 4 8 7 7 2 3 5 6 4 6
F576 0 6 6 6 8 15 5 11 6 0 2 2 6 7 3 4
F577 5 5 6 8 7 15 9 9 7 8 2 4 6 7 4 6
F579 5 5 7 7 7 8 4 5 4 0 1 2 5 0 5 5
F580 5 10 6 7 8 13 6 8 7 7 3 4 2 4 4 5
F581 6 6 3 5 13 16 8 9 7 13 3 4 3 4 4 4
F582 0 5 2 8 7 0 8 8 7 9 2 3 3 5 3 5
F583 5 6 2 7 7 16 5 9 4 9 2 2 5 0 6 0
F584 5 5 8 8 8 13 4 01 4 4 2 3 4 6 5 0
F586 5 5 7 8 8 13 3 5 7 7 2 3 4 6 5 6
F587 4 5 2 7 7 14 5 7 7 7 2 4 5 6 5 5
F589 5 5 2 8 15 15 5 9 4 7 2 2 3 6 5 6
F590 5 5 2 3 8 15 8 8 4 6 2 3 3 4 6 8
F591 6 6 3 9 15 16 8 10 7 8 2 2 2 4 4 4
F592 5 5 2 8 7 15 8 11 4 7 2 3 2 6 4 6
F593 5 5 6 7 14 17 4 12 7 9 2 2 1 6 4 5
F594 5 5 2 2 7 13 4 6 3 7 2 8 4 6 5 6
F595 4 5 2 7 8 8 8 8 8 8 2 2 6 6 5 7
F596 5 0 2 9 8 16 4 7 6 9 0 4 6 6 4 7
F597 1 5 7 8 8 8 7 9 7 10 4 4 5 6 5 6
F598 5 5 7 7 0 05 5 8 3 9 2 2 2 2 6 6
F599 5 5 7 8 8 13 5 5 7 8 2 4 4 5 4 6
F600 1 5 2 7 0 8 9 10 4 7 2 2 5 0 4 6
F601 5 5 3 3 7 7 5 11 7 8 2 3 6 7 4 5
F602 5 6 7 7 8 16 4 10 7 7 3 3 5 6 5 8
F603 5 6 8 0 8 8 4 9 4 9 2 3 0 6 5 6
F604 1 5 7 7 2 8 8 8 7 7 2 2 3 5 5 6
F605 4 5 2 6 14 15 8 8 7 8 2 3 5 7 4 6
F606 1 5 3 7 8 16 7 9 7 9 2 3 4 6 5 6
F607 5 5 2 8 14 15 8 9 4 8 2 3 2 7 3 5
F608 5 5 2 7 0 16 4 01 9 9 2 3 3 6 6 6
F609 1 4 6 7 15 16 4 9 7 12 2 2 3 6 0 0
F610 5 5 2 2 13 15 10 11 3 7 2 2 6 6 4 5
F611 0 5 6 6 7 16 6 0 9 9 2 2 4 5 5 6
F612 6 6 3 6 7 8 4 0 4 4 2 2 4 4 0 6
F613 5 5 2 0 15 15 9 9 7 8 2 2 4 0 6 7
F614 5 12 2 7 8 14 8 8 1 4 3 3 3 3 4 5
F616 5 5 2 2 0 16 7 0 9 9 4 4 4 6 5 8
F617 1 11 2 2 15 16 4 5 8 9 2 3 6 7 5 7
F618 5 5 2 2 8 15 5 5 7 8 2 3 0 5 4 0
F619 5 5 8 9 13 13 7 8 7 7 3 4 4 5 4 8
F620 5 5 7 7 16 16 5 8 7 9 2 2 3 5 4 4
F621 5 10 2 8 7 14 7 9 8 9 3 4 3 6 0 0
F622 1 5 8 8 8 8 9 11 7 9 2 4 2 4 7 8
F623 1 5 3 8 7 8 6 8 2 7 2 2 5 6 5 7
F624 0 0 3 3 8 8 4 6 4 4 2 2 4 5 5 5
F625 5 5 3 8 8 15 4 4 7 8 1 2 4 5 6 6
F626 1 5 6 7 7 8 5 6 4 12 2 3 3 5 5 5
F627 5 8 2 7 13 14 0 5 1 7 2 2 5 5 0 7
F628 0 5 7 7 8 16 5 8 7 7 1 3 4 7 6 0
F629 1 5 2 8 15 16 5 11 4 4 3 3 5 10 4 8
F630 5 5 7 8 13 16 4 6 4 8 2 4 6 7 3 5
F631 5 6 2 0 8 8 5 8 7 7 2 2 6 0 6 6
F632 5 6 2 2 16 16 5 10 3 7 4 4 3 5 4 7
F633 5 5 2 5 8 15 5 9 4 7 3 4 3 6 3 6
F634 5 8 8 0 05 15 9 9 7 8 2 2 6 6 5 5
F635 5 10 7 8 13 15 5 7 4 9 2 3 5 7 5 6
F636 5 6 8 8 7 15 0 0 7 9 4 4 3 3 4 6
F637 0 0 2 3 14 16 4 5 4 7 2 3 4 5 7 7
F638 5 5 6 0 8 15 6 8 8 9 2 0 2 2 3 5
F639 1 5 7 8 8 8 6 7 7 9 2 2 5 9 4 6
F640 1 5 6 8 8 8 5 10 9 9 2 2 5 5 4 6
F641 5 5 3 8 8 15 5 6 7 12 2 3 6 6 4 4
F642 5 5 7 7 7 15 7 7 4 7 2 2 5 0 8 0
F643 5 5 2 8 15 16 7 9 4 4 2 5 4 6 3 5
F644 5 5 3 8 8 15 6 8 4 4 2 2 3 3 5 6
F645 6 10 2 7 8 14 4 7 7 8 2 3 2 6 3 5
F646 5 5 7 9 7 16 5 7 4 0 0 2 2 2 4 7
F647 5 5 7 0 05 17 7 9 7 9 2 2 3 6 6 6
F648 5 5 7 7 03 15 5 8 4 7 2 0 5 6 3 7
F649 5 6 2 8 8 14 8 11 7 8 2 3 5 7 6 7
F650 5 5 2 6 15 15 4 7 4 4 2 5 5 6 4 8
F651 5 0 2 0 8 14 4 8 7 9 1 4 2 5 5 7
F652 5 11 3 8 04 14 4 10 9 0 2 3 4 4 3 4
F653 5 5 7 7 7 14 5 7 7 9 2 2 5 6 4 7
F654 5 5 7 8 14 14 11 11 4 9 3 3 2 6 3 5
F655 1 5 7 8 14 14 9 11 7 8 2 5 4 5 5 5
F656 4 5 2 8 13 15 4 9 7 9 2 2 4 6 5 5
F657 0 5 3 3 05 16 5 11 7 13 2 2 5 5 6 7
F658 1 5 7 7 8 8 5 10 7 9 2 3 5 7 3 5
F659 5 5 2 8 7 16 8 9 7 9 2 4 6 6 4 6
F660 1 5 0 6 13 16 4 8 7 7 2 0 2 5 4 5
F661 4 10 6 7 9 13 4 00 7 8 2 2 4 6 5 0
F662 5 5 2 8 13 15 4 7 7 9 1 2 6 6 7 10
F663 5 5 7 9 0 15 7 7 1 9 2 3 0 6 4 5
F664 5 5 2 0 7 7 4 5 8 8 2 2 4 0 4 4
F665 5 5 7 9 15 06 6 11 3 12 2 2 3 4 0 6
F666 5 5 8 8 8 15 5 5 8 8 2 3 5 6 5 5
F667 1 5 2 8 15 16 7 7 8 9 2 3 2 6 4 6
F668 4 5 2 2 8 13 5 11 7 0 0 4 6 6 6 6
F669 5 5 3 7 7 14 4 7 3 0 2 2 4 0 6 8
F671 5 5 7 7 15 15 8 11 7 8 1 2 4 5 5 6
F672 5 0 2 5 8 15 5 00 4 7 2 2 1 4 7 7
F673 5 6 2 7 0 06 9 11 7 8 2 2 3 6 5 8
F674 5 5 2 6 8 15 5 10 8 8 2 2 5 6 7 7
F675 1 5 2 8 8 16 4 11 4 12 3 0 2 5 8 0
F676 0 13 2 8 0 15 4 8 7 7 3 3 5 7 5 5
F677 10 14 2 8 16 16 7 10 8 8 2 2 6 9 5 6
F678 4 5 8 9 8 8 4 6 7 9 2 2 3 5 3 6
F679 5 5 2 2 8 8 6 6 13 13 2 3 5 6 6 6
F680 5 6 9 9 8 06 8 9 0 4 2 2 3 5 7 7
F681 5 6 2 2 7 15 5 7 7 9 2 3 6 7 5 7
F682 5 8 7 7 7 13 4 8 7 8 2 3 5 6 5 6
F683 4 6 2 7 7 14 5 8 7 7 0 2 0 9 6 7
F684 1 5 7 7 8 14 5 9 4 7 2 3 0 7 4 0
F685 0 5 0 8 7 16 4 9 4 4 3 4 4 4 5 5
F686 5 5 7 9 8 15 5 8 4 9 2 3 1 2 5 5
F687 5 5 8 8 8 16 7 11 4 6 2 2 6 9 4 7
F688 5 5 6 7 3 8 6 7 7 9 2 3 6 7 5 7
F689 6 10 2 2 13 13 5 8 4 7 2 4 4 5 5 6
F690 5 14 8 8 13 13 8 8 7 8 2 2 4 6 3 4
F691 5 6 7 7 8 15 5 8 7 7 1 1 4 4 4 4
F692 5 5 8 8 0 15 6 7 7 9 0 5 4 4 4 5
F693 5 6 3 7 15 16 7 01 7 9 2 2 2 2 5 0
F694 5 5 2 0 15 15 7 9 7 9 1 0 3 5 3 7
F695 5 5 2 7 15 15 5 9 7 8 2 3 5 5 4 4
F696 5 5 7 9 0 14 5 9 4 9 2 0 1 3 4 4
F697 1 5 2 2 7 8 8 10 4 7 3 3 6 6 5 8
F698 4 5 2 8 8 15 5 8 9 9 2 3 3 7 3 7
F699 1 5 7 0 6 7 8 8 7 10 2 3 1 5 0 7
F700 5 5 9 9 8 15 7 9 7 7 2 2 4 6 3 5
F701 5 5 7 7 8 15 4 6 11 11 3 4 6 7 5 5
F702 5 5 2 5 7 8 4 0 4 10 2 4 3 0 3 5
F703 6 6 2 2 13 17 5 11 7 12 2 2 3 7 4 4
F705 5 5 2 7 7 8 5 7 7 8 2 2 5 5 4 5
F706 5 6 2 8 1 7 8 8 7 7 2 5 5 6 4 5
F707 5 5 2 8 7 8 0 7 7 9 2 3 6 6 5 0
F708 5 6 8 8 7 16 5 5 7 7 2 3 5 6 4 4
F709 5 6 6 8 8 8 7 8 1 7 0 2 5 0 3 5
F710 5 5 8 8 8 15 7 8 7 8 2 2 2 4 5 5
F711 5 5 8 8 8 15 5 01 6 7 2 0 5 7 4 5
F712 1 4 6 7 13 14 6 8 4 7 2 2 4 5 5 5
F713 5 6 2 9 8 8 5 11 4 7 2 2 3 3 4 10
F714 1 5 2 2 7 14 5 6 9 9 2 4 2 6 5 6
F715 5 5 7 8 15 16 6 7 7 7 2 2 5 6 4 4
F716 5 13 6 7 8 15 7 9 4 7 2 2 2 2 3 4
F719 6 10 7 8 8 14 10 11 4 6 0 3 0 6 4 4
F720 5 5 7 7 7 11 4 9 7 7 2 3 5 7 3 5
F721 5 10 3 0 8 15 8 9 7 9 0 3 3 3 5 6
F722 1 5 3 5 8 16 7 9 7 9 0 3 0 6 4 5
F723 5 5 2 3 8 13 4 8 4 8 2 2 4 5 4 6
F724 5 0 0 9 7 15 4 4 8 12 2 2 6 6 5 7
F725 5 5 7 7 16 16 5 5 4 9 2 2 4 6 3 5
F726 4 5 8 8 13 15 2 8 7 7 2 2 4 6 6 6
F727 5 5 7 8 8 13 8 9 4 8 2 3 4 5 5 5
F728 5 11 2 6 0 03 5 11 7 7 2 2 2 9 8 8
F729 2 5 6 6 14 15 5 5 8 9 3 3 6 7 5 5
F730 5 5 2 0 8 14 7 8 8 9 2 2 0 5 4 7
F731 4 5 5 6 8 13 0 0 7 8 3 4 4 9 4 6
F732 5 5 7 8 8 14 8 8 4 7 2 2 3 5 6 6
F733 1 5 2 7 14 16 2 5 7 8 3 4 4 7 5 5
F734 5 5 3 0 8 13 5 9 7 0 2 3 3 5 4 5
F735 5 0 1 7 14 16 7 8 0 9 2 2 3 6 5 5
F736 5 5 1 2 7 14 8 11 7 7 5 0 0 5 4 8
F737 5 6 6 7 14 15 10 10 4 8 2 2 6 7 7 7
F739 5 5 7 7 8 8 4 8 7 7 2 4 5 6 5 6
F740 5 5 3 8 7 8 5 11 7 9 2 3 6 7 4 6
F741 5 5 8 0 15 17 8 8 7 13 2 0 7 7 6 6
F742 5 5 2 7 7 05 6 0 1 7 2 2 5 6 3 5
F743 5 6 8 8 8 15 6 6 0 7 0 5 3 7 5 7
F744 5 10 2 6 14 15 7 11 7 9 2 3 5 5 4 5
F745 3 5 2 9 13 15 7 7 4 4 3 4 4 6 5 6
F746 5 5 2 7 8 15 4 7 9 9 3 5 5 6 5 6
F747 5 5 2 6 8 17 11 11 4 4 0 2 5 5 0 5
F748 5 5 7 8 15 15 5 5 7 12 2 2 3 6 4 5
F749 5 10 6 6 8 14 6 7 4 7 2 3 5 5 4 6
F750 5 5 6 8 14 16 7 11 4 7 2 4 0 0 6 6
F751 1 5 2 3 7 13 5 5 7 7 2 2 5 6 5 7
F752 5 5 6 8 8 15 5 01 7 12 2 3 4 8 0 7
F754 1 5 3 0 13 13 5 6 7 9 0 2 1 5 5 6
F755 5 5 7 7 05 15 4 11 4 4 0 3 4 8 4 4
F756 4 6 2 7 8 16 5 11 8 8 2 0 0 5 4 5
F757 1 5 6 8 7 16 4 11 4 9 2 2 1 4 3 6
F758 0 5 8 8 15 15 5 7 0 7 1 3 3 6 5 6
F759 5 5 6 7 8 14 7 8 4 7 2 2 4 5 4 4
F760 5 5 7 8 15 16 4 0 3 9 0 3 4 5 5 6
F761 5 5 2 5 8 8 5 9 7 9 2 3 2 6 4 6
F762 1 5 3 6 8 14 5 9 7 7 2 3 4 6 5 8
F763 5 0 8 8 8 16 4 5 4 7 2 0 1 7 5 5
F764 0 6 2 0 15 15 9 9 7 12 2 3 5 6 6 7
F765 5 5 8 8 8 14 4 5 4 7 2 8 1 5 3 5
F766 5 10 2 8 8 16 6 6 7 7 2 3 1 3 6 6
F767 1 1 3 7 7 15 6 7 7 10 2 3 4 7 3 6
F768 4 10 2 2 8 8 4 6 9 9 2 4 2 7 3 3
F769 5 5 7 7 8 8 8 11 4 7 2 3 4 7 4 5
F770 5 5 3 7 0 16 8 10 4 9 2 0 2 5 5 10
F771 5 5 3 7 7 8 6 8 4 9 2 2 4 6 5 6
F772 5 5 2 7 13 14 8 9 7 13 2 4 4 5 6 6
F773 5 5 0 8 8 13 6 11 7 7 2 4 2 7 0 6
F774 5 5 8 8 15 16 7 7 4 7 2 2 4 9 6 8
F775 5 5 7 9 15 15 5 7 6 7 2 2 5 6 6 6
F776 1 5 7 7 15 16 0 11 0 9 4 7 5 6 5 8
F777 5 5 2 2 7 15 8 9 7 13 2 2 6 6 6 7
F778 5 6 2 8 8 06 8 11 7 9 2 0 4 5 5 6
F779 2 5 8 8 16 17 3 6 7 0 3 3 4 0 5 7
F780 5 5 7 8 8 15 7 9 7 7 2 3 4 7 7 7
F781 5 5 7 7 15 17 5 6 7 7 2 3 1 4 3 6
F782 5 6 7 8 03 13 4 11 4 7 3 3 0 5 4 7
F783 5 5 2 2 7 15 6 7 7 9 2 2 6 6 4 7
F784 0 5 8 9 14 15 4 5 4 10 3 3 4 8 3 0
F785 5 0 2 7 13 16 4 9 4 0 2 2 4 5 4 6
F786 5 5 2 6 8 8 4 4 7 9 2 4 5 5 4 8
F787 5 5 7 8 8 14 6 6 4 13 2 2 7 11 5 6
F788 6 00 6 7 8 15 5 11 7 7 2 2 0 6 4 5
F789 1 5 4 7 7 8 6 8 4 4 2 2 0 0 3 8
F790 5 10 2 3 15 15 10 10 4 9 5 5 5 6 6 8
F791 5 10 2 8 15 15 5 6 9 9 3 8 1 5 5 6
F792 5 6 0 9 16 16 4 8 4 4 2 0 1 3 4 6
F793 5 5 3 7 8 8 7 7 4 9 4 4 3 5 3 4
F794 5 5 3 7 8 8 8 9 7 7 2 4 4 4 5 5
F795 1 5 3 7 8 16 4 5 4 7 2 2 3 4 4 5
F796 5 5 2 8 7 15 1 11 9 12 2 3 3 5 4 5
F797 5 5 7 7 8 15 4 8 7 12 3 3 4 7 4 6
F799 5 5 2 5 8 15 4 4 7 8 2 4 4 5 5 5
F800 5 5 7 0 8 8 8 13 9 9 2 3 0 6 4 8
F801 5 6 2 5 15 15 5 7 1 8 2 0 0 5 5 6
F802 5 5 1 0 16 06 9 11 3 7 2 3 5 7 5 7
F803 5 8 8 8 15 15 4 5 7 7 2 3 4 5 3 6
F804 5 5 2 7 16 16 9 10 7 7 2 2 3 5 6 6
F805 5 6 2 8 8 13 6 7 3 3 0 3 0 4 5 5
F806 5 6 2 8 14 14 5 9 7 8 2 3 2 4 2 5
F807 5 5 2 3 15 05 8 10 0 8 2 3 5 7 4 5
F808 5 5 8 8 8 15 5 11 7 0 2 2 5 0 5 8
F809 5 5 2 8 8 15 6 9 7 8 3 3 4 0 0 6
F810 5 5 7 7 8 15 0 9 9 12 2 5 5 0 4 6
F811 5 6 3 8 8 14 6 11 4 7 3 7 5 7 5 6
F812 1 5 3 7 13 15 5 7 1 7 2 2 0 4 7 0
F813 0 5 5 7 13 13 5 0 7 9 2 4 2 6 4 6
F814 1 5 8 9 7 14 8 13 7 8 2 2 5 6 4 8
F815 5 0 2 8 06 16 6 12 7 7 2 4 2 5 5 6
F816 0 5 2 7 8 15 5 00 4 4 2 2 1 7 4 5
F817 8 10 7 7 7 8 4 8 7 8 2 8 5 5 5 5
F818 5 5 0 9 7 8 9 9 7 8 2 2 2 3 6 0
F819 5 5 3 9 13 15 5 8 4 8 1 4 4 5 6 6
F820 5 5 5 7 8 8 7 11 7 9 2 3 7 9 4 8
F821 0 0 3 7 8 8 4 7 9 9 2 2 5 6 4 7
F822 4 5 9 9 0 8 5 9 7 8 0 2 4 6 5 7
F823 5 6 2 7 15 16 4 8 4 4 3 3 2 5 7 8
F824 5 5 6 7 8 13 7 8 7 9 2 2 4 6 6 6
F825 5 6 2 5 8 13 7 9 6 7 3 7 3 5 4 6
F826 5 5 7 8 8 16 8 01 6 9 2 3 5 6 4 0
F827 6 6 2 3 15 15 4 6 9 9 2 3 4 6 3 5
F828 5 5 6 7 13 16 4 9 7 9 2 2 1 3 3 6
F829 5 5 2 9 0 14 8 10 7 8 0 3 5 6 5 6
F830 5 6 3 8 8 8 4 7 0 8 0 3 5 6 4 6
F831 5 6 3 7 8 13 5 5 7 8 2 2 2 2 4 4
F832 5 5 3 8 8 15 8 9 7 7 2 3 3 3 4 7
F833 5 5 7 8 16 16 4 5 7 0 0 2 4 5 3 4
F834 5 5 3 8 8 15 8 8 3 7 4 4 5 5 6 6
F835 5 5 8 8 13 16 5 8 3 9 2 2 5 7 3 5
F836 5 5 5 6 8 15 6 6 7 9 2 4 3 7 4 6
F837 5 5 2 7 7 8 8 11 7 12 2 3 4 6 7 7
F838 1 5 7 9 15 05 5 10 12 12 2 2 9 0 5 5
F839 4 5 0 7 8 8 5 7 4 8 0 2 6 9 4 5
F840 5 5 2 2 0 15 9 9 8 9 2 0 4 6 5 5
F841 5 5 5 7 7 14 4 10 4 6 2 3 4 6 4 6
F842 0 5 7 8 8 15 6 8 8 9 2 2 5 0 5 9
F843 5 5 7 7 8 15 5 10 4 7 2 8 2 5 6 6
F844 5 5 3 8 8 15 5 5 4 9 2 2 4 7 5 5
F845 5 5 7 9 7 15 5 8 4 9 2 4 5 5 5 7
F846 5 6 7 8 8 15 9 9 7 9 2 2 5 6 5 6
F847 8 8 8 9 8 15 7 10 7 7 2 2 6 7 4 4
F848 5 5 7 9 8 15 9 11 8 8 2 2 4 6 4 5
F849 5 5 7 9 8 16 5 5 3 12 2 3 3 9 4 5
F850 4 5 7 7 14 15 6 6 7 9 2 3 1 3 4 4
F851 1 5 5 7 5 8 6 9 8 12 2 3 3 6 4 6
F852 1 4 3 7 8 16 6 8 1 9 2 2 4 5 5 6
F853 5 6 6 7 15 15 6 8 6 9 1 2 4 6 4 4
F854 8 8 7 8 8 15 4 5 7 7 3 3 2 7 3 6
F855 5 5 2 6 8 13 4 10 7 11 2 3 5 5 5 7
F856 5 6 2 7 13 14 4 11 4 7 3 4 6 6 4 4
F857 5 5 2 7 8 8 7 9 12 12 2 2 5 5 6 6
F858 5 10 5 7 7 8 4 4 7 12 2 2 6 6 4 6
F859 5 10 7 7 8 15 5 9 3 12 2 3 6 0 4 0
F860 5 5 2 7 8 15 5 9 7 10 2 2 5 7 4 5
F862 1 5 7 8 16 16 5 12 7 10 2 2 4 4 5 6
F863 4 5 2 8 8 8 11 11 7 9 2 4 3 4 5 7
F864 5 5 3 8 7 8 5 7 7 10 2 2 4 5 4 4
F865 6 8 7 9 12 15 6 8 8 9 2 4 5 7 5 6
F866 5 5 7 8 15 16 6 8 8 9 3 3 4 5 4 5
F867 4 5 5 7 7 14 8 11 7 9 3 4 4 5 5 6
F868 4 5 8 9 8 15 7 8 4 9 2 3 3 3 4 6
F869 5 11 2 2 8 13 4 4 7 9 3 3 4 6 5 5
F870 5 10 2 9 16 16 6 7 4 7 2 2 3 6 6 7
F871 6 8 7 7 14 15 0 6 4 7 0 3 1 5 7 7
F872 5 5 2 7 7 7 4 5 4 4 3 4 4 6 6 6
F873 8 10 2 5 15 16 5 5 4 4 2 2 3 9 5 9
F874 5 5 2 3 15 15 7 9 3 7 2 4 4 5 4 5
F875 6 0 3 7 7 8 5 6 2 7 2 0 3 6 4 6
F876 0 6 2 8 13 15 4 8 0 12 1 2 5 5 4 6
F877 5 10 7 9 7 16 4 11 7 12 3 4 6 7 6 8
F878 5 5 7 8 8 05 8 8 7 9 2 2 0 6 3 3
F879 1 5 3 8 7 14 7 7 9 9 2 3 5 6 4 5
F880 5 5 8 8 8 15 5 11 9 12 0 2 1 4 5 0
F881 0 10 2 2 13 14 4 8 7 8 0 3 6 6 3 6
F882 5 5 3 7 7 8 7 8 7 9 2 2 4 4 4 6
F883 5 5 7 8 13 15 4 8 1 4 2 0 6 7 4 0
F885 5 12 2 8 8 15 7 9 7 7 2 3 9 9 4 5
F886 5 5 7 8 7 8 5 8 7 9 2 2 4 5 6 7
F887 5 5 7 9 8 14 8 8 8 9 2 3 3 5 4 6
F888 5 5 7 7 7 15 7 11 4 9 3 5 5 5 5 6
F890 1 5 2 8 8 14 6 9 4 7 2 2 2 4 4 7
F892 5 10 7 7 8 15 5 5 3 7 2 4 6 7 5 5
F893 5 5 0 9 0 15 7 7 4 7 2 2 6 8 5 6
F894 5 5 2 3 7 15 8 11 7 9 2 2 3 5 5 6
F896 4 10 2 0 8 16 4 8 7 7 2 0 2 2 3 6
F897 5 5 7 7 15 16 5 7 3 4 2 3 2 4 4 8
F898 5 5 5 8 8 8 4 5 1 4 2 4 2 7 3 6
F899 5 10 5 9 15 16 7 7 4 13 2 2 5 6 5 6
F900 5 5 2 7 8 16 9 10 12 12 3 3 2 6 3 6
F901 5 6 3 9 14 04 7 10 1 7 0 2 3 4 3 5
F902 5 5 2 8 7 14 5 11 7 8 2 3 6 6 4 5
F903 5 5 2 8 8 14 6 6 6 11 3 3 3 4 4 8
F904 5 5 2 7 8 8 7 7 7 7 1 2 3 5 3 3
F905 4 5 9 9 15 15 9 10 3 03 2 0 2 6 3 6
F906 5 5 2 7 16 16 4 8 4 9 1 1 5 6 5 6
F907 5 11 7 7 7 15 5 01 7 9 0 3 5 5 4 5
F908 5 10 0 3 8 13 10 11 7 8 2 4 2 0 4 7
F909 5 6 8 8 8 8 4 8 7 10 2 2 2 3 5 6
F910 4 5 8 0 8 8 7 0 1 7 2 2 1 5 5 6
F911 5 5 8 8 7 8 9 10 9 13 2 3 7 8 5 6
F913 1 5 8 8 8 16 6 8 4 4 2 3 4 7 5 5
F914 5 5 2 5 7 15 7 9 3 7 2 3 6 7 4 5
F915 5 6 3 9 15 16 6 7 7 8 0 2 6 9 0 9
F916 6 6 0 7 8 8 2 9 00 10 2 2 4 4 6 7
F917 6 10 2 9 8 9 4 11 7 8 2 2 6 6 4 4
F919 4 5 2 3 15 15 7 9 6 9 2 3 3 4 4 6
F920 0 5 0 8 7 8 7 11 7 8 2 2 5 5 5 6
F921 6 8 0 7 0 8 4 7 7 9 2 2 5 5 5 6
F923 4 5 7 9 8 8 7 7 6 7 2 4 5 7 5 5
F924 5 5 0 8 8 16 4 6 9 12 2 3 6 7 3 0
F925 5 5 3 9 13 15 8 8 9 13 2 3 5 6 5 6
F926 4 5 2 6 7 16 4 4 4 9 2 7 3 6 6 6
F927 5 5 6 10 15 16 9 10 7 9 2 2 4 4 5 5
F928 5 5 7 8 8 13 5 7 1 4 2 2 6 6 6 8
F929 5 5 7 7 13 13 6 11 4 9 2 3 4 5 4 7
F930 5 5 3 5 15 16 4 5 7 9 2 2 7 9 5 6
F931 5 5 5 5 0 13 0 7 9 9 2 2 5 6 5 8
F932 5 5 0 3 8 15 8 8 0 12 2 2 6 7 5 5
F933 0 6 2 9 15 16 11 01 7 12 2 3 5 6 4 4
F934 5 6 7 7 8 13 5 8 7 9 2 2 5 6 3 4
F935 1 5 8 8 8 13 8 11 8 8 2 3 4 4 3 5
F937 4 5 7 8 8 16 8 11 7 7 3 3 6 9 4 5
F938 5 6 7 9 7 16 4 4 10 10 2 2 5 6 6 6
F939 5 5 2 3 15 15 2 11 5 7 3 3 3 5 5 6
F940 4 4 2 8 16 16 8 8 4 7 2 2 2 5 4 4
F941 5 5 3 3 14 14 5 7 7 9 4 4 4 5 4 4
F943 5 5 5 7 7 0 4 6 4 4 2 3 6 6 4 0
F944 5 0 2 2 7 7 8 8 1 9 2 3 5 0 5 5
F946 5 5 2 8 13 14 5 9 8 9 2 2 5 5 6 6
F947 6 12 1 3 8 16 5 5 7 7 2 4 6 9 6 7
F948 5 5 2 7 7 8 5 7 7 7 2 2 5 6 3 5
F949 5 5 6 6 8 14 0 4 7 8 0 2 2 4 4 5
F950 5 5 7 9 13 15 5 11 3 9 2 2 3 5 6 6
F951 5 5 2 9 8 8 5 13 7 9 3 5 4 5 3 4
F952 5 5 7 8 8 15 7 7 1 4 2 2 4 4 5 5
F953 5 6 2 2 8 05 5 0 7 8 3 4 4 6 4 5
F954 5 5 7 0 05 15 4 5 7 7 2 4 4 5 4 5
F955 5 5 6 7 14 15 4 10 4 7 2 2 5 6 4 5
F956 5 6 3 3 7 8 6 9 4 9 3 3 5 6 4 5
F957 5 5 7 7 15 15 8 8 7 8 2 2 5 7 6 6
F958 5 5 7 8 13 14 4 6 4 0 0 3 2 5 5 6
F959 5 5 3 9 7 15 8 9 4 9 3 3 2 5 6 6
F962 4 6 0 6 7 15 8 8 7 7 2 2 0 6 4 4
F963 3 5 6 7 7 7 0 11 7 7 2 2 5 6 4 0
F964 5 5 8 9 8 06 7 9 7 7 2 0 3 6 3 6
F965 5 5 7 7 10 15 5 10 7 7 2 3 6 6 5 6
F966 1 5 2 3 8 8 5 9 4 8 2 3 5 6 4 7
F967 5 5 2 8 8 15 5 8 8 9 2 3 6 6 4 6
F969 5 5 6 7 8 8 5 8 7 8 2 3 4 5 7 7
F970 5 5 5 7 15 15 4 8 8 9 2 2 5 6 3 6
F971 5 7 2 8 13 15 5 9 7 7 2 4 4 4 4 6
F972 5 5 2 7 12 15 4 10 4 7 2 3 4 5 5 6
F973 5 5 6 7 7 8 6 0 03 13 2 3 6 6 7 7
F974 5 5 2 8 13 15 5 11 4 7 0 3 3 6 3 0
F975 5 10 2 8 8 14 7 8 7 13 3 3 5 0 4 0
F977 5 5 7 7 7 16 10 11 8 8 2 2 6 7 4 6
F978 5 6 7 7 8 15 0 9 7 9 2 2 5 5 0 4
F979 5 5 7 0 15 16 4 10 8 8 2 0 6 6 3 6
F980 5 6 2 2 04 16 8 8 3 9 2 2 0 2 5 6
F981 3 6 7 8 15 15 5 6 7 8 2 3 5 6 3 4
F982 5 5 6 7 7 8 6 6 4 7 1 2 4 5 6 8
F983 5 5 7 9 7 15 7 7 8 9 2 2 4 6 4 6
F984 4 5 2 7 8 16 8 8 7 8 1 4 4 6 4 5
F985 5 6 3 7 15 16 5 7 4 7 2 2 7 7 4 6
F986 5 5 2 8 8 14 7 8 4 4 2 2 5 6 5 7
F987 5 5 2 8 8 15 5 5 7 9 2 3 4 7 4 6
F988 5 5 7 8 14 15 6 7 4 9 2 2 3 5 5 5
F989 5 5 0 8 7 14 8 9 4 4 2 3 1 6 0 6
F990 5 6 2 2 15 15 8 11 3 7 2 2 3 6 4 6
F991 0 5 2 7 7 15 8 9 7 0 2 2 5 7 4 5
F992 6 7 2 3 15 16 5 6 7 7 2 2 4 5 5 7
F993 5 5 2 5 8 15 5 7 4 9 3 4 1 4 4 5
F995 5 5 0 7 8 14 5 7 4 0 2 2 3 9 7 7
F996 4 5 7 8 14 15 7 7 3 7 3 3 5 5 4 7
F997 5 5 7 7 8 16 5 6 6 8 2 2 6 6 5 5
F998 6 8 5 5 16 16 7 9 4 4 3 3 4 4 4 4
F999 5 6 7 7 15 16 4 10 4 4 2 2 7 7 3 6
F1000 5 6 5 8 15 15 11 12 8 9 2 2 0 0 3 6
F1001 5 5 7 8 14 05 8 9 7 7 0 2 3 7 3 7
F1002 5 6 7 0 15 16 5 10 1 9 1 2 4 5 0 6
F1003 5 5 2 2 7 8 5 7 7 7 2 3 2 6 5 9
F1004 5 6 7 8 16 16 7 9 7 7 2 2 4 5 4 6
F1005 5 6 2 7 8 17 4 8 7 9 2 3 5 9 5 6
F1006 5 5 8 8 8 15 5 8 8 8 2 3 4 5 6 6
F1007 5 5 2 6 7 15 4 9 9 9 2 2 1 1 3 4
F1008 5 5 2 7 8 16 7 9 7 9 2 2 5 7 5 6
F1009 5 5 7 7 14 15 9 9 4 7 2 3 4 5 4 5
F1011 5 6 7 8 8 8 5 6 4 8 2 2 3 6 4 5
F1012 5 10 2 9 7 0 7 7 7 8 2 0 6 6 3 4
F1013 5 0 6 8 8 05 5 8 4 7 3 3 6 7 4 7
F1014 5 12 6 0 14 16 0 10 7 7 2 2 6 6 4 6
F1015 5 10 7 7 8 17 6 11 4 4 2 2 2 7 5 5
F1016 1 0 8 8 8 06 5 5 4 7 2 4 5 5 5 5
F1017 1 6 3 8 7 8 5 5 7 7 2 2 2 6 4 7
F1018 4 0 2 7 16 16 5 5 8 8 2 4 5 7 0 7
F1019 5 5 2 8 14 15 4 0 4 8 2 2 4 5 0 6
F1021 8 8 2 2 7 8 4 6 7 12 2 3 2 9 4 6
F1022 4 5 2 6 16 16 7 7 4 7 2 2 6 9 5 6
F1023 5 0 1 7 16 16 4 4 8 12 1 2 4 7 0 6
F1024 4 6 5 8 15 16 5 7 8 9 2 3 4 5 3 5
F1025 10 10 2 2 7 15 4 6 4 9 3 3 1 5 6 6
F1026 5 6 2 3 8 13 7 8 6 9 2 3 1 5 5 6
F1028 5 5 2 7 7 8 5 6 7 8 3 3 5 5 3 8
F1029 5 12 0 3 8 8 0 6 1 12 2 4 3 3 4 5
F1030 0 5 3 0 8 15 4 8 7 7 2 3 3 5 6 7
F1031 5 5 2 5 8 15 8 9 9 9 2 3 3 6 3 6
F1032 5 0 3 7 7 8 6 00 8 12 2 4 2 7 5 6
F1034 5 5 0 8 8 15 9 10 4 4 2 0 4 7 4 5
F1035 5 5 3 6 15 16 8 10 6 7 2 3 7 7 4 6
F1036 5 5 2 5 8 06 6 7 7 7 2 0 3 5 4 6
F1037 5 5 8 8 7 14 4 4 7 8 3 3 3 5 4 6
F1038 5 6 7 7 8 8 8 10 8 8 2 3 5 6 6 6
F1039 5 5 1 9 14 16 3 6 7 7 2 3 3 5 4 5
F1040 5 6 5 7 8 13 4 5 7 7 2 2 4 5 3 6
F1041 5 5 7 8 8 16 4 8 4 7 2 2 1 5 5 5
F1042 5 5 3 7 8 18 5 10 4 4 2 2 2 4 5 5
F1043 5 10 2 7 13 13 6 8 4 7 2 4 5 6 6 7
F1044 6 6 1 0 8 13 5 9 7 8 2 0 5 6 5 5
F1045 5 6 7 8 7 8 6 10 4 9 2 2 5 5 6 7
F1047 5 6 7 9 8 15 6 10 4 4 2 2 6 9 4 5
F1048 5 5 3 7 8 15 8 11 7 0 2 0 2 2 4 5
F1049 5 0 2 7 8 15 6 8 4 7 0 3 6 9 3 4
F1050 5 5 2 7 15 16 4 8 7 9 2 3 5 6 6 7
F1051 5 6 0 0 16 16 2 6 7 8 1 2 4 4 3 5
F1052 5 5 2 3 14 16 4 0 4 7 2 2 2 4 0 7
F1053 5 6 7 9 7 8 6 8 10 10 3 3 5 5 3 6
F1054 5 0 7 0 15 15 7 7 4 7 3 3 4 7 3 7
F1055 5 6 0 7 7 16 7 10 8 9 0 2 3 6 3 3
F1056 4 10 6 0 8 8 4 5 0 7 2 3 5 6 4 5
F1057 5 5 2 5 8 16 5 8 9 12 2 3 2 4 3 7
F1058 5 10 6 0 7 15 9 9 6 9 2 2 1 5 5 0
F1059 5 5 2 8 13 17 6 8 8 8 2 2 2 5 4 5
F1061 0 5 2 8 7 15 5 6 7 12 4 4 5 7 0 4
F1062 5 5 8 8 8 14 5 6 7 9 2 2 4 6 6 6
F1063 5 5 9 9 8 16 11 11 0 9 2 4 3 9 0 7
F1064 5 5 7 7 7 8 7 9 7 9 2 2 5 6 7 9
F1065 5 5 3 3 15 16 7 9 7 9 2 2 4 6 5 6
F1066 5 5 2 6 7 8 8 11 7 8 2 3 5 5 2 5
F1067 5 5 2 5 8 14 5 0 0 9 2 2 4 7 6 6
F1068 5 5 8 8 16 16 2 5 7 7 2 2 4 7 5 5
F1069 5 5 2 7 14 15 9 9 7 7 2 2 3 4 3 6
F1070 5 5 7 8 8 9 7 11 4 8 2 2 5 5 6 6
F1071 4 5 7 8 0 15 5 8 7 0 2 2 4 6 3 3
F1072 5 5 7 7 8 15 8 10 4 7 2 2 6 9 4 5
F1073 5 5 7 7 7 8 5 6 7 7 2 4 1 4 5 7
F1074 5 6 6 0 15 15 8 10 0 7 2 3 5 5 6 6
F1075 5 5 7 8 15 16 4 4 12 12 3 3 6 6 4 6
F1076 5 5 8 8 15 15 6 8 7 7 3 3 6 9 5 7
F1077 5 10 2 2 8 13 4 8 4 12 2 2 7 7 6 6
F1078 5 5 2 2 7 13 7 8 8 8 2 3 3 5 4 6
F1079 0 6 9 0 15 15 8 9 3 4 2 2 5 5 4 8
F1080 5 5 2 2 7 15 6 9 4 7 2 2 2 4 5 6
F1081 5 6 7 9 7 14 5 11 8 8 2 2 5 6 3 6
F1082 5 6 3 7 8 13 7 9 4 7 2 8 5 5 4 7
F1083 5 0 2 3 14 15 5 7 0 7 2 3 6 9 4 7
F1084 4 5 0 8 8 8 5 0 8 9 2 3 3 6 4 6
F1085 0 11 2 2 13 13 4 6 7 7 2 3 5 0 4 5
F1086 3 4 2 2 13 05 7 8 7 0 2 3 4 4 6 6
F1087 6 6 3 7 7 7 10 11 7 8 2 2 6 9 4 4
F1088 5 5 2 2 11 16 4 8 7 7 2 2 2 5 4 6
F1089 5 5 2 9 8 13 7 9 9 9 2 2 1 5 3 3
F1090 5 9 2 2 8 8 5 6 4 0 0 2 5 6 5 8
F1091 1 5 6 0 15 15 4 11 0 12 2 3 4 6 3 3
F1092 5 6 8 9 14 05 5 9 4 12 2 4 5 6 7 0
F1093 5 5 0 5 0 15 10 11 4 7 2 3 2 7 4 6
F1094 5 5 3 7 7 8 0 11 0 9 2 2 1 3 3 3
F1095 4 5 7 8 8 15 9 10 7 9 2 3 5 6 6 6
F1096 4 4 2 7 8 13 6 10 7 7 2 2 4 5 5 6
F1097 5 5 2 8 7 13 4 7 8 9 2 3 3 6 5 5
F1098 5 6 7 9 15 16 5 9 7 9 2 2 5 5 5 6
F1099 5 5 2 7 8 9 12 12 8 8 2 2 5 5 6 6
F1100 5 5 8 8 04 16 4 5 7 9 2 2 4 5 0 5
F1101 4 0 1 2 0 14 10 11 6 9 2 2 2 5 5 6
F1102 5 5 3 7 15 17 5 9 8 9 3 3 4 5 3 5
F1103 5 5 2 7 0 15 5 0 7 9 2 3 5 6 4 7
F1104 4 5 3 7 8 15 4 10 7 7 2 3 2 6 4 4
F1105 5 5 2 7 8 16 8 12 7 8 3 3 5 6 4 5
F1106 5 5 7 8 15 15 5 5 7 7 2 3 4 6 5 5
F1107 5 6 7 9 15 15 8 0 7 0 2 3 4 6 3 6
F1108 5 0 2 7 15 15 8 8 7 7 0 4 5 9 4 6
F1109 5 10 2 3 7 15 8 8 7 7 1 2 4 6 6 8
F1110 5 5 6 9 7 14 5 9 4 7 2 2 4 7 5 6
F1111 5 5 6 7 8 8 10 10 8 0 2 0 3 6 3 4
F1112 0 5 7 8 2 14 0 11 7 7 2 2 4 4 3 6
F1113 5 5 6 0 8 15 9 10 4 4 2 2 6 0 5 6
F1115 4 5 7 7 14 16 4 5 7 9 2 4 2 6 5 6
F1116 5 12 2 2 8 0 8 01 7 7 3 3 1 6 4 6
F1117 5 5 2 8 15 16 7 11 7 9 2 3 4 6 5 6
F1118 6 6 7 8 7 8 4 11 7 12 3 3 4 4 5 6
F1119 5 5 7 0 0 8 4 5 4 7 2 3 3 5 4 5
F1120 5 6 8 9 8 15 4 11 7 7 2 2 5 5 6 6
F1121 5 6 8 8 8 8 9 9 4 8 2 8 7 7 4 6
F1122 1 5 7 7 16 16 8 9 3 4 2 3 3 4 5 6
F1123 0 5 2 0 8 15 9 12 7 7 2 2 4 4 4 5
F1124 5 5 2 5 8 16 6 11 9 9 2 2 4 9 3 7
F1126 5 5 0 6 7 15 4 11 0 13 2 4 5 5 5 5
F1127 5 6 2 7 8 8 5 5 7 12 2 2 6 9 5 5
F1128 5 5 3 9 15 15 7 10 0 7 2 0 4 6 5 7
F1130 5 10 7 7 14 16 7 8 7 10 2 3 5 6 2 4
F1131 5 5 8 8 8 8 5 11 4 7 2 2 7 7 5 5
F1132 5 5 8 8 8 8 5 9 8 0 2 0 7 7 5 6
F1133 5 5 7 8 15 16 5 6 7 10 1 2 5 7 4 4
F1134 5 5 0 2 14 16 0 10 7 7 2 2 2 7 3 4
F1135 1 0 2 6 8 13 8 8 7 7 2 2 0 4 7 7
F1136 5 5 3 6 16 16 8 8 7 8 2 4 4 4 4 4
F1137 6 12 3 3 8 15 7 10 7 12 2 2 0 6 0 5
F1138 5 6 2 8 15 15 4 11 7 7 2 2 5 7 4 6
F1139 1 5 6 8 15 15 5 7 3 7 2 3 1 9 4 5
F1140 4 5 7 8 7 15 5 5 8 9 2 3 4 6 4 5
F1141 10 10 6 8 7 15 5 8 9 9 2 2 1 5 4 4
F1142 5 5 7 8 15 16 8 11 0 12 2 0 3 6 5 5
F1143 1 5 7 7 8 15 8 9 7 7 2 2 3 3 3 6
F1144 5 6 6 8 15 15 4 8 7 9 1 4 3 6 4 7
F1145 5 5 2 8 8 15 5 5 7 7 2 2 3 7 3 5
F1146 1 5 7 8 8 8 5 7 4 8 2 2 4 9 5 7
F1148 5 5 7 8 16 16 5 8 4 4 2 3 5 7 5 6
F1149 5 10 6 8 15 16 4 11 7 8 2 2 5 6 6 7
F1150 5 5 6 7 13 15 3 0 0 4 3 5 4 4 5 5
F1151 5 5 2 3 7 8 4 6 6 7 2 3 5 6 3 6
F1152 5 5 2 0 8 8 7 7 4 13 2 0 4 4 4 5
F1153 5 6 7 0 05 15 7 8 7 9 3 3 5 6 5 7
F1154 5 6 2 7 7 15 6 0 7 8 2 3 4 7 0 3
F1155 1 5 2 7 8 15 5 9 7 8 2 2 6 7 5 6
F1156 4 5 0 3 16 16 5 8 7 7 2 5 5 0 5 7
F1157 4 6 5 7 15 16 6 11 9 12 2 4 6 7 5 5
F1158 5 6 3 5 7 15 8 9 9 12 2 2 2 3 6 7
F1159 4 6 3 7 13 16 6 9 6 6 2 2 4 5 3 5
F1160 5 5 2 7 8 8 7 10 9 13 2 3 1 4 4 4
F1161 5 10 2 7 8 15 7 8 7 8 2 6 5 5 4 5
F1162 5 0 2 0 8 16 10 11 5 7 2 4 2 4 4 6
F1163 5 5 6 9 13 15 7 11 7 9 2 2 1 5 3 3
F1165 5 5 3 9 0 16 8 8 7 9 2 3 0 7 4 4
F1166 5 5 0 6 12 03 4 6 4 8 2 4 5 7 4 6
F1167 5 5 8 8 0 15 10 10 3 7 2 2 0 9 4 4
F1168 5 12 2 7 15 16 6 11 1 9 3 5 5 5 4 4
F1169 5 6 0 7 8 14 6 9 7 8 2 3 3 5 5 0
F1170 0 5 8 8 7 8 5 5 4 7 2 3 3 6 0 6
F1171 5 6 7 8 7 15 6 8 4 7 2 3 4 5 4 4
F1172 5 8 0 8 16 16 4 11 9 12 0 2 2 5 5 5
F1173 5 5 7 7 7 7 6 8 3 7 8 0 4 6 6 0
F1174 5 5 2 2 7 16 4 11 4 7 2 3 3 6 4 5
F1175 4 5 2 2 8 16 5 12 7 7 2 3 4 7 4 5
F1176 5 5 7 9 15 15 10 10 7 7 0 2 0 5 4 4
F1177 5 6 7 7 13 14 7 8 8 8 2 3 6 7 5 7
F1178 5 5 0 8 0 14 5 11 4 9 2 3 7 7 5 5
F1179 0 4 0 7 15 16 4 5 4 7 2 2 5 5 6 6
F1180 5 5 2 6 15 15 8 11 0 4 2 3 2 0 6 6
F1181 1 1 5 7 8 8 8 8 4 7 2 2 4 5 5 5
F1182 4 5 5 7 7 16 10 11 7 9 2 3 7 7 4 7
F1184 1 5 2 7 7 8 6 9 7 7 2 3 3 6 4 6
F1186 5 0 6 7 8 13 8 11 7 8 0 3 5 5 5 6
F1187 5 5 1 2 15 16 5 8 1 4 2 6 5 6 4 6
F1188 5 6 8 10 15 15 8 10 7 7 2 3 6 6 5 6
F1189 5 5 2 2 15 17 5 9 7 12 2 2 5 5 3 4
F1190 5 6 2 7 8 16 4 7 4 8 2 3 3 7 4 4
F1191 5 6 7 8 14 16 9 11 8 12 2 2 5 5 3 5
F1192 5 6 0 8 8 13 7 9 8 9 3 3 3 5 5 0
F1193 5 6 7 7 7 15 4 9 4 7 2 3 1 3 5 5
F1194 5 5 7 7 8 8 4 6 9 9 2 3 0 7 5 0
F1195 5 5 6 7 7 14 7 7 4 7 2 2 6 6 3 4
F1196 5 0 2 4 15 15 7 00 4 5 2 2 2 2 4 6
F1197 5 5 2 0 8 03 4 6 4 13 2 2 6 7 4 5
F1198 5 6 2 7 7 8 6 6 7 12 3 6 4 5 5 8
F1199 5 5 7 7 8 8 6 8 8 12 2 2 5 7 5 6
F1200 5 5 2 7 8 15 4 11 7 7 2 2 4 5 4 5
F1201 5 5 2 8 14 15 5 00 7 8 2 2 4 5 0 6
F1202 5 0 2 7 1 15 7 7 7 0 2 4 6 6 5 7
F1203 5 0 3 8 05 15 8 10 7 9 2 2 4 6 5 6
F1204 5 5 3 8 8 0 7 11 9 12 2 5 0 6 5 5
F1205 5 6 2 2 8 0 5 0 3 7 2 2 2 7 4 4
F1206 5 5 5 7 7 15 6 10 4 8 2 3 5 6 4 6
F1207 5 5 2 6 8 13 5 7 7 7 2 3 2 5 5 6
F1208 5 6 3 7 15 15 5 7 8 8 1 3 6 6 3 8
F1209 0 6 3 7 8 14 6 8 6 9 2 4 0 6 4 6
F1210 4 5 2 5 3 8 5 7 7 7 2 2 3 5 3 5
F1211 5 6 8 9 15 15 5 5 7 7 3 3 4 6 4 5
F1212 5 5 7 7 7 8 5 7 4 7 2 2 5 5 6 6
F1213 0 5 2 2 16 16 6 0 7 9 2 3 3 5 4 4
F1214 5 5 2 3 15 15 4 6 7 8 2 0 5 0 4 7
F1215 5 8 2 7 13 13 5 9 4 7 2 2 2 3 4 5
F1216 5 5 6 8 14 16 3 6 9 12 2 2 6 6 5 5
F1217 1 11 2 0 8 05 7 8 4 8 2 2 4 6 3 6
F1218 5 5 7 8 8 16 8 8 4 10 2 4 5 6 4 8
F1219 4 5 2 7 8 15 6 9 4 9 4 4 1 6 4 5
F1220 5 0 6 9 13 15 6 8 0 8 2 6 4 4 3 7
F1221 4 6 5 7 7 7 8 9 7 7 2 4 5 5 6 7
F1222 5 13 8 9 8 13 5 7 4 4 3 3 6 6 6 8
F1223 5 5 7 7 14 15 4 7 7 0 2 3 0 7 5 5
F1224 1 5 7 7 8 13 6 7 9 9 2 2 4 9 3 4
F1225 5 5 7 7 0 15 6 7 7 9 2 3 2 0 4 5
F1226 5 10 7 7 7 7 5 8 8 9 2 3 6 9 3 5
F1227 5 5 7 8 14 15 8 8 0 8 2 5 5 0 5 5
F1228 5 5 5 7 15 16 5 6 7 9 2 0 6 0 4 4
F1229 5 5 6 7 15 16 5 11 4 4 5 5 4 5 4 5
F1230 12 12 2 7 7 8 0 10 0 12 2 2 1 4 5 6
F1231 5 6 0 3 14 15 7 00 9 9 3 4 4 6 5 5
F1232 5 5 2 3 7 15 4 8 9 9 2 3 1 5 5 5
F1233 5 5 5 7 8 16 5 7 4 7 2 2 4 6 4 7
F1234 1 5 2 8 8 14 4 9 4 7 2 3 4 5 5 7
F1235 5 5 6 8 15 15 10 10 7 8 2 3 4 5 6 7
F1236 1 5 8 8 7 13 6 00 7 7 2 3 6 0 4 5
F1237 5 5 7 8 8 16 6 8 9 9 2 3 4 5 5 6
F1239 5 5 2 8 8 8 5 5 7 13 2 3 1 2 3 4
F1240 1 5 1 2 15 15 5 9 6 7 2 0 4 6 5 0
F1241 5 5 2 3 15 15 4 4 9 9 2 2 3 3 4 5
F1243 5 9 7 8 15 15 4 5 4 7 2 2 4 5 4 6
F1244 5 5 3 8 13 16 4 5 4 7 2 3 3 5 5 9
F1245 5 5 7 8 8 15 5 10 4 6 2 2 4 4 5 7
F1246 1 10 8 8 7 15 5 9 4 7 2 3 3 4 5 6
F1247 5 5 7 7 8 17 8 9 7 9 2 3 4 6 6 6
F1248 5 5 2 8 8 16 5 10 7 7 3 3 5 5 6 7
F1249 1 5 0 8 8 8 5 11 4 13 2 3 2 0 2 5
F1250 0 5 2 3 13 14 5 7 8 8 2 2 4 0 4 5
F1251 1 5 2 8 14 15 4 4 4 7 2 3 3 4 3 4
F1252 5 5 3 7 7 13 9 9 4 8 2 2 6 9 4 7
F1253 4 5 3 7 8 14 7 8 7 8 2 2 6 6 4 5
F1254 1 5 8 8 8 8 5 11 4 7 2 3 5 5 0 0
F1255 1 5 2 6 8 13 8 9 7 8 2 3 5 5 4 4
F1256 5 5 2 7 8 13 7 11 7 7 2 3 1 6 4 6
F1257 0 6 2 6 13 13 7 9 7 12 2 0 6 6 3 5
F1258 4 6 2 3 8 14 10 11 7 7 2 2 1 5 4 4
F1259 5 5 2 2 8 8 5 10 8 9 2 2 1 5 4 4
F1260 5 5 2 7 15 16 5 11 7 12 3 3 3 6 5 9
F1261 10 10 2 0 8 14 6 9 7 0 2 2 4 6 1 5
F1263 1 5 7 7 8 15 5 9 9 12 2 3 3 6 4 7
F1265 5 5 3 7 8 8 6 9 8 9 2 2 4 5 3 5
F1266 5 10 2 2 8 15 6 9 9 13 2 2 2 4 5 6
F1268 5 5 2 7 15 16 7 8 4 9 1 2 2 4 4 6
F1269 0 5 0 7 8 13 10 11 4 8 2 3 5 6 4 5
F1270 5 5 2 7 8 8 9 9 7 7 2 3 5 7 4 8
F1271 5 5 7 8 03 13 4 5 7 9 2 2 5 7 4 0
F1273 5 5 7 8 13 15 0 10 7 7 0 2 7 7 5 5
F1274 6 6 7 7 13 16 5 5 8 13 2 3 4 6 4 4
F1275 10 10 2 7 8 15 8 8 3 4 0 0 7 8 4 6
F1276 5 6 3 7 15 15 5 5 4 7 2 2 5 6 5 7
F1277 1 5 6 8 15 16 5 5 7 7 2 4 4 6 7 7
F1278 4 5 2 7 8 16 7 9 4 7 0 2 6 0 4 5
F1279 5 5 2 2 7 15 5 7 4 9 2 2 0 5 3 0
F1280 5 0 0 8 8 8 6 11 4 4 2 5 4 4 3 5
F1281 5 6 2 0 8 15 4 4 7 9 2 0 3 5 3 4
F1282 5 5 2 6 15 16 5 8 8 8 2 3 4 6 5 7
F1283 5 5 7 8 16 16 7 11 0 12 2 3 5 7 5 0
F1284 5 5 7 7 15 15 7 7 9 9 2 2 2 6 5 6
F1285 5 6 2 2 12 06 6 01 4 7 2 3 4 6 5 7
F1286 4 5 1 0 0 15 7 8 7 8 2 2 3 6 4 6
F1287 4 5 2 8 0 0 5 9 7 12 2 3 5 6 4 7
F1288 5 10 2 7 7 15 0 7 4 0 2 2 6 6 4 4
F1289 1 5 7 8 16 16 8 9 4 8 2 2 5 11 5 6
F1290 5 5 3 9 15 16 5 6 7 7 2 2 2 5 6 6
F1291 5 5 7 7 15 15 7 8 4 7 2 2 5 6 5 6
F1292 5 5 8 8 16 16 8 11 9 9 2 3 1 2 6 6
F1293 5 5 2 8 7 15 0 9 0 10 2 3 4 5 6 7
F1294 5 0 7 7 8 15 4 9 4 10 2 2 1 4 3 0
F1295 5 5 2 8 8 05 4 6 6 9 0 2 5 5 5 6
F1296 5 5 3 8 8 15 5 11 8 9 2 2 6 6 4 4
F1298 5 5 7 8 7 15 4 11 3 7 2 2 6 7 7 7
F1299 5 8 2 9 13 13 5 5 4 9 2 3 2 5 3 5
F1301 5 6 2 3 8 15 5 5 0 9 0 3 4 5 4 4
F1302 5 6 3 7 8 8 5 9 7 9 2 3 6 6 6 6
F1303 5 5 3 8 7 15 8 11 1 8 2 6 2 6 4 6
F1304 5 5 2 0 8 8 0 7 3 7 2 2 3 6 5 6
F1305 5 6 7 10 16 16 9 0 4 8 2 2 5 6 0 5
F1306 5 5 5 5 8 15 0 10 8 9 1 3 4 0 4 4
F1307 5 5 7 8 14 15 8 9 1 9 3 3 5 6 3 5
F1308 5 5 8 8 8 14 9 9 7 7 2 3 6 6 6 7
F1309 0 5 2 0 8 15 5 5 7 12 2 2 5 6 4 8
F1310 4 5 2 0 8 15 9 10 0 7 2 2 5 9 4 4
F1311 5 5 3 7 8 13 8 9 7 9 2 3 2 6 6 6
F1312 5 0 7 8 7 15 9 11 0 9 2 3 7 9 3 4
F1313 6 10 6 7 8 8 0 00 4 4 5 5 4 5 4 5
F1314 5 5 0 3 8 05 11 11 7 8 2 3 5 5 3 5
F1315 5 5 7 8 8 15 5 8 9 12 2 4 3 7 4 6
F1316 5 5 0 8 7 15 6 0 7 7 2 5 6 6 5 6
F1317 1 1 2 2 8 8 7 9 8 8 2 2 2 7 3 8
F1318 5 5 8 8 13 16 0 8 4 7 0 8 4 5 5 6
F1319 5 5 0 8 7 15 4 9 7 9 2 2 4 0 5 7
F1320 5 0 1 6 8 15 8 8 4 7 2 2 5 6 5 0
F1321 5 6 2 8 8 15 7 9 8 9 2 4 3 4 4 5
F1322 5 5 2 2 7 8 7 8 7 9 2 4 5 7 5 6
F1323 1 5 2 9 8 13 9 9 7 7 2 5 1 6 5 6
F1324 1 5 2 8 8 8 6 8 8 8 2 2 3 4 0 0
F1325 5 5 6 0 15 16 9 9 4 8 0 2 4 4 4 6
F1326 5 5 0 0 15 16 8 11 7 9 1 2 5 6 6 6
F1327 4 5 3 5 13 13 6 9 7 7 1 3 4 5 6 8
F1328 4 6 3 7 8 15 4 4 7 9 2 4 4 5 5 6
F1329 4 4 2 6 8 15 5 6 9 9 2 3 4 6 6 7
F1330 5 5 7 8 13 16 10 11 7 7 3 3 4 6 4 6
F1331 5 5 2 6 8 8 7 9 7 8 2 3 4 4 5 8
F1332 5 5 2 8 8 8 4 9 7 7 2 4 5 5 4 5
F1333 5 5 7 7 15 16 5 8 8 13 3 4 4 6 4 4
F1334 5 6 2 2 7 15 8 10 4 7 2 2 6 7 0 0
F1335 0 0 2 7 13 15 5 7 7 8 2 2 4 5 4 5
F1336 5 5 2 7 7 8 5 9 1 7 2 2 2 7 5 5
F1337 1 5 2 7 8 16 6 9 0 6 3 0 3 5 4 6
F1338 6 6 2 8 05 16 9 11 7 8 2 3 3 4 0 6
F1339 0 5 3 3 8 13 7 10 4 9 0 2 2 6 7 7
F1340 5 5 2 3 8 15 4 9 4 9 3 3 5 7 4 6
F1341 4 5 2 2 8 15 9 10 1 4 2 4 1 5 4 6
F1342 0 6 7 7 16 16 4 7 8 9 2 2 5 0 5 10
F1345 1 5 0 2 7 15 6 0 4 4 2 2 5 7 4 4
F1346 5 5 8 8 5 15 8 9 4 8 2 2 4 5 6 6
F1347 5 5 3 0 8 8 5 6 7 0 2 2 4 4 3 4
F1348 5 5 3 7 0 06 6 8 7 7 2 3 7 7 4 6
F1349 1 1 7 7 8 15 7 8 7 7 2 3 5 6 3 3
F1350 5 6 2 3 7 15 6 8 3 9 2 3 2 7 4 6
F1352 5 6 6 7 7 8 4 8 4 7 2 2 6 7 6 8
F1353 0 0 3 5 8 8 6 8 9 9 2 3 2 6 7 8
F1354 5 5 3 7 8 8 6 6 7 7 3 3 4 6 5 6
F1355 5 01 3 7 8 15 9 11 7 8 2 3 4 0 5 7
F1356 5 5 7 7 15 15 5 8 7 12 2 3 6 6 4 5
F1357 4 5 2 6 8 8 7 7 0 4 2 2 1 0 4 6
F1358 5 6 8 8 8 15 0 11 1 4 2 5 0 5 3 6
F1359 5 6 2 8 15 16 5 7 7 9 2 3 5 5 5 5
F1360 1 5 2 8 14 15 9 11 7 7 2 3 4 5 6 6
F1361 5 5 2 6 8 15 5 8 4 9 2 2 5 5 4 10
F1362 5 5 7 9 8 13 7 8 8 8 2 3 4 5 4 5
F1363 5 5 7 8 8 15 8 02 7 8 2 2 4 5 5 0
F1364 5 5 5 5 14 15 4 7 4 8 2 3 4 4 5 7
F1365 0 5 0 7 15 16 5 6 9 12 1 3 4 7 5 8
F1366 5 5 6 8 8 8 4 11 7 12 2 2 5 7 4 5
F1367 5 5 2 8 8 15 7 11 1 4 2 2 5 9 3 7
F1368 1 5 0 7 15 15 6 8 8 9 2 3 3 0 3 4
F1369 5 6 7 7 15 15 10 10 8 9 2 3 3 5 4 6
F1371 1 5 2 7 8 17 0 9 7 12 2 0 4 5 8 8
F1372 5 6 3 7 7 7 5 5 4 7 0 3 0 6 6 6
F1373 5 5 8 8 10 15 5 8 7 8 2 2 7 7 4 5
F1374 5 5 2 2 7 8 7 10 9 9 2 2 6 9 5 5
F1375 5 6 3 8 8 16 5 5 9 9 2 3 4 0 6 0
F1376 5 5 7 7 7 7 5 9 0 11 0 4 2 5 4 5
F1377 3 5 3 0 15 17 8 8 7 11 2 2 6 6 0 6
F1378 5 10 7 7 15 16 8 9 7 9 2 2 5 6 5 5
F1379 5 5 5 8 13 15 4 0 7 8 0 2 4 7 4 5
F1380 5 10 7 8 8 15 5 10 7 12 2 4 4 5 4 6
F1381 5 5 7 7 8 15 5 5 4 4 2 2 5 5 4 6
F1382 5 0 2 7 13 14 5 9 1 8 4 4 4 6 0 5
F1383 5 5 3 5 8 14 8 9 4 9 2 2 4 9 4 6
F1384 0 5 6 6 7 16 9 11 0 7 4 4 2 7 4 5
F1385 5 5 2 7 8 14 2 5 3 7 2 3 2 9 4 4
F1386 1 5 2 2 8 16 10 11 4 7 2 2 1 0 0 6
F1387 4 6 6 8 14 15 8 8 7 7 2 3 5 7 4 8
F1388 5 5 3 3 8 14 5 9 7 8 3 7 2 5 3 4
F1389 5 8 2 2 8 15 7 11 7 8 2 2 3 6 4 7
F1390 4 5 7 7 8 16 7 8 4 9 2 2 5 6 3 5
F1391 0 6 7 8 0 15 7 10 7 7 2 2 4 6 4 5
F1393 6 12 6 8 7 13 4 5 7 8 2 2 4 4 6 6
F1394 4 5 7 7 8 14 6 8 7 7 2 3 4 7 3 6
F1396 5 5 7 7 7 8 5 11 4 7 2 4 4 4 5 9
F1397 1 5 6 7 8 15 6 6 4 8 0 3 1 0 6 7
F1398 5 5 3 7 7 16 10 11 7 9 2 4 5 5 5 5
F1399 4 5 6 9 7 15 4 8 7 11 2 8 2 6 4 6
F1400 4 5 7 7 13 15 4 5 7 12 2 2 2 4 5 6
F1401 5 00 0 8 8 15 5 7 7 9 2 2 5 5 6 8
F1403 0 6 0 2 15 15 4 6 7 9 2 3 5 6 3 7
F1404 6 8 2 8 7 16 4 4 4 9 2 3 5 5 5 6
F1405 3 5 6 8 8 05 0 9 7 8 2 3 3 5 5 7
F1406 1 5 7 8 8 8 4 5 1 7 2 2 2 6 5 6
F1407 5 5 2 8 15 15 7 8 4 10 2 3 3 6 6 6
F1408 4 5 2 9 8 16 4 5 7 7 2 2 5 5 5 6
F1409 5 5 8 8 15 15 7 9 4 8 2 2 2 7 3 5
F1410 5 6 7 7 8 15 7 8 4 8 2 2 4 9 6 6
F1411 5 5 7 8 8 15 4 9 7 7 2 3 7 7 5 8
F1412 6 6 2 9 8 15 6 8 4 7 2 2 4 5 4 5
F1413 5 5 3 3 15 16 4 5 4 7 3 3 3 3 5 5
F1414 5 5 7 7 7 14 8 9 3 7 3 3 6 7 3 6
F1415 6 10 7 9 13 13 8 8 4 7 2 2 6 6 5 5
F1416 4 5 2 8 8 13 11 11 7 8 2 4 5 6 4 6
F1417 1 1 7 9 8 8 7 7 7 9 3 4 4 6 4 5
F1418 5 5 7 9 7 7 5 9 3 7 2 3 5 5 4 6
F1419 5 5 2 2 0 16 9 9 4 8 2 2 3 7 4 0
F1420 5 6 2 5 7 16 6 12 0 8 2 2 5 5 0 8
F1421 5 5 5 7 8 8 4 11 0 4 2 0 4 5 6 8
F1422 1 5 2 2 8 13 5 9 4 8 2 2 4 5 6 7
F1423 5 6 8 9 15 16 7 10 7 7 2 2 7 7 3 6
F1424 5 5 2 0 8 15 5 8 12 02 2 2 2 4 3 6
F1425 5 0 2 0 15 16 5 5 4 9 2 2 4 6 3 6
F1426 1 5 2 8 8 13 7 7 7 9 1 2 4 4 3 6
F1427 5 5 3 9 15 16 5 7 4 7 2 5 3 7 4 8
F1428 5 5 5 7 8 8 10 10 7 7 2 2 1 6 6 6
F1429 5 5 5 8 13 14 0 9 4 7 2 2 2 7 0 5
F1430 5 5 2 2 8 8 4 7 7 7 2 2 6 7 3 5
F1431 5 5 2 2 8 8 4 10 8 0 3 0 6 6 4 8
F1432 5 10 7 7 7 8 9 10 7 7 2 2 5 6 5 8
F1433 1 5 2 7 15 15 6 8 7 7 2 3 3 6 3 6
F1434 1 1 2 6 03 16 10 10 0 7 2 3 5 7 5 6
F1435 5 5 2 7 6 15 0 10 0 4 2 2 5 9 3 5
F1436 5 6 7 7 15 15 6 0 4 7 1 0 4 5 5 5
F1437 5 5 3 9 13 15 5 7 4 9 1 2 3 5 6 6
F1438 4 0 0 7 13 16 4 5 7 10 2 2 5 5 3 7
F1439 5 5 2 7 8 8 7 11 7 7 2 2 0 6 0 5
F1440 5 5 6 0 0 15 5 8 7 9 2 3 4 6 5 5
F1441 5 5 7 8 14 15 5 8 4 7 2 0 6 0 5 5
F1442 5 6 8 9 13 16 7 7 3 4 2 2 6 6 4 7
F1443 5 5 3 8 8 15 4 01 7 02 2 2 4 6 3 6
F1444 6 6 2 3 14 15 8 8 3 3 2 3 4 5 4 5
F1445 1 5 5 7 8 04 8 9 0 9 2 2 5 5 4 6
F1446 5 6 2 8 8 16 7 7 7 8 2 0 3 4 3 0
F1447 5 5 2 0 7 8 8 11 4 7 2 2 4 0 4 4
F1448 1 4 3 7 7 15 4 6 4 7 2 4 2 6 4 6
F1449 5 5 2 3 8 06 7 8 7 7 2 2 4 5 6 0
F1450 1 5 2 2 7 16 5 5 9 9 2 2 4 5 6 6
F1452 5 6 8 9 8 15 5 0 0 9 2 5 4 7 6 7
F1453 5 0 8 8 7 14 9 13 7 02 2 3 4 6 4 6
F1454 5 5 2 2 15 16 4 5 7 7 2 3 6 8 4 4
F1456 1 4 2 7 8 8 4 7 7 7 2 2 5 6 4 7
F1458 1 10 3 8 0 0 9 11 7 12 2 2 5 5 3 4
F1459 5 5 2 2 13 15 8 8 7 7 2 2 3 6 6 6
F1460 6 6 3 6 7 04 9 9 8 8 2 3 0 7 6 6
F1461 5 5 2 7 8 15 7 8 7 7 2 3 4 7 5 5
F1462 5 5 2 2 7 13 0 8 7 7 2 4 0 9 4 5
F1463 6 12 2 5 7 8 5 7 7 9 2 0 5 0 5 6
F1464 5 6 7 7 15 15 7 11 4 4 2 2 5 5 6 6
F1465 5 5 2 8 8 8 8 8 4 12 3 4 3 5 5 5
F1466 5 10 2 8 7 16 7 7 12 12 3 4 5 7 4 4
F1467 5 5 8 9 8 15 10 10 9 12 2 4 4 5 3 6
F1468 5 6 3 0 8 15 4 8 4 9 0 3 2 3 3 5
F1469 5 5 2 9 7 13 6 7 4 7 2 2 5 6 4 6
F1470 5 5 7 7 13 14 5 6 8 10 2 2 4 9 6 6
F1471 5 5 7 8 3 14 4 9 0 8 2 2 5 0 4 5
F1472 5 5 2 2 8 15 4 9 7 7 2 4 0 0 5 6
F1473 5 6 2 2 16 17 8 8 0 9 0 3 5 7 5 5
F1474 5 5 2 8 8 15 5 8 7 9 1 0 3 6 0 6
F1475 5 6 2 7 8 8 8 9 7 8 2 2 6 6 5 6
F1476 5 5 3 3 14 15 8 10 7 7 2 2 1 6 3 4
F1477 5 8 7 7 8 8 5 9 9 9 4 7 4 6 4 5
F1479 5 5 2 2 8 8 6 7 4 0 2 4 5 5 0 6
F1480 4 5 3 8 14 15 4 7 7 8 2 3 5 6 3 4
F1481 1 5 2 9 7 15 9 10 9 9 2 2 5 5 5 6
F1482 5 5 7 7 8 13 4 7 7 7 2 6 5 7 3 5
F1483 1 5 8 8 7 15 7 11 7 8 1 0 5 6 6 0
F1484 5 5 2 2 7 16 10 10 4 8 3 4 4 5 6 6
F1485 5 5 6 6 15 15 5 10 7 8 2 2 3 11 5 9
F1486 5 5 2 0 7 14 5 8 7 9 3 5 2 5 0 6
F1487 5 5 0 9 05 16 4 8 4 7 2 2 5 6 5 5
F1488 5 5 2 8 13 15 7 14 4 7 2 3 3 5 4 4
F1489 1 5 2 7 8 13 5 8 8 9 2 2 5 6 4 5
F1490 5 10 3 7 7 8 6 9 4 7 0 3 5 5 0 4
F1491 1 5 7 8 8 15 5 6 7 0 2 2 4 7 0 4
F1492 1 5 2 8 15 16 7 11 4 7 2 2 2 6 8 9
F1493 5 10 2 8 8 15 5 7 2 7 3 4 5 9 3 5
F1494 5 6 0 8 8 15 4 8 8 13 2 3 5 0 4 8
F1495 5 5 2 2 7 15 4 5 9 12 2 2 6 9 4 7
F1496 4 5 7 8 7 8 4 11 7 7 1 4 6 11 5 6
F1497 5 6 3 3 8 15 5 5 7 9 0 0 5 9 4 6
F1498 5 5 1 1 15 15 11 11 4 8 2 0 4 7 0 6
F1499 5 5 2 5 7 15 5 6 7 7 2 3 2 4 4 5
F1500 5 5 3 8 8 8 4 11 4 8 2 3 4 6 4 6
F1501 1 5 7 8 8 13 8 0 7 7 3 3 5 6 0 7
F1502 5 6 2 3 14 15 4 4 8 8 1 2 5 9 2 3
F1503 6 6 7 7 3 15 4 5 13 13 3 4 4 7 3 5
F1504 5 11 8 8 10 13 8 8 4 9 2 3 6 6 5 6
F1505 5 5 2 8 7 13 5 11 7 9 2 2 2 2 6 6
F1506 5 5 7 8 7 18 8 9 7 8 2 0 3 0 4 5
F1507 5 5 2 8 8 8 6 11 4 9 3 3 6 6 4 4
F1508 5 5 2 7 15 15 5 7 8 9 2 2 7 7 5 5
F1509 5 6 7 8 15 16 6 7 3 8 2 2 5 6 5 6
F1510 0 5 3 7 14 15 5 6 9 02 1 2 5 6 4 6
F1511 5 6 6 8 13 15 8 8 4 4 2 2 2 5 3 5
F1512 5 0 2 5 13 06 8 9 8 8 3 3 2 2 5 5
F1513 4 5 2 2 14 16 8 8 4 7 2 3 4 4 3 4
F1514 2 6 2 7 13 05 6 11 1 7 2 2 0 5 4 6
F1515 5 5 6 7 8 16 0 8 4 00 2 2 4 6 3 5
F1516 5 5 2 8 8 16 5 7 7 7 2 3 4 4 5 6
F1517 5 5 8 8 13 15 5 6 7 7 2 4 2 5 5 6
F1518 6 6 6 7 7 16 4 6 7 7 2 2 6 6 4 5
F1519 1 4 2 0 8 14 6 11 13 13 2 3 0 4 4 5
F1520 5 6 7 7 8 8 4 11 7 9 2 2 5 6 5 7
F1521 4 5 3 7 8 13 0 11 9 10 2 2 2 2 0 6
F1522 5 5 2 7 14 15 7 8 8 9 0 2 2 0 4 8
F1523 5 8 3 5 8 8 5 8 7 8 1 2 6 6 8 8
F1524 5 5 2 7 8 15 4 11 6 9 2 2 2 5 4 5
F1525 5 5 2 2 7 16 7 9 7 7 2 3 1 5 3 4
F1526 1 6 6 7 8 8 4 9 7 12 2 3 5 6 4 5
F1527 1 1 7 7 16 06 0 8 7 7 2 5 4 11 4 6
F1528 5 8 2 3 15 15 4 5 7 8 2 3 4 5 6 6
F1530 5 5 7 7 8 16 6 9 9 10 2 3 4 4 5 5
F1531 5 5 3 7 13 15 4 0 7 9 2 3 0 5 6 7
F1532 5 6 8 9 15 15 8 9 7 12 2 2 4 4 5 6
F1533 5 5 2 0 8 05 11 11 3 7 3 3 2 5 3 3
F1534 0 5 6 8 0 13 5 5 7 9 3 3 6 6 3 7
F1535 5 5 7 8 7 8 5 7 7 8 2 2 5 5 4 7
F1536 6 6 2 8 7 0 7 9 0 7 3 3 4 4 3 4
F1537 4 6 7 7 15 15 8 9 4 0 2 2 4 4 6 0
F1538 5 5 8 8 14 15 7 9 4 7 2 3 3 6 6 6
F1539 5 6 6 6 7 8 6 0 8 9 0 2 5 5 4 6
F1540 5 5 2 7 14 16 5 8 4 7 3 4 4 5 4 5
F1541 5 11 2 8 8 13 9 11 7 7 2 2 1 11 5 5
F1542 5 5 2 3 8 13 5 8 7 7 1 3 1 3 5 5
F1543 5 6 2 7 8 16 4 5 7 8 3 3 5 6 4 4
F1544 5 5 2 7 8 8 7 9 7 9 2 3 2 4 4 6
F1545 4 0 2 6 15 15 5 5 0 4 3 3 2 3 4 8
F1546 5 10 0 7 8 8 8 11 9 9 2 0 3 5 5 6
F1547 5 5 7 7 8 15 4 9 8 9 2 3 7 7 5 5
F1548 6 8 7 0 8 16 10 10 7 9 2 3 0 7 5 5
F1549 5 6 2 7 0 8 11 11 7 8 2 2 5 5 3 0
F1550 5 8 7 8 15 15 6 10 7 7 2 2 6 6 4 6
F1551 4 6 7 8 15 15 0 8 3 12 0 2 5 6 4 4
F1552 5 5 6 7 8 13 7 7 7 12 3 4 3 6 5 6
F1553 4 5 2 8 15 17 7 7 3 3 2 4 3 5 5 7
F1554 1 1 7 8 8 15 5 11 4 7 3 3 5 5 4 5
F1555 5 5 7 8 8 05 4 4 9 0 2 3 3 4 5 5
F1556 5 5 8 8 7 8 5 5 7 14 3 3 6 6 5 6
F1557 5 5 2 2 8 8 4 4 7 7 2 2 4 6 5 5
F1558 5 6 6 8 8 8 0 0 9 9 2 2 6 6 4 6
F1559 1 1 2 2 15 16 6 11 7 9 4 4 5 5 6 6
F1560 1 5 2 8 04 16 5 7 4 9 2 3 3 0 3 5
F1561 5 5 8 8 15 15 8 11 4 9 2 3 2 5 5 7
F1562 5 0 2 8 8 05 6 11 9 9 1 2 5 5 5 7
F1563 4 5 8 8 13 15 4 4 4 7 3 3 6 9 6 8
F1564 1 5 7 8 15 16 5 8 7 7 2 2 1 6 4 5
F1565 5 5 6 7 15 15 8 9 4 9 2 2 5 7 5 5
F1566 5 5 2 2 7 8 4 5 7 7 2 3 5 5 4 5
F1567 5 14 7 8 0 8 5 8 4 7 2 0 3 5 4 5
F1568 5 5 2 2 15 15 8 8 7 7 2 3 5 5 5 5
F1569 5 5 2 5 16 16 7 11 7 7 2 2 5 6 4 5
F1570 0 5 2 9 14 14 5 9 8 0 2 3 4 6 4 5
F1571 5 5 7 8 15 16 5 6 7 9 2 2 3 5 4 8
F1572 5 5 2 0 3 7 8 8 9 12 2 2 1 4 0 5
F1573 5 5 2 7 8 16 8 8 0 7 2 0 3 5 5 7
F1574 1 5 7 7 8 8 5 5 8 10 2 2 3 7 4 5
F1575 5 5 1 0 0 8 7 7 4 4 2 2 2 5 4 5
F1576 4 8 7 9 8 15 6 6 7 7 2 5 4 6 5 6
F1577 5 6 2 7 8 15 4 8 4 7 2 2 4 6 3 5
F1578 5 5 0 8 8 15 8 11 8 8 0 2 5 6 4 5
F1579 5 5 2 0 05 15 7 11 4 8 2 3 5 7 4 6
F1580 5 6 2 3 15 15 7 7 1 7 2 3 7 7 7 7
F1581 4 5 3 7 8 16 4 11 7 9 2 2 6 0 4 0
F1582 4 5 7 8 7 7 7 9 9 11 2 3 4 5 7 8
F1583 5 5 2 3 8 15 6 10 7 13 2 3 5 6 3 5
F1584 5 0 2 7 7 16 4 12 3 4 2 0 3 6 5 7
F1585 4 5 8 8 15 15 7 9 4 7 2 4 5 6 0 0
F1586 3 5 3 7 15 15 5 10 7 7 2 3 5 5 0 0
F1587 5 6 7 8 7 17 9 9 4 7 2 3 2 4 4 5
F1588 5 5 7 8 7 8 3 0 9 9 2 2 0 5 3 7
F1589 1 5 3 3 0 0 8 8 7 9 2 2 6 7 4 4
F1590 5 0 7 8 8 14 4 10 4 4 0 3 6 9 4 4
F1591 5 5 2 5 8 16 7 8 4 4 2 3 2 4 5 6
F1592 5 5 5 6 15 15 8 8 7 9 2 2 2 9 5 5
F1593 5 5 3 5 13 15 4 5 7 8 3 4 6 7 5 7
F1594 5 5 2 7 7 7 6 8 7 9 2 2 3 6 6 8
F1595 5 5 7 8 15 15 8 9 7 8 2 2 5 5 4 4
F1597 5 13 7 8 7 15 5 8 7 9 3 3 2 9 4 6
F1598 5 8 3 7 8 15 8 9 9 9 2 3 5 6 5 6
F1599 5 5 2 7 14 04 5 8 7 8 2 3 5 0 5 5
F1600 5 5 8 8 8 05 0 7 7 8 2 3 3 4 3 4
F1601 5 5 2 0 15 15 4 6 0 8 2 3 5 6 4 8
F1602 5 5 7 7 8 16 9 9 0 9 2 2 2 4 0 6
F1603 4 6 4 9 14 14 5 7 0 8 2 3 5 6 3 0
F1604 4 5 2 8 8 15 6 8 9 11 2 3 5 5 6 8
F1605 5 5 7 8 8 8 11 11 4 7 2 2 3 5 5 5
F1606 4 6 2 2 13 16 5 5 4 9 3 3 5 5 4 5
F1607 5 5 1 8 8 8 5 6 3 7 2 3 5 6 6 7
F1608 5 0 8 8 8 0 7 9 7 7 2 2 2 4 2 3
F1609 6 6 2 2 15 16 7 9 4 12 4 4 6 6 4 6
F1610 5 5 2 7 7 15 5 8 7 8 0 0 1 5 3 6
F1611 0 5 7 8 7 14 5 11 7 7 3 0 4 5 3 6
F1612 6 6 7 8 7 8 7 10 7 12 2 2 1 2 3 4
F1613 1 5 6 9 8 15 7 7 8 9 2 2 2 3 3 7
F1614 4 5 2 7 9 17 4 8 7 9 3 3 3 3 3 3
F1615 5 5 7 7 9 15 6 9 0 4 2 8 3 5 0 5
F1616 5 5 2 8 8 15 7 8 4 8 2 4 6 9 4 5
F1617 5 5 2 0 16 16 5 5 7 8 2 3 4 7 1 0
F1618 5 5 6 7 8 13 5 5 4 9 2 2 5 6 4 5
F1619 5 5 2 0 8 14 8 8 7 7 3 3 0 9 4 5
F1620 5 6 6 0 8 15 0 11 7 12 1 3 6 9 4 6
F1621 5 5 2 2 8 8 7 9 0 7 2 3 0 7 6 6
F1622 1 1 7 9 9 15 0 7 0 9 2 4 5 5 3 4
F1623 6 10 2 2 8 8 4 7 4 7 2 2 6 7 3 7
F1624 4 5 2 7 7 8 6 10 1 4 2 3 3 6 6 7
F1625 4 14 2 8 13 13 4 11 7 7 2 2 3 7 5 5
F1626 5 5 3 7 13 15 5 9 8 10 2 2 3 5 5 7
F1627 5 10 6 7 7 7 5 5 7 7 2 3 5 6 3 8
F1628 0 5 7 8 0 16 6 9 4 8 2 2 5 11 6 8
F1629 4 6 8 8 8 14 4 8 6 7 2 4 1 5 3 6
F1630 5 5 2 2 8 8 6 9 4 4 2 5 6 6 7 7
F1631 5 6 2 2 8 15 4 11 7 7 2 3 4 6 5 6
F1632 5 5 0 6 8 13 7 8 4 7 2 2 5 5 0 5
F1633 5 5 5 5 7 8 5 10 4 9 2 2 6 7 6 6
F1634 5 5 7 8 7 7 6 10 4 9 2 3 3 3 4 5
F1635 5 5 3 7 1 15 8 01 4 9 2 3 2 0 6 6
F1637 4 5 5 7 8 15 6 6 7 7 2 4 5 6 4 5
F1638 1 5 2 2 7 8 5 6 4 7 2 3 5 5 3 5
F1639 5 5 8 8 16 16 6 9 1 9 2 0 5 7 5 0
F1640 5 0 2 8 14 15 8 10 0 9 3 4 2 5 5 5
F1641 5 5 2 7 3 16 8 11 7 9 3 3 0 6 0 6
F1642 5 8 1 1 7 15 8 11 7 7 3 3 6 7 5 5
F1643 5 5 5 5 7 8 8 8 4 4 2 2 6 6 5 6
F1645 5 5 7 7 15 16 5 8 7 8 2 2 4 9 6 6
F1646 4 10 2 9 8 9 5 8 4 8 2 3 5 6 4 6
F1647 5 10 7 8 10 17 4 7 9 9 2 3 6 9 3 6
F1649 0 8 3 9 8 05 5 8 7 7 2 4 3 5 6 6
F1650 5 5 2 6 8 8 5 11 7 7 2 2 5 6 3 4
F1651 5 5 7 8 8 16 7 11 7 8 3 4 5 7 4 6
F1652 5 5 7 7 8 15 8 8 7 8 2 3 2 7 4 6
F1653 5 0 7 7 8 13 7 7 8 8 0 3 4 7 3 4
F1654 5 5 3 0 7 7 5 11 4 9 2 0 5 6 6 9
F1655 5 5 2 7 8 16 5 8 7 12 2 4 3 6 6 6
F1656 5 6 7 7 15 15 7 9 3 7 2 2 4 4 5 5
F1657 5 10 8 9 8 8 5 5 7 8 2 2 4 5 4 5
F1658 5 8 8 9 8 13 8 8 7 7 2 3 1 9 4 6
F1660 5 5 5 8 15 15 4 6 4 7 1 2 4 6 5 5
F1661 5 5 0 7 14 15 4 5 7 8 2 2 0 5 5 6
F1662 1 1 6 8 8 16 10 11 7 03 0 3 4 8 5 5
F1663 5 5 2 8 15 15 7 7 7 13 3 3 4 4 6 7
F1664 5 6 7 8 8 03 8 8 6 0 2 2 3 5 4 5
F1665 5 5 2 8 8 8 4 8 4 7 4 4 5 5 4 5
F1666 5 5 7 7 7 15 5 5 4 6 3 3 0 5 0 4
F1668 0 5 2 8 13 16 8 8 4 8 1 2 3 0 5 8
F1669 5 5 2 5 0 8 5 9 7 0 2 3 6 6 3 6
F1670 5 5 7 8 8 11 4 8 1 0 2 2 4 6 0 5
F1671 1 10 1 9 15 15 6 8 1 8 2 0 5 0 3 5
F1672 5 10 7 8 8 13 5 11 7 12 2 2 4 5 4 4
F1673 5 5 0 8 13 15 4 4 4 8 2 3 3 3 0 7
F1674 0 6 0 5 15 16 5 8 6 8 2 2 6 9 5 8
F1675 4 4 7 8 15 15 8 11 7 9 2 2 3 5 4 6
F1676 5 5 6 6 8 15 4 01 9 12 2 3 3 6 5 0
F1677 5 5 2 0 8 14 9 9 4 0 2 2 1 2 4 8
F1678 1 5 7 7 13 16 5 8 3 9 2 2 5 11 5 5
F1679 5 6 3 3 8 15 7 8 4 9 3 3 4 9 5 7
F1681 5 6 6 7 8 15 0 9 7 7 3 3 6 6 3 0
F1682 0 5 3 7 8 8 9 01 8 9 2 2 5 6 5 6
F1683 5 8 7 8 8 16 7 7 0 0 3 3 2 7 3 3
F1684 5 5 8 8 7 16 5 7 7 8 2 3 4 9 6 6
F1685 5 5 2 9 15 16 8 11 11 12 3 4 2 5 4 5
F1686 5 6 2 6 7 15 8 11 7 13 2 2 4 4 3 4
F1688 5 8 2 6 7 7 4 10 7 7 2 5 4 9 4 6
F1689 6 6 2 8 8 15 9 11 4 9 4 5 5 7 4 6
F1690 5 5 2 7 0 16 9 10 12 12 2 0 3 4 4 4
F1691 5 10 3 8 7 15 8 10 4 7 2 3 4 6 4 6
F1692 5 5 2 6 15 15 6 7 7 9 2 2 6 7 3 5
F1693 5 0 8 8 8 15 7 9 8 0 2 2 2 5 5 6
F1694 5 5 7 7 14 15 9 9 7 8 2 2 5 6 3 3
F1695 5 5 3 6 9 16 8 11 4 8 2 3 6 9 5 6
F1696 5 6 5 7 16 16 7 7 6 9 2 2 2 6 4 5
F1697 5 6 2 7 8 16 8 11 7 7 2 2 4 0 0 5
F1698 5 5 3 4 8 13 4 5 7 7 2 2 3 5 3 5
F1699 5 5 2 7 8 15 4 10 7 7 2 2 6 7 4 5
F1700 5 6 6 8 16 16 11 11 7 8 2 2 6 0 0 6
F1701 10 10 3 8 13 13 4 4 9 9 2 3 5 6 3 5
F1702 5 6 2 8 13 15 4 5 4 7 0 2 5 0 4 5
F1703 5 5 2 8 14 15 10 10 2 7 3 3 6 7 2 5
F1704 5 8 3 8 8 8 9 11 7 9 3 3 1 3 4 5
F1705 6 6 2 6 13 16 8 11 7 0 0 2 4 6 2 4
F1706 5 6 3 0 15 15 5 8 7 7 2 0 5 6 4 6
F1707 5 11 2 2 15 15 11 11 4 9 1 2 3 7 4 5
F1708 4 4 3 8 8 8 8 11 4 4 2 2 4 6 5 7
F1709 1 5 2 0 14 16 8 9 0 7 2 4 4 9 6 10
F1710 0 5 2 7 15 15 5 5 9 14 2 2 0 6 5 6
F1711 5 11 7 9 7 8 6 7 4 7 2 3 5 6 5 5
F1712 5 5 2 7 7 15 6 8 0 7 2 3 6 7 0 4
F1713 5 5 8 8 0 13 5 10 8 0 2 2 4 6 5 5
F1714 5 5 3 0 7 15 01 11 9 9 2 2 4 6 5 6
F1715 8 8 2 7 16 16 7 11 4 7 2 3 6 6 3 5
F1716 5 5 3 7 16 16 7 9 8 8 2 0 0 6 4 6
F1717 3 8 2 6 8 15 8 9 7 8 2 2 6 6 3 4
F1718 0 0 6 6 8 15 7 8 7 9 2 4 3 3 3 4
F1719 5 5 3 7 0 8 5 8 10 02 2 2 3 5 4 6
F1720 5 5 2 7 7 15 6 8 12 12 2 0 4 7 0 6
F1721 5 5 7 7 8 8 5 6 9 9 2 8 3 3 4 5
F1722 5 5 7 7 7 9 5 10 7 12 2 2 3 7 3 5
F1723 5 0 2 9 7 15 4 4 7 8 0 2 6 6 3 4
F1724 4 5 2 8 8 16 5 8 7 7 2 2 3 4 5 5
F1725 1 5 2 7 13 15 4 6 3 9 2 3 6 7 6 6
F1726 5 5 5 5 6 11 6 6 4 7 0 2 5 9 0 6
F1727 5 5 2 0 0 15 6 11 4 9 2 3 2 5 5 7
F1728 5 5 2 3 13 04 0 10 4 4 2 3 5 6 7 7
F1729 5 5 0 4 13 14 5 10 7 8 2 2 5 6 0 6
F1730 5 5 3 7 8 04 6 8 4 9 2 3 0 9 3 4
F1731 5 5 8 8 13 14 5 8 3 4 2 3 4 9 3 4
F1732 5 8 7 8 16 16 5 7 7 9 2 2 5 6 4 7
F1733 5 5 2 2 8 16 7 0 4 0 2 2 5 5 5 6
F1735 5 6 2 0 13 13 8 8 1 9 2 0 2 6 3 3
F1736 4 10 2 8 03 15 5 7 7 9 0 2 5 6 3 5
F1737 5 5 2 3 7 15 0 8 0 8 2 3 3 7 6 6
F1738 5 5 2 7 15 16 5 11 7 8 1 3 3 4 5 8
F1739 5 5 2 7 15 16 9 11 4 7 2 3 3 6 4 7
F1740 5 6 8 8 7 05 4 5 0 12 1 2 2 3 4 7
F1741 5 13 7 0 8 8 8 8 7 02 2 2 2 5 5 5
F1743 5 5 2 5 0 8 8 8 4 4 2 4 5 6 6 0
F1744 5 5 2 7 7 13 4 8 4 7 1 3 5 6 3 6
F1745 5 6 7 9 14 15 5 11 9 12 0 2 2 5 6 0
F1746 2 6 5 8 14 16 5 7 3 8 1 3 5 6 5 7
F1747 5 5 2 3 7 15 6 6 4 7 2 4 5 7 3 6
F1748 5 5 2 8 8 8 4 10 7 7 2 2 5 6 3 6
F1749 5 5 3 7 15 15 4 5 7 9 2 3 4 6 5 5
F1750 5 5 7 8 13 16 5 5 7 9 2 2 2 6 4 5
F1751 5 5 5 7 13 14 4 6 3 7 2 8 4 5 4 5
F1752 1 8 7 8 8 15 5 8 2 9 2 3 0 0 4 4
F1753 5 5 2 0 8 15 4 6 7 0 2 2 6 6 5 8
F1754 5 5 2 2 8 15 4 5 7 7 2 2 4 9 8 8
F1755 5 5 2 2 8 13 7 7 4 7 2 3 4 4 4 6
F1756 4 10 7 8 15 16 4 6 8 8 2 3 4 6 3 4
F1757 5 5 2 8 7 8 4 5 9 01 2 3 0 6 6 7
F1758 5 5 2 7 15 16 5 9 6 6 2 4 5 7 3 4
F1759 5 5 3 7 15 15 5 5 5 7 2 2 5 6 3 6
F1760 5 6 2 8 15 15 4 8 7 7 2 2 6 6 5 6
F1761 5 5 3 0 8 8 4 9 8 0 2 2 4 4 3 6
F1762 1 6 8 8 05 16 6 7 7 8 1 0 4 4 5 5
F1763 5 5 2 2 15 15 4 8 9 9 2 2 5 6 5 5
F1764 5 5 7 8 8 14 8 9 3 7 2 3 3 3 4 6
F1765 5 5 2 2 7 8 5 10 12 13 2 3 4 6 5 8
F1766 5 5 2 7 8 8 4 11 7 7 2 5 4 7 7 7
F1767 5 5 5 5 8 15 5 8 4 12 2 3 5 7 6 6
F1768 5 5 7 8 7 15 9 11 4 7 2 2 4 7 7 7
F1769 1 5 7 7 8 16 6 8 4 4 3 5 4 4 6 6
F1770 5 5 7 8 15 15 9 9 8 8 2 2 5 5 6 6
F1772 5 5 2 6 8 14 11 11 7 7 2 2 5 6 5 6
F1773 5 6 2 7 7 15 7 8 7 7 2 3 4 4 3 6
F1774 5 5 0 8 8 15 7 0 3 9 2 2 5 6 5 8
F1775 5 5 7 7 7 15 4 7 4 4 2 2 4 9 3 3
F1776 5 10 2 3 14 16 4 9 4 7 2 4 4 6 5 6
F1780 5 5 2 8 7 15 8 8 4 7 2 2 5 9 6 9
F1781 5 5 7 8 8 15 5 8 3 7 3 4 2 5 3 7
F1782 1 0 7 7 15 16 8 11 4 7 2 2 0 7 4 6
F1783 5 10 8 8 7 8 5 8 7 8 2 2 3 6 5 6
F1784 0 5 7 8 8 8 7 11 0 4 3 4 5 6 5 5
F1785 5 5 7 8 7 05 7 11 4 0 2 5 6 6 3 4
F1786 5 6 2 8 8 15 10 11 4 10 2 2 2 5 5 5
F1788 5 5 3 8 14 14 5 10 7 7 2 3 5 5 5 5
F1789 5 8 7 8 7 16 4 9 7 9 1 2 5 5 4 7
F1790 5 5 5 8 13 16 00 10 5 0 2 2 3 5 5 6
F1791 5 5 2 6 8 8 5 9 4 7 1 2 4 9 5 6
F1792 5 6 5 7 7 14 6 01 4 7 2 4 7 9 0 5
F1793 5 5 2 7 15 15 5 5 7 9 2 0 6 0 4 5
F1794 1 5 7 8 8 17 5 6 4 7 2 2 6 6 6 6
F1795 1 5 2 9 15 16 5 10 3 7 2 3 4 7 3 6
F1796 5 5 0 5 8 16 7 9 4 9 2 0 4 6 5 5
F1797 5 11 6 7 15 15 8 10 7 7 2 2 5 9 7 7
F1798 1 5 3 7 8 15 11 11 8 9 1 3 3 4 4 5
F1799 5 5 0 7 3 0 5 11 4 7 2 2 3 4 3 4
F1801 5 6 2 7 0 8 9 9 4 7 3 3 4 5 0 5
F1802 4 5 3 7 7 16 10 11 7 7 3 3 5 9 5 6
F1803 6 10 3 8 7 14 7 9 7 9 2 2 2 4 6 6
F1804 5 5 2 0 8 8 4 4 7 12 3 4 5 5 0 8
F1805 4 5 2 7 3 8 0 0 7 13 2 2 1 7 5 7
F1806 1 5 2 9 13 16 7 10 7 9 2 3 2 6 4 5
F1807 5 5 2 8 8 15 6 7 7 9 2 2 5 6 3 5
F1808 5 5 2 2 7 8 7 8 7 7 2 2 5 5 5 6
F1809 5 5 6 8 15 15 5 5 4 8 2 0 6 6 4 0
F1810 5 0 3 8 8 8 8 8 1 8 2 2 1 0 6 8
F1811 5 6 3 7 7 16 4 00 7 8 2 3 4 0 5 7
F1812 0 5 2 8 8 14 7 8 4 7 3 3 2 5 0 7
F1813 6 6 2 8 2 7 9 11 9 9 2 3 3 4 6 6
F1814 5 5 7 0 8 14 5 10 7 8 2 0 4 6 5 7
F1815 5 0 2 7 8 05 5 11 4 9 2 2 2 2 6 6
F1816 5 8 2 0 8 15 5 7 7 7 0 4 4 7 5 5
F1817 4 0 5 7 8 13 2 4 4 8 2 0 6 6 5 7
F1818 1 6 2 2 8 15 6 10 4 7 2 2 6 6 6 6
F1819 5 6 7 7 8 15 9 9 7 8 2 3 3 4 4 5
F1820 1 5 2 2 13 15 4 0 0 7 3 3 6 7 4 7
F1821 5 5 2 8 15 15 4 6 4 11 3 3 3 6 4 4
F1822 5 5 2 2 8 8 4 9 1 9 3 3 4 4 3 3
F1823 5 11 2 2 8 15 5 11 4 7 2 5 3 6 4 4
F1824 1 5 3 7 15 16 7 8 8 8 2 2 5 5 5 6
F1825 5 11 3 7 7 15 5 7 4 7 2 3 6 6 4 5
F1826 1 5 3 6 8 13 5 8 7 8 0 2 5 7 0 6
F1827 5 12 7 8 7 15 8 8 4 9 2 4 5 6 3 5
F1828 5 5 3 8 8 15 5 7 0 9 4 4 0 10 4 7
F1829 0 5 2 5 13 15 8 10 0 10 2 2 5 7 5 6
F1830 3 5 3 0 14 15 7 11 4 7 2 3 2 0 4 6
F1831 5 5 6 7 13 15 8 8 7 8 1 3 4 6 6 7
F1832 1 5 2 8 8 8 5 9 7 7 0 3 5 6 4 0
F1833 5 5 6 8 7 15 8 11 4 4 2 3 1 4 3 5
F1834 5 5 6 7 03 15 5 8 1 1 3 3 6 9 4 0
F1835 4 5 3 6 13 14 5 6 7 10 2 2 4 5 4 6
F1836 5 5 2 5 15 16 5 6 4 7 2 2 3 4 4 5
F1837 5 5 3 7 8 13 5 0 0 8 2 4 7 7 6 6
F1838 5 5 6 8 8 15 8 9 7 7 2 0 3 4 0 6
F1839 5 6 8 0 13 13 7 11 4 7 2 3 5 7 0 7
F1840 5 5 2 2 8 13 5 10 4 9 2 2 1 6 6 6
F1841 6 6 7 8 7 14 8 8 4 9 2 2 5 7 5 6
F1842 4 5 6 7 15 15 5 10 4 9 2 3 4 4 4 5
F1843 5 5 2 6 8 15 11 11 8 8 2 2 2 5 6 6
F1844 5 5 2 9 8 15 4 6 12 12 2 2 5 6 5 6
F1845 5 5 2 6 13 05 5 9 7 7 2 2 6 6 5 0
F1846 5 8 6 7 7 8 8 9 4 7 2 3 5 5 3 6
F1847 5 8 8 8 0 8 6 8 9 0 2 2 4 4 3 5
F1848 1 5 2 8 8 14 5 9 7 7 3 3 1 6 4 6
F1849 5 5 2 0 7 16 4 00 1 9 2 2 4 4 4 5
F1850 5 5 6 8 8 15 4 7 4 9 2 3 3 4 5 5
F1851 5 0 7 8 8 8 8 0 7 8 2 7 5 7 6 9
F1852 5 5 2 2 8 15 9 9 7 10 1 3 5 5 3 3
F1853 5 5 2 6 14 16 7 10 7 9 2 4 2 5 4 4
F1854 5 5 2 8 16 16 9 9 4 7 2 3 4 7 5 8
F1855 5 5 2 7 7 18 3 4 7 9 2 2 5 5 4 7
F1856 0 10 7 7 8 16 5 0 9 9 2 2 3 5 5 7
F1857 5 5 2 2 8 14 4 8 7 9 2 2 4 4 4 5
F1858 5 5 7 8 8 15 5 0 7 7 0 2 6 7 5 5
F1859 5 5 2 8 8 8 8 11 9 9 2 2 6 7 3 7
F1860 6 10 2 7 14 16 5 5 7 7 2 0 0 7 3 4
F1861 5 5 2 6 15 15 8 8 7 7 2 2 4 5 4 4
F1862 5 5 2 2 14 15 5 7 1 0 2 3 0 7 4 6
F1863 5 5 3 7 8 13 5 11 7 7 2 3 2 5 4 6
F1864 5 5 2 6 15 15 4 0 0 9 3 5 5 5 4 8
F1865 5 6 2 8 13 15 5 5 7 8 2 2 5 9 3 6
F1866 1 6 3 7 7 0 8 10 0 9 3 4 4 7 4 5
F1868 4 5 2 6 5 15 5 5 7 7 2 4 3 3 4 6
F1869 5 5 8 9 8 14 8 9 7 8 2 5 6 6 3 7
F1871 5 8 2 8 13 14 7 9 8 9 2 2 4 6 5 9
F1872 5 10 2 7 7 15 4 11 4 7 2 3 3 5 5 5
F1873 5 5 7 7 8 8 5 9 1 5 2 4 5 7 4 6
F1874 5 5 7 8 8 8 7 8 8 9 2 2 4 6 6 6
F1875 5 5 7 8 8 15 10 10 8 9 2 3 5 7 4 6
F1876 5 5 7 8 8 15 5 8 7 7 2 3 5 6 3 5
F1877 5 5 0 8 8 13 8 8 7 7 2 2 0 6 4 5
F1878 4 5 2 6 8 15 6 7 7 9 2 2 5 0 4 0
F1879 1 1 3 9 13 16 9 14 4 12 3 3 6 7 5 6
F1880 5 5 2 8 8 8 8 9 7 9 2 4 5 6 5 6
F1881 5 10 0 8 8 16 7 8 4 02 2 2 3 5 4 5
F1882 5 0 7 7 14 16 5 0 4 7 2 2 4 4 4 5
F1883 5 5 2 8 15 15 8 9 4 8 2 8 4 7 5 5
F1884 5 0 7 8 13 15 5 10 0 8 3 3 5 5 3 6
F1885 5 6 3 7 8 15 4 4 8 9 3 4 1 4 5 6
F1886 4 5 2 2 7 15 8 8 8 8 2 4 6 6 6 6
F1887 5 5 2 8 8 15 6 6 4 7 2 2 5 6 3 5
F1888 5 5 2 7 8 8 4 5 1 8 2 3 6 6 5 6
F1889 5 5 3 7 7 15 8 8 4 6 2 2 5 7 4 9
F1890 5 8 7 9 8 8 8 8 7 7 2 2 5 5 5 7
F1891 5 5 6 6 7 13 4 4 9 12 2 2 5 5 5 5
F1892 5 5 7 7 15 16 4 9 8 9 2 2 1 4 4 7
F1893 5 5 2 8 8 8 7 9 8 8 4 8 5 5 6 8
F1894 4 4 8 8 15 16 4 8 8 9 2 4 5 6 6 6
F1895 5 10 2 2 2 13 11 11 4 9 2 3 5 6 5 6
F1896 5 5 2 2 8 15 8 11 4 9 2 4 4 5 6 6
F1897 5 5 3 3 7 8 7 10 4 7 2 2 4 7 4 7
F1898 5 5 2 2 7 8 4 11 7 9 2 3 5 5 4 8
F1899 1 5 2 8 13 15 7 7 0 7 2 2 4 7 5 0
F1900 4 5 2 0 3 8 5 5 4 0 2 4 2 5 4 5
F1901 4 6 2 2 0 16 7 8 7 9 2 3 1 7 0 5
F1902 4 8 7 7 15 15 8 10 1 7 2 2 1 1 6 6
F1903 5 7 0 2 8 14 4 6 7 9 2 2 5 6 0 7
F1904 5 5 2 7 7 9 4 9 3 4 2 3 2 6 5 6
F1905 5 6 2 8 15 15 7 8 7 12 1 2 6 6 5 5
F1906 1 5 3 7 13 05 7 7 7 9 0 3 4 4 4 6
F1907 5 5 2 7 8 16 4 6 9 12 2 2 3 4 4 4
F1908 0 5 2 8 7 8 4 5 4 0 3 3 5 5 4 6
F1909 5 6 3 0 7 13 4 8 0 8 1 3 1 3 6 6
F1910 5 5 2 2 15 07 4 11 7 12 2 3 4 0 4 6
F1911 5 5 2 6 14 17 8 9 4 4 2 2 4 5 6 6
F1912 5 0 7 8 14 15 9 11 4 4 2 2 4 5 5 0
F1913 4 5 3 7 15 16 5 0 7 11 2 0 2 6 6 6
F1914 1 10 6 8 8 8 5 8 4 4 2 4 5 5 4 7
F1915 5 5 2 7 15 15 8 8 8 8 2 2 5 7 4 5
F1916 5 10 2 8 8 13 8 10 4 7 2 2 2 4 3 6
F1917 8 10 2 9 7 15 6 6 0 9 2 2 4 0 5 5
F1918 5 5 2 2 13 15 2 10 4 7 2 2 5 5 4 7
F1919 5 5 2 2 4 8 7 11 4 7 2 2 2 2 4 5
F1920 5 5 3 5 8 15 0 5 4 4 2 0 6 6 3 3