      3892         8      3892         1  2  0  0  1
         1         2         3         4         5         6         7         8         9        10
        11        12        13        14
 0.0580000 0.0010000 0.0050000 0.0540000 0.7135000 0.0990000 0.0001000 0.0200000 0.0020000 0.0354000
 0.0070000 0.0030000 0.0010000 0.0010000
         1         2         3         4         5         6         7         8         9        10
 0.0094000 0.2400000 0.0950000 0.0016000 0.0401000 0.0730000 0.2897000 0.1942000 0.0552000 0.0018000
         1         2         3         4         5         6         7         8         9        10
        11        12        13        14        15        16        17        18
 0.0012000 0.0003000 0.0015000 0.0006000 0.0012000 0.0006000 0.1164000 0.3006000 0.0027000 0.0021000
 0.0029000 0.0009000 0.0885000 0.0730000 0.2832000 0.1136000 0.0095000 0.0011000
         1         2         3         4         5         6         7         8         9        10
        11        12        13        14
 0.0003000 0.0050000 0.0040000 0.1106000 0.1822000 0.1022000 0.1359000 0.1876000 0.1123000 0.0647000
 0.0889000 0.0061000 0.0001000 0.0001000
         1         2         3         4         5         6         7         8         9        10
        11        12        13        14
 0.0141000 0.0040000 0.0254000 0.1788000 0.0029000 0.0111000 0.3882000 0.1380000 0.1655000 0.0117000
 0.0046000 0.0420000 0.0136000 0.0001000
         1         2         3         4         5         6         7         8
 0.0325000 0.6167000 0.2554000 0.0727000 0.0174000 0.0001000 0.0006000 0.0046000
         1         2         3         4         5         6         7         8         9        10
        11
 0.0343000 0.0633000 0.0966000 0.1782000 0.2646000 0.2287000 0.0945000 0.0026000 0.0338000 0.0011000
 0.0023000
         1         2         3         4         5         6         7         8         9        10
 0.0001000 0.0040000 0.0915000 0.2372000 0.2900000 0.2585000 0.0769000 0.0366000 0.0044000 0.0008000
 0 0 0 0 0 0 0 0
 0.0500000 0.0500000 0.0500000 0.0500000 0.0500000 0.0500000 0.0500000 0.0500000
 0.0100000 0.0100000 0.0100000 0.0100000 0.0100000 0.0100000 0.0100000 0.0100000
 0.5600000 0.9400000      1075      1805
         0
         0
         0
         0
