14 134 136 186 186 248 248 228 228 215 215 169 185 243 255 224 228
52 125 125 186 190 268 288 228 228 215 215 169 169 238 238 220 224
61 125 125 186 186 268 288 228 229 215 218 169 169 238 243 212 212
68 125 125 186 186 288 288 228 237 215 220 169 177 247 251 220 220
87 125 134 186 186 268 290 226 226 215 215 177 177 247 255 212 220
94 125 134 186 186 268 288 226 226 215 215 169 169 243 259 220 220
95 125 134 186 186 268 288 226 228 215 218 169 169 255 255 212 220
96 125 134 186 186 288 288 237 237 215 215 169 169 238 243 212 212
100 125 134 186 186 268 286 226 226 218 218 169 169 247 251 212 224
101 125 134 186 186 268 286 226 228 214 218 169 169 247 251 212 220
110 134 134 177 190 268 268 228 228 214 215 169 169 255 263 212 212
129 134 134 186 190 288 288 226 228 214 218 169 169 238 259 212 228
147 134 134 183 186 288 290 228 228 214 214 177 177 247 247 216 220
203 134 134 186 186 268 290 228 228 215 215 169 169 247 259 212 228
211 134 134 186 186 268 268 228 237 214 218 177 177 243 255 220 224
220 134 134 186 186 268 268 228 228 214 215 169 177 251 255 212 212
233 134 134 186 186 288 290 226 237 218 218 169 177 243 247 220 232
239 134 134 186 186 288 290 228 228 215 215 169 177 243 247 224 232
284 134 134 186 186 288 288 226 237 214 215 169 169 259 259 212 220
309 134 134 186 186 288 288 228 228 214 218 169 177 247 255 220 220
313 134 134 186 186 286 293 226 228 215 218 169 169 247 259 212 220
317 134 134 186 186 268 286 226 228 214 215 177 177 255 263 212 224
332 134 134 186 186 286 288 226 228 215 218 169 169 247 247 220 228
337 134 134 186 186 286 288 228 228 214 215 169 177 247 259 220 220
347 134 134 186 186 0 0 226 228 215 215 169 169 255 255 212 220
355 132 136 186 186 268 290 228 228 214 214 177 177 247 263 220 228
358 129 136 183 186 268 288 228 228 215 215 169 169 243 255 220 228
359 129 136 183 186 268 286 226 228 215 218 169 169 247 247 220 220
360 129 136 177 186 268 286 229 229 218 218 169 177 255 255 228 228
361 129 136 186 186 268 290 229 229 218 218 181 181 238 238 212 228
362 129 136 186 186 268 288 226 237 215 218 177 177 243 259 212 228
373 125 136 183 186 288 288 226 228 215 215 169 177 247 259 212 220
383 125 136 186 186 268 268 228 229 214 214 169 177 247 251 212 220
387 125 136 186 186 288 290 235 237 214 215 169 169 238 243 224 224
390 125 136 186 186 288 290 226 228 215 218 169 177 243 259 212 224
392 125 136 186 186 268 288 228 237 215 218 169 177 238 243 220 228
393 125 136 186 186 268 288 226 228 215 218 169 169 243 259 212 220
399 125 136 186 186 288 288 228 235 214 215 169 169 243 247 220 220
400 125 136 186 186 288 288 228 235 215 218 169 181 238 243 212 228
405 125 136 186 186 288 288 228 228 215 215 169 177 247 259 220 224
410 125 136 186 186 268 286 228 229 214 218 169 169 243 251 220 224
414 125 136 186 186 286 288 226 228 215 218 169 169 247 259 212 220
420 134 136 190 190 268 286 226 228 214 215 173 173 243 247 212 220
434 134 136 186 190 268 290 226 228 215 218 169 169 255 259 212 220
439 134 136 186 190 268 268 228 228 215 218 177 177 238 247 212 224
440 134 136 186 190 288 293 226 228 215 215 177 177 247 247 220 220
443 134 136 186 190 288 290 228 237 215 218 169 173 243 247 220 224
444 134 136 186 190 288 290 228 229 215 215 169 173 247 255 220 228
447 134 136 186 190 288 290 228 228 215 218 177 177 238 243 220 224
448 134 136 186 190 268 288 228 237 214 215 169 177 238 247 220 220
450 134 136 186 190 268 288 228 237 215 218 169 177 247 251 212 220
452 134 136 186 190 268 288 228 235 214 218 169 177 251 255 220 220
453 134 136 186 190 268 288 226 228 215 215 177 177 247 259 212 220
458 134 136 186 190 268 288 226 228 218 218 169 169 243 247 220 224
459 134 136 186 190 268 288 228 228 215 220 169 177 243 251 224 236
460 134 136 186 190 268 288 228 228 215 215 169 177 247 259 220 224
465 134 136 186 190 288 288 226 228 215 218 169 177 243 247 212 220
469 134 136 186 190 288 288 228 228 215 215 169 169 238 247 212 220
470 134 136 186 190 288 288 228 228 214 215 169 169 255 255 212 228
473 134 136 186 190 288 288 228 228 214 218 169 169 255 259 220 224
481 134 136 186 190 286 288 228 228 214 218 169 177 238 255 220 228
482 134 136 186 190 286 286 228 235 215 218 169 177 247 255 212 220
492 134 136 183 186 268 288 228 235 215 215 169 177 243 263 212 220
493 134 136 183 186 268 288 226 228 214 214 169 169 247 255 224 228
496 134 136 183 186 268 288 228 228 215 218 169 169 238 243 212 228
503 134 136 183 186 288 288 226 228 214 215 169 177 255 259 220 228
504 134 136 183 186 288 288 228 228 214 215 177 177 247 263 220 224
525 134 136 186 188 0 0 228 229 214 218 169 169 247 259 212 220
527 134 136 177 186 290 290 228 237 218 218 169 169 243 255 212 220
530 134 136 177 186 268 290 228 228 214 215 169 177 255 255 220 228
538 134 136 177 186 288 290 228 228 215 218 169 169 243 247 220 224
540 134 136 177 186 268 288 228 235 214 218 169 177 251 255 212 220
550 134 136 177 186 268 286 228 228 214 218 169 169 238 255 212 220
553 134 136 177 186 286 288 228 228 214 218 169 169 243 243 220 224
558 134 136 186 186 290 290 228 228 214 215 169 177 243 243 220 220
574 134 136 186 186 268 290 226 228 218 218 169 177 243 251 224 228
585 134 136 186 186 268 268 226 237 214 214 169 177 243 247 212 212
586 134 136 186 186 268 268 226 237 215 218 169 173 247 251 220 220
590 134 136 186 186 268 268 228 235 215 215 169 177 247 259 220 224
595 134 136 186 186 268 268 226 228 214 218 169 177 247 251 220 220
596 134 136 186 186 268 268 228 228 214 215 169 177 259 259 220 224
597 134 136 186 186 268 268 228 228 214 215 169 169 247 247 212 220
600 134 136 186 186 268 268 228 228 214 218 177 177 243 243 212 220
602 134 136 186 186 288 293 228 228 214 214 169 177 238 247 212 212
603 134 136 186 186 288 293 228 228 218 218 169 177 243 247 220 228
608 134 136 186 186 288 290 226 237 214 220 169 177 234 263 212 228
611 134 136 186 186 288 290 228 237 215 220 169 177 243 255 220 224
614 134 136 186 186 288 290 228 237 215 215 177 177 243 247 220 224
618 134 136 186 186 288 290 228 237 214 214 169 169 243 247 220 224
619 134 136 186 186 288 290 228 237 215 218 177 177 243 251 212 232
621 134 136 186 186 288 290 228 237 215 218 169 177 243 247 212 220
622 134 136 186 186 288 290 228 237 214 218 169 169 251 259 220 220
631 134 136 186 186 288 290 226 228 214 218 169 177 255 255 220 232
633 134 136 186 186 288 290 226 228 218 218 173 177 243 247 212 224
638 134 136 186 186 288 290 228 228 214 215 169 169 247 247 212 220
646 134 136 186 186 268 288 226 237 215 215 169 177 238 243 212 212
650 134 136 186 186 268 288 226 235 214 214 169 169 243 255 212 228
653 134 136 186 186 268 288 226 226 214 214 169 169 243 259 220 220
658 134 136 186 186 268 288 228 237 214 215 169 177 243 259 212 212
661 134 136 186 186 268 288 228 237 214 218 177 177 247 247 212 212
665 134 136 186 186 268 288 228 235 215 218 169 177 243 247 224 228
666 134 136 186 186 268 288 228 235 214 218 169 173 243 259 220 220
672 134 136 186 186 268 288 226 228 215 215 169 169 243 247 220 232
673 134 136 186 186 268 288 226 228 215 215 169 169 247 247 212 220
674 134 136 186 186 268 288 226 228 214 215 169 177 247 251 220 220
677 134 136 186 186 268 288 226 228 214 215 169 169 247 255 212 228
679 134 136 186 186 268 288 226 228 214 214 169 169 247 263 220 228
680 134 136 186 186 268 288 226 228 214 214 169 169 255 259 220 220
683 134 136 186 186 268 288 226 228 215 218 169 177 255 263 212 220
684 134 136 186 186 268 288 226 228 215 218 169 169 247 251 224 228
690 134 136 186 186 268 288 226 228 218 218 169 177 247 251 212 224
691 134 136 186 186 268 288 226 228 218 218 169 169 251 259 220 232
698 134 136 186 186 268 288 228 228 215 215 169 169 247 251 220 228
700 134 136 186 186 268 288 228 228 215 215 169 169 243 247 212 220
715 134 136 186 186 268 288 228 228 214 218 169 169 251 270 212 224
735 134 136 186 186 288 288 228 235 214 218 169 177 243 259 220 220
744 134 136 186 186 288 288 226 228 218 218 169 177 259 259 212 224
751 134 136 186 186 288 288 228 228 215 215 169 169 243 247 212 220
752 134 136 186 186 288 288 228 228 214 215 177 177 238 255 212 220
769 134 136 186 186 268 286 228 237 215 215 169 169 243 247 220 220
773 134 136 186 186 268 286 228 228 214 215 169 169 247 251 220 220
782 134 136 186 186 286 288 226 226 215 215 169 169 255 263 228 236
783 134 136 186 186 286 288 226 226 215 218 169 169 247 247 212 220
784 134 136 186 186 286 288 228 237 215 215 169 169 238 247 220 224
785 134 136 186 186 286 288 228 237 215 218 169 177 238 247 220 224
797 134 136 186 186 286 288 228 228 215 218 169 169 247 255 220 220
808 134 136 186 186 0 0 228 229 218 218 169 169 238 259 212 228
809 134 136 186 186 0 0 226 228 215 218 169 169 243 247 212 224
827 136 136 183 190 268 288 226 228 214 218 169 177 243 247 212 224
828 136 136 183 190 288 288 228 228 214 215 169 169 247 259 212 220
847 136 136 177 177 268 268 228 228 218 218 181 181 238 255 212 220
856 136 136 177 177 268 286 228 228 218 218 165 169 238 238 212 220
859 136 136 184 186 0 0 226 226 218 218 0 0 243 251 224 228
862 136 136 186 190 290 290 226 228 214 215 169 169 247 247 220 220
874 136 136 186 190 268 290 237 237 215 218 169 177 259 259 220 236
877 136 136 186 190 268 268 226 228 214 215 169 169 243 255 220 228
885 136 136 186 190 288 290 226 228 215 218 169 177 243 247 220 220
889 136 136 186 190 288 290 228 228 215 218 177 177 243 247 212 220
899 136 136 186 190 268 288 228 237 214 215 169 169 247 251 220 224
903 136 136 186 190 268 288 226 228 214 215 169 177 243 251 212 220
906 136 136 186 190 268 288 228 228 215 218 169 177 243 259 212 220
907 136 136 186 190 268 288 228 228 215 218 169 177 243 247 212 220
908 136 136 186 190 268 288 228 228 214 218 169 177 243 255 212 220
918 136 136 186 190 288 288 226 228 215 218 169 177 251 251 212 220
919 136 136 186 190 288 288 226 228 215 218 169 169 255 259 212 224
922 136 136 186 190 286 293 228 235 214 214 177 177 243 243 212 220
940 136 136 183 186 268 268 226 226 214 218 169 169 247 255 220 220
944 136 136 183 186 288 290 228 228 215 218 169 177 255 259 224 228
951 136 136 183 186 268 288 226 228 214 218 169 177 255 259 220 228
952 136 136 183 186 268 288 228 228 214 215 169 169 243 255 228 232
953 136 136 183 186 288 288 237 237 215 215 169 169 247 255 212 220
963 136 136 183 186 288 288 226 228 214 215 177 177 247 251 220 224
977 136 136 183 186 286 288 228 237 215 215 177 177 255 259 212 220
983 136 136 186 188 288 290 226 228 215 218 169 169 255 263 220 220
986 136 136 186 188 288 288 226 228 215 218 169 169 263 263 220 228
989 136 136 186 188 268 286 226 228 214 214 169 177 247 259 212 220
993 136 136 186 188 0 0 226 228 0 0 169 169 255 255 220 220
1016 136 136 177 186 268 290 228 229 215 218 169 177 238 255 212 228
1021 136 136 177 186 268 290 226 228 215 218 169 177 243 243 212 220
1028 136 136 177 186 268 290 228 228 214 218 169 169 238 243 212 220
1032 136 136 177 186 268 268 229 229 218 218 169 177 243 255 212 216
1035 136 136 177 186 268 268 228 237 214 215 169 177 243 247 220 224
1036 136 136 177 186 268 268 228 229 215 218 169 169 238 238 212 220
1043 136 136 177 186 268 268 226 228 214 215 169 177 238 247 220 220
1045 136 136 177 186 268 268 226 228 218 218 169 169 238 255 212 212
1057 136 136 177 186 268 268 228 228 218 218 169 177 238 255 212 228
1059 136 136 177 186 268 268 228 228 218 218 169 169 238 238 212 220
1067 136 136 177 186 288 290 229 235 215 215 169 177 251 251 212 216
1068 136 136 177 186 288 290 228 237 214 218 169 177 251 259 232 236
1069 136 136 177 186 288 290 228 229 215 215 169 181 251 255 212 220
1075 136 136 177 186 268 288 228 237 218 218 169 177 247 255 220 228
1076 136 136 177 186 268 288 228 229 214 218 169 177 247 251 220 228
1079 136 136 177 186 268 288 226 228 214 214 169 173 251 251 220 220
1082 136 136 177 186 288 288 226 228 214 218 169 177 243 251 212 232
1086 136 136 177 186 286 293 228 228 214 218 169 177 238 255 212 220
1090 136 136 177 186 286 290 228 229 215 218 169 181 238 255 212 228
1092 136 136 177 186 286 290 228 229 218 218 165 181 255 255 212 220
1097 136 136 177 186 268 286 229 241 218 218 169 181 238 247 212 220
1104 136 136 177 186 268 286 228 229 218 218 169 181 238 255 212 220
1106 136 136 177 186 268 286 228 229 218 218 169 177 243 255 212 212
1109 136 136 177 186 268 286 228 228 215 218 177 181 238 255 212 220
1110 136 136 177 186 268 286 228 228 215 218 169 177 238 255 212 220
1116 136 136 177 186 286 288 226 228 215 218 169 173 247 259 212 212
1140 136 136 186 186 290 290 226 228 218 218 169 181 238 238 212 212
1144 136 136 186 186 290 290 228 228 214 215 169 169 243 251 212 228
1155 136 136 186 186 268 290 226 237 215 215 169 169 247 247 224 224
1160 136 136 186 186 268 290 226 229 218 218 169 181 238 238 220 228
1164 136 136 186 186 268 290 226 226 215 215 169 169 243 247 220 220
1165 136 136 186 186 268 290 226 226 215 218 169 169 247 247 220 220
1168 136 136 186 186 268 290 228 229 215 222 169 181 238 238 220 220
1177 136 136 186 186 268 290 228 235 215 218 169 173 247 259 220 220
1195 136 136 186 186 268 290 228 228 214 214 177 177 247 263 220 228
1221 136 136 186 186 268 268 229 229 215 215 169 169 238 238 216 220
1229 136 136 186 186 268 268 229 229 218 218 169 169 238 255 212 216
1238 136 136 186 186 268 268 226 229 218 218 169 177 238 255 220 228
1243 136 136 186 186 268 268 228 241 215 218 177 181 255 255 212 220
1244 136 136 186 186 268 268 228 237 215 215 169 169 247 247 212 220
1251 136 136 186 186 268 268 228 229 215 218 165 169 238 255 212 220
1252 136 136 186 186 268 268 228 229 214 218 169 177 238 251 212 212
1254 136 136 186 186 268 268 228 229 218 218 177 181 255 255 212 220
1255 136 136 186 186 268 268 228 229 218 218 177 177 255 255 212 228
1269 136 136 186 186 268 268 226 228 215 215 169 169 247 247 212 220
1270 136 136 186 186 268 268 226 228 214 215 169 177 243 243 212 220
1273 136 136 186 186 268 268 226 228 215 218 169 177 243 247 212 220
1282 136 136 186 186 268 268 228 228 215 215 169 177 243 243 224 228
1293 136 136 186 186 268 268 228 228 215 218 169 177 247 255 212 220
1294 136 136 186 186 268 268 228 228 214 218 169 169 243 251 220 220
1299 136 136 186 186 268 268 228 228 218 218 169 177 238 247 212 228
1332 136 136 186 186 288 290 228 237 214 215 169 177 243 247 220 232
1335 136 136 186 186 288 290 228 237 214 218 169 177 243 255 212 212
1341 136 136 186 186 288 290 228 235 214 215 169 177 243 255 212 220
1349 136 136 186 186 288 290 226 228 214 215 169 177 247 263 212 220
1350 136 136 186 186 288 290 226 228 214 215 169 169 247 263 220 220
1360 136 136 186 186 288 290 228 228 215 215 169 169 238 259 212 228
1362 136 136 186 186 288 290 228 228 214 215 177 177 247 251 220 220
1373 136 136 186 186 268 288 226 237 215 220 169 169 243 247 220 220
1379 136 136 186 186 268 288 226 237 214 218 169 169 247 259 220 224
1385 136 136 186 186 268 288 226 226 214 215 177 177 243 247 220 224
1395 136 136 186 186 268 288 228 237 214 215 169 177 238 259 212 220
1397 136 136 186 186 268 288 228 237 214 215 169 169 247 259 212 220
1401 136 136 186 186 268 288 228 237 214 218 169 177 238 255 220 220
1405 136 136 186 186 268 288 228 229 215 215 177 177 238 255 212 212
1406 136 136 186 186 268 288 228 229 214 215 169 177 247 255 212 220
1420 136 136 186 186 268 288 226 228 215 215 169 169 243 247 212 220
1423 136 136 186 186 268 288 226 228 214 215 169 183 243 247 220 220
1427 136 136 186 186 268 288 226 228 214 214 169 173 243 255 220 220
1442 136 136 186 186 268 288 226 228 214 218 169 177 247 259 212 220
1445 136 136 186 186 268 288 226 228 214 218 169 169 251 255 212 220
1450 136 136 186 186 268 288 226 228 214 215 169 177 247 247 212 212
1454 136 136 186 186 268 288 226 228 215 218 169 169 238 247 212 220
1455 136 136 186 186 268 288 226 228 214 218 169 177 247 259 216 220
1463 136 136 186 186 268 288 228 228 215 215 169 177 263 263 212 212
1471 136 136 186 186 268 288 228 228 214 215 169 169 247 259 212 212
1472 136 136 186 186 268 288 228 228 214 215 169 169 243 247 212 220
1476 136 136 186 186 268 288 228 228 215 218 177 177 247 247 212 224
1477 136 136 186 186 268 288 228 228 215 218 169 173 247 247 220 224
1482 136 136 186 186 268 288 228 228 215 218 169 169 251 255 212 224
1488 136 136 186 186 268 288 228 228 214 218 169 169 243 259 220 224
1494 136 136 186 186 268 288 228 228 215 218 169 177 251 251 212 220
1510 136 136 186 186 288 288 226 237 214 218 169 177 238 247 220 220
1523 136 136 186 186 288 288 226 226 214 218 169 169 243 263 220 228
1533 136 136 186 186 288 288 228 237 214 215 169 177 238 255 220 220
1535 136 136 186 186 288 288 228 237 215 218 169 177 238 255 212 220
1544 136 136 186 186 288 288 228 229 214 215 169 169 238 238 212 212
1550 136 136 186 186 288 288 228 235 215 218 169 169 238 238 212 216
1556 136 136 186 186 288 288 226 228 215 215 169 169 243 247 220 220
1583 136 136 186 186 288 288 228 228 215 220 169 177 247 259 220 224
1594 136 136 186 186 288 288 228 228 214 215 169 169 238 247 212 220
1595 136 136 186 186 288 288 228 228 214 215 169 169 243 255 212 232
1602 136 136 186 186 288 288 228 228 215 218 169 169 247 267 220 220
1627 136 136 186 186 286 290 228 229 218 218 177 181 238 255 212 220
1642 136 136 186 186 268 286 229 229 218 218 165 181 238 255 212 220
1651 136 136 186 186 268 286 228 237 215 215 169 169 238 243 212 224
1654 136 136 186 186 268 286 228 229 214 222 165 169 238 255 212 228
1682 136 136 186 186 268 286 226 228 214 218 169 177 255 263 220 220
1683 136 136 186 186 268 286 226 228 214 218 169 169 243 247 220 224
1690 136 136 186 186 268 286 228 228 215 218 169 169 247 259 212 220
1694 136 136 186 186 268 286 228 228 218 218 169 181 238 255 212 220
1696 136 136 186 186 268 286 228 228 218 218 169 177 238 243 208 212
1706 136 136 186 186 286 288 226 235 215 220 169 177 247 259 224 236
1714 136 136 186 186 286 288 228 235 215 218 169 169 238 270 220 220
1718 136 136 186 186 286 288 226 228 215 215 177 177 243 247 216 220
1732 136 136 186 186 286 288 228 228 214 215 169 177 247 259 220 224
1733 136 136 186 186 286 288 228 228 214 214 169 169 243 259 212 220
1736 136 136 186 186 286 288 228 228 218 218 169 169 243 247 212 220
1741 136 136 186 186 286 286 228 229 214 218 169 169 251 255 228 228
1742 136 136 186 186 286 286 228 229 214 218 169 169 238 255 216 220
1744 136 136 186 186 286 286 226 228 214 215 169 169 247 251 212 224
1746 136 136 186 186 286 286 228 228 215 215 169 169 238 247 212 212
1748 136 136 186 186 286 286 0 0 207 215 169 177 255 255 220 220
1754 136 136 186 186 0 0 228 229 215 215 169 169 251 251 220 220
1758 136 136 186 186 0 0 228 235 215 218 169 169 247 259 220 224
1759 136 136 186 186 0 0 226 228 215 215 169 177 243 247 212 220
1761 136 136 186 186 0 0 226 228 215 218 169 169 255 255 220 224
1762 136 136 186 186 0 0 226 228 214 218 169 169 243 247 212 220
1766 136 136 186 186 0 0 228 228 214 218 169 177 255 255 220 228
1776 136 136 175 177 268 268 229 241 218 218 169 169 255 259 212 212
1777 136 136 175 177 268 268 228 228 215 218 169 169 238 238 212 220
1783 136 136 175 177 268 286 228 241 218 218 169 169 238 238 212 228
1785 136 136 175 177 268 286 228 229 218 218 177 181 238 255 212 216
1793 136 136 175 186 268 290 228 229 218 218 165 169 238 255 220 228
1795 136 136 175 186 268 290 228 228 218 218 169 177 255 255 212 212
1802 136 136 175 186 268 268 226 228 218 218 169 169 238 255 212 228
1806 136 136 175 186 268 268 228 228 218 218 169 181 238 255 216 228
1809 136 136 175 186 268 288 226 228 215 218 169 169 238 243 220 232
1810 136 136 175 186 268 288 228 228 218 222 169 177 238 255 220 228
1811 136 136 175 186 268 288 228 228 215 218 169 177 238 255 212 228
1812 136 136 175 186 268 288 228 228 218 218 169 169 238 247 212 220
1815 136 136 175 186 286 290 228 229 218 218 181 181 238 238 212 228
1818 136 136 175 186 268 286 229 229 215 218 169 169 238 238 212 220
1819 136 136 175 186 268 286 226 229 215 215 169 169 238 255 212 212
1823 136 136 175 186 268 286 228 229 215 218 165 169 255 255 212 220
1824 136 136 175 186 268 286 228 229 218 218 181 181 238 255 212 220
1827 136 136 175 186 268 286 226 228 218 218 169 169 238 255 220 228
1828 136 136 175 186 268 286 228 228 215 218 169 181 255 255 212 220
1830 136 136 175 186 286 288 228 229 214 218 169 181 238 255 212 220
1831 136 136 175 186 286 286 228 229 215 218 169 181 251 255 212 212
1833 136 136 175 186 286 286 226 228 214 218 169 177 238 255 216 220
1834 136 136 175 186 286 286 226 228 218 218 169 177 238 238 220 220
1838 136 136 175 186 0 0 226 228 215 218 169 169 238 243 212 220
1853 134 136 186 188 286 288 228 228 215 215 169 169 238 238 220 224
1860 0 0 177 186 0 0 226 228 214 215 169 169 247 255 220 224
1864 136 136 186 186 268 290 228 229 218 218 169 169 238 255 212 220
1876 134 136 186 186 268 288 226 237 214 218 169 177 243 247 212 220
1895 136 136 186 186 288 288 226 226 215 218 169 169 247 247 220 224
15 136 136 186 186 268 286 226 228 0 0 169 169 243 247 212 220
50 125 125 183 183 288 288 228 228 215 218 177 177 243 255 220 220
53 125 125 186 190 288 288 226 237 218 218 169 169 243 255 212 220
60 125 125 186 186 288 290 228 237 214 214 169 177 247 247 212 220
62 125 125 186 186 268 288 228 228 214 220 169 169 247 247 212 220
72 125 125 186 186 288 288 228 228 215 215 169 177 247 259 220 224
73 125 125 186 186 286 288 226 228 218 220 169 177 243 243 216 220
81 125 134 183 186 268 268 228 229 214 218 169 177 243 251 212 212
84 125 134 183 186 288 288 228 228 215 218 169 169 238 243 220 228
85 125 134 183 186 288 288 228 228 215 218 169 169 238 243 220 220
105 134 134 190 190 268 286 228 228 214 218 177 177 255 255 212 232
109 134 134 177 190 268 290 228 228 214 214 169 177 247 255 220 228
112 134 134 184 186 268 290 226 229 0 0 169 169 0 0 212 212
114 134 134 186 190 268 290 226 228 214 215 169 177 247 259 212 220
118 134 134 186 190 268 268 228 237 215 218 169 177 251 259 212 232
119 134 134 186 190 268 268 228 228 214 218 177 177 243 259 220 228
121 134 134 186 190 268 288 226 226 218 218 169 169 234 234 232 232
128 134 134 186 190 288 288 226 228 215 215 169 177 238 247 224 224
133 134 134 186 190 268 286 226 228 214 214 169 177 251 263 220 228
134 134 134 186 190 286 288 226 226 214 214 169 169 238 247 212 220
145 134 134 183 186 288 290 228 228 215 224 169 177 247 259 224 224
164 134 134 186 188 268 286 229 229 212 215 169 169 251 251 212 220
165 134 134 186 188 268 286 228 229 215 215 169 169 251 251 220 220
172 134 134 177 186 290 290 228 228 215 218 169 169 247 247 220 228
173 134 134 177 186 268 290 226 235 215 228 169 177 243 243 228 228
174 134 134 177 186 268 290 226 228 215 218 169 177 243 255 212 220
178 134 134 177 186 268 268 228 237 215 218 177 177 255 255 212 220
179 134 134 177 186 268 268 228 228 214 224 169 177 251 259 224 228
181 134 134 177 186 268 288 228 228 212 215 169 177 259 259 212 212
185 134 134 177 186 268 286 228 228 214 214 169 169 259 259 212 220
192 134 134 186 186 268 290 226 226 214 215 169 169 247 247 212 220
195 134 134 186 186 268 290 226 228 215 215 169 177 243 243 216 224
196 134 134 186 186 268 290 226 228 214 215 169 169 247 247 212 220
199 134 134 186 186 268 290 228 228 212 215 177 177 247 255 212 228
200 134 134 186 186 268 290 228 228 212 215 169 177 247 247 212 212
201 134 134 186 186 268 290 228 228 212 215 169 169 243 259 212 220
202 134 134 186 186 268 290 228 228 215 215 169 169 259 259 212 228
205 134 134 186 186 268 290 228 228 214 220 169 169 255 255 212 220
207 134 134 186 186 268 268 229 229 215 215 169 169 247 251 220 220
209 134 134 186 186 268 268 226 226 214 218 169 177 251 251 212 220
213 134 134 186 186 268 268 226 228 214 226 177 177 255 259 220 228
214 134 134 186 186 268 268 226 228 214 215 177 177 251 255 212 220
218 134 134 186 186 268 268 228 228 212 215 177 177 247 255 212 212
219 134 134 186 186 268 268 228 228 212 215 177 177 247 255 212 228
224 134 134 186 186 268 268 228 228 0 0 169 169 251 255 212 224
225 134 134 186 186 284 288 228 228 215 215 177 177 243 247 220 224
227 134 134 186 186 288 293 228 228 214 214 169 177 238 247 212 228
230 134 134 186 186 288 290 237 237 215 215 169 169 251 259 220 232
232 134 134 186 186 288 290 235 237 214 214 169 177 247 247 212 220
235 134 134 186 186 288 290 228 237 215 218 169 177 247 251 224 224
236 134 134 186 186 288 290 228 237 215 218 169 169 238 238 212 236
237 134 134 186 186 288 290 228 229 214 228 177 177 247 255 224 228
238 134 134 186 186 288 290 226 228 215 218 169 177 238 238 220 224
241 134 134 186 186 288 290 228 228 214 214 169 177 247 255 212 212
242 134 134 186 186 268 288 229 229 0 0 0 0 251 255 220 228
247 134 134 186 186 268 288 228 237 214 218 177 177 247 247 212 212
249 134 134 186 186 268 288 228 237 0 0 169 177 238 259 212 220
251 134 134 186 186 268 288 228 229 214 230 177 177 238 255 220 224
258 134 134 186 186 268 288 226 228 214 218 169 177 251 251 212 228
259 134 134 186 186 268 288 226 228 218 218 169 177 251 251 212 224
260 134 134 186 186 268 288 226 228 0 0 169 177 251 251 212 212
261 134 134 186 186 268 288 226 228 0 0 169 177 247 247 212 220
265 134 134 186 186 268 288 228 228 215 220 169 177 243 255 220 228
266 134 134 186 186 268 288 228 228 215 215 177 177 247 255 220 228
268 134 134 186 186 268 288 228 228 214 226 169 177 243 247 212 228
270 134 134 186 186 268 288 228 228 214 215 169 177 238 247 220 224
272 134 134 186 186 268 288 228 228 215 218 169 169 251 259 220 224
276 134 134 186 186 268 288 228 228 0 0 169 177 238 247 212 224
278 134 134 186 186 268 288 228 228 0 0 0 0 251 251 212 212
287 134 134 186 186 288 288 226 226 215 218 169 169 243 247 212 220
288 134 134 186 186 288 288 228 237 215 215 169 169 259 259 220 224
290 134 134 186 186 288 288 228 235 215 215 169 169 255 255 212 220
292 134 134 186 186 288 288 226 228 215 215 169 169 243 259 224 232
295 134 134 186 186 288 288 226 228 215 218 169 173 247 247 212 220
296 134 134 186 186 288 288 226 228 215 218 169 169 243 247 220 224
299 134 134 186 186 288 288 226 228 214 218 169 169 234 247 212 220
307 134 134 186 186 288 288 228 228 215 218 169 177 243 247 220 220
308 134 134 186 186 288 288 228 228 215 218 169 177 247 255 212 224
316 134 134 186 186 268 286 228 235 215 215 169 169 251 251 212 224
319 134 134 186 186 268 286 226 228 218 218 177 177 243 255 212 224
320 134 134 186 186 268 286 228 228 214 214 169 169 247 247 220 228
327 134 134 186 186 286 288 228 237 215 220 169 169 243 251 220 220
328 134 134 186 186 286 288 226 228 218 228 169 169 243 263 212 220
329 134 134 186 186 286 288 226 228 215 218 177 177 263 263 212 228
333 134 134 186 186 286 288 226 228 214 218 169 177 243 243 220 224
336 134 134 186 186 286 288 228 228 214 220 169 177 243 243 220 220
338 134 134 186 186 286 288 228 228 214 214 169 169 247 247 220 220
339 134 134 186 186 286 288 228 237 0 0 169 169 251 251 220 220
352 132 136 183 186 288 288 226 226 0 0 169 177 247 259 220 220
353 132 136 177 186 268 286 229 229 212 220 169 181 255 259 212 212
354 132 136 186 186 268 290 226 226 215 215 169 169 243 247 220 220
356 132 136 175 186 268 286 226 228 218 228 169 169 238 255 220 228
385 125 136 186 186 268 268 228 228 214 214 169 169 238 243 212 220
391 125 136 186 186 288 290 226 228 218 218 169 177 255 259 212 224
401 125 136 186 186 288 288 226 228 214 220 169 169 247 259 220 224
403 125 136 186 186 288 288 226 228 215 218 169 177 255 255 220 224
417 125 136 186 186 286 288 228 228 218 218 169 177 243 243 220 220
419 134 136 190 190 288 290 228 228 215 215 169 169 243 255 212 220
432 134 136 186 190 268 293 228 228 214 214 169 177 243 259 212 212
445 134 136 186 190 288 290 226 228 214 214 169 177 243 255 212 220
454 134 136 186 190 268 288 226 228 215 215 177 177 247 255 212 212
466 134 136 186 190 288 288 226 228 215 218 169 169 247 247 224 228
480 134 136 186 190 286 288 228 228 214 214 169 177 247 259 212 220
488 134 136 183 186 288 290 228 228 215 215 169 177 247 259 224 224
497 134 136 183 186 288 288 226 237 215 220 177 177 251 255 220 220
498 134 136 183 186 288 288 226 237 215 218 177 177 251 255 220 220
506 134 136 183 186 288 288 228 228 214 218 169 169 247 247 212 220
510 134 136 183 186 286 288 226 228 215 218 169 177 243 259 212 224
516 134 136 186 188 288 288 228 229 215 215 169 169 251 251 208 212
528 134 136 177 186 290 290 228 228 215 218 169 169 247 247 220 228
529 134 136 177 186 268 290 226 228 215 218 169 177 243 255 212 220
539 134 136 177 186 288 290 228 228 215 218 169 169 259 259 224 228
562 134 136 186 186 268 293 228 228 0 0 169 169 255 255 212 224
563 134 136 186 186 268 290 237 237 215 215 169 177 251 259 212 220
567 134 136 186 186 268 290 226 226 218 218 169 177 251 255 220 228
572 134 136 186 186 268 290 226 228 214 215 169 177 243 247 220 220
581 134 136 186 186 268 290 228 228 0 0 169 169 251 255 212 228
589 134 136 186 186 268 268 228 237 218 218 169 177 243 255 212 212
594 134 136 186 186 268 268 226 228 215 218 169 177 243 247 212 220
598 134 136 186 186 268 268 228 228 215 218 177 177 255 267 212 212
601 134 136 186 186 288 293 228 228 214 214 177 177 247 247 212 220
606 134 136 186 186 288 290 235 237 214 215 169 177 247 247 212 220
610 134 136 186 186 288 290 226 226 215 215 169 177 247 259 228 232
617 134 136 186 186 288 290 228 237 214 214 177 177 243 259 220 228
628 134 136 186 186 288 290 226 228 218 220 169 169 247 255 220 228
629 134 136 186 186 288 290 226 228 215 218 169 173 247 259 220 228
632 134 136 186 186 288 290 226 228 218 218 173 177 243 243 212 224
637 134 136 186 186 288 290 228 228 214 215 177 177 247 247 212 220
655 134 136 186 186 268 288 224 228 214 214 169 177 238 259 212 220
688 134 136 186 186 268 288 226 228 214 218 169 177 251 259 220 220
695 134 136 186 186 268 288 228 228 212 215 169 177 259 259 212 212
696 134 136 186 186 268 288 228 228 215 215 177 177 247 255 220 228
699 134 136 186 186 268 288 228 228 215 215 169 169 247 259 212 228
722 134 136 186 186 288 288 226 237 215 218 169 177 243 243 220 232
747 134 136 186 186 288 288 226 228 0 0 169 177 255 259 224 228
748 134 136 186 186 288 288 228 228 212 215 169 177 238 238 212 224
749 134 136 186 186 288 288 228 228 215 215 169 169 243 243 212 220
766 134 136 186 186 286 290 228 228 214 215 169 177 247 247 212 224
772 134 136 186 186 268 286 226 228 214 214 169 177 243 243 220 220
779 134 136 186 186 286 288 226 237 0 0 169 177 238 243 220 232
781 134 136 186 186 286 288 226 235 0 0 169 177 243 247 220 220
789 134 136 186 186 286 288 226 228 215 218 177 177 263 263 212 228
791 134 136 186 186 286 288 226 228 215 218 169 177 238 247 212 220
795 134 136 186 186 286 288 228 228 207 215 169 177 243 259 220 224
796 134 136 186 186 286 288 228 228 218 220 169 169 243 259 212 220
801 134 136 186 186 286 286 228 228 0 0 177 177 247 259 212 220
819 136 136 190 190 288 288 228 229 212 215 169 169 243 255 212 212
823 136 136 190 190 286 288 226 226 214 214 169 177 259 259 220 228
831 136 136 177 190 268 288 228 228 214 214 169 169 243 247 212 228
835 136 136 177 188 284 288 224 226 0 0 169 169 238 263 220 224
839 136 136 177 177 268 290 229 229 218 218 169 177 238 255 212 220
841 136 136 177 177 268 290 226 228 0 0 169 177 243 243 212 220
852 136 136 177 177 268 286 226 228 218 218 169 169 238 255 212 228
857 136 136 184 186 288 290 224 228 215 215 169 169 259 263 212 220
865 136 136 186 190 290 290 228 228 214 220 169 177 247 247 220 228
870 136 136 186 190 268 293 228 237 212 214 169 169 243 255 212 212
876 136 136 186 190 268 268 226 229 214 218 169 169 247 247 212 220
884 136 136 186 190 288 290 226 228 214 215 177 177 255 259 212 212
893 136 136 186 190 288 290 228 228 215 218 169 177 243 247 212 220
897 136 136 186 190 268 288 228 237 212 215 169 177 243 247 212 224
898 136 136 186 190 268 288 228 237 215 215 177 177 243 243 212 224
900 136 136 186 190 268 288 228 237 215 218 169 169 247 255 212 212
902 136 136 186 190 268 288 228 229 215 218 169 169 251 251 220 220
911 136 136 186 190 288 288 226 237 214 214 169 169 238 259 220 232
914 136 136 186 190 288 288 226 228 214 226 169 177 238 247 212 220
915 136 136 186 190 288 288 226 228 214 226 169 169 243 255 212 228
920 136 136 186 190 288 288 228 228 214 220 169 169 247 251 220 220
921 136 136 186 190 288 288 228 228 215 218 169 169 259 259 220 220
926 136 136 186 190 268 286 228 235 0 0 169 177 247 251 220 232
928 136 136 186 190 286 288 226 228 215 218 177 177 243 247 216 220
929 136 136 186 190 286 288 226 228 0 0 169 169 255 259 220 228
931 136 136 186 190 286 288 228 228 214 218 169 177 238 243 220 224
932 136 136 186 190 286 288 228 228 0 0 169 169 247 251 220 228
933 136 136 186 190 286 286 226 228 215 215 169 169 247 259 220 224
945 136 136 183 186 268 288 224 226 215 226 169 169 247 259 212 220
949 136 136 183 186 268 288 228 235 214 214 169 169 243 251 216 220
965 136 136 183 186 288 288 226 228 215 218 169 177 243 251 212 220
968 136 136 183 186 288 288 228 228 214 218 169 173 247 247 220 224
974 136 136 183 186 268 286 228 228 215 220 169 169 247 247 220 220
978 136 136 183 186 286 288 226 228 214 228 169 169 247 263 212 220
985 136 136 186 188 288 288 228 229 0 0 169 169 251 251 208 212
1005 136 136 177 186 265 268 228 228 218 218 169 169 238 251 220 228
1007 136 136 177 186 268 284 228 229 215 218 169 169 238 243 212 220
1014 136 136 177 186 268 290 228 229 212 218 169 181 238 255 212 212
1030 136 136 177 186 268 290 228 228 215 218 169 177 251 259 212 220
1044 136 136 177 186 268 268 226 228 218 218 169 177 255 255 220 228
1046 136 136 177 186 268 268 228 228 218 224 169 181 238 255 212 212
1055 136 136 177 186 268 268 228 228 218 218 169 181 238 255 212 228
1061 136 136 177 186 268 268 228 228 214 218 169 181 238 238 212 220
1062 136 136 177 186 268 268 228 228 218 218 169 169 238 251 220 228
1063 136 136 177 186 268 268 228 228 212 218 169 169 255 255 212 212
1064 136 136 177 186 284 288 228 229 215 215 177 177 238 243 220 220
1072 136 136 177 186 288 290 228 228 215 215 177 177 243 247 224 232
1078 136 136 177 186 268 288 226 228 214 228 177 177 238 255 220 228
1085 136 136 177 186 288 288 228 228 215 215 169 177 247 251 224 232
1093 136 136 177 186 286 290 228 229 0 0 169 169 238 251 212 220
1095 136 136 177 186 286 290 228 228 215 218 177 177 247 255 212 220
1103 136 136 177 186 268 286 228 237 214 220 169 177 247 247 216 220
1113 136 136 177 186 268 286 228 228 218 218 169 181 238 255 212 228
1130 136 136 186 186 290 293 228 228 214 220 169 169 251 251 212 220
1135 136 136 186 186 290 290 226 228 215 215 177 181 238 255 212 220
1136 136 136 186 186 290 290 226 228 215 218 177 181 238 255 212 220
1141 136 136 186 186 290 290 226 228 218 218 169 177 247 247 212 220
1153 136 136 186 186 268 290 229 229 212 218 169 181 238 255 212 220
1158 136 136 186 186 268 290 226 229 215 218 169 169 238 238 212 220
1166 136 136 186 186 268 290 226 226 215 218 169 169 255 255 212 212
1169 136 136 186 186 268 290 228 229 214 226 169 169 243 251 212 228
1170 136 136 186 186 268 290 228 229 218 228 169 169 255 255 212 228
1180 136 136 186 186 268 290 228 235 215 218 169 177 247 259 212 220
1181 136 136 186 186 268 290 228 235 215 220 169 169 243 263 220 220
1184 136 136 186 186 268 290 226 228 215 218 169 177 259 259 212 220
1189 136 136 186 186 268 290 228 228 212 215 169 181 238 238 212 212
1190 136 136 186 186 268 290 228 228 215 215 169 173 247 255 220 224
1209 136 136 186 186 268 290 228 228 218 218 169 169 251 263 212 236
1213 136 136 186 186 268 290 228 228 0 0 169 177 243 247 220 224
1215 136 136 186 186 268 290 228 228 0 0 169 169 243 247 212 220
1220 136 136 186 186 268 268 229 229 212 215 165 169 238 238 212 212
1223 136 136 186 186 268 268 229 229 218 228 169 181 238 255 216 228
1231 136 136 186 186 268 268 229 229 218 218 169 169 238 255 216 220
1246 136 136 186 186 268 268 228 237 212 218 169 169 247 247 212 212
1260 136 136 186 186 268 268 228 229 218 218 169 169 238 238 212 220
1261 136 136 186 186 268 268 228 229 218 218 169 169 238 255 220 228
1264 136 136 186 186 268 268 228 229 218 218 169 181 238 255 212 220
1266 136 136 186 186 268 268 228 235 215 230 169 177 238 251 212 216
1267 136 136 186 186 268 268 228 235 0 0 177 177 0 0 212 220
1268 136 136 186 186 268 268 226 228 215 215 169 177 238 251 212 228
1272 136 136 186 186 268 268 226 228 212 218 169 169 238 255 212 212
1274 136 136 186 186 268 268 226 228 215 218 169 177 247 247 220 224
1275 136 136 186 186 268 268 226 228 214 218 169 169 247 251 220 220
1281 136 136 186 186 268 268 228 228 222 222 169 181 255 255 220 220
1284 136 136 186 186 268 268 228 228 214 220 169 177 243 255 220 220
1285 136 136 186 186 268 268 228 228 214 215 169 177 255 255 220 228
1287 136 136 186 186 268 268 228 228 212 218 165 169 255 255 212 212
1290 136 136 186 186 268 268 228 228 215 218 169 181 238 238 212 216
1292 136 136 186 186 268 268 228 228 215 218 169 177 238 255 212 228
1297 136 136 186 186 268 268 228 228 218 218 177 177 238 238 212 228
1305 136 136 186 186 268 268 228 228 0 0 177 181 243 251 220 228
1311 136 136 186 186 268 268 228 228 0 0 0 0 243 251 220 228
1331 136 136 186 186 288 290 228 237 215 215 169 169 247 247 212 220
1334 136 136 186 186 288 290 228 237 214 218 177 177 243 259 220 220
1346 136 136 186 186 288 290 226 228 220 220 177 177 243 255 220 220
1347 136 136 186 186 288 290 226 228 215 228 169 177 247 255 212 220
1348 136 136 186 186 288 290 226 228 215 215 169 177 247 251 212 232
1355 136 136 186 186 288 290 226 228 0 0 169 169 247 259 220 228
1361 136 136 186 186 288 290 228 228 214 220 169 177 238 259 212 220
1364 136 136 186 186 288 290 228 228 215 218 169 169 259 263 212 220
1369 136 136 186 186 268 288 235 237 215 220 169 177 243 259 212 220
1371 136 136 186 186 268 288 235 235 214 218 177 177 243 259 212 220
1376 136 136 186 186 268 288 226 237 214 220 169 173 234 247 220 220
1378 136 136 186 186 268 288 226 237 215 218 169 169 247 259 220 224
1392 136 136 186 186 268 288 228 237 212 215 169 169 251 251 212 220
1394 136 136 186 186 268 288 228 237 215 215 169 169 247 251 220 220
1398 136 136 186 186 268 288 228 237 214 214 169 177 238 247 212 212
1404 136 136 186 186 268 288 228 237 0 0 0 0 247 259 212 224
1418 136 136 186 186 268 288 226 228 215 220 173 177 243 259 212 220
1431 136 136 186 186 268 288 226 228 218 220 169 177 247 259 220 220
1440 136 136 186 186 268 288 226 228 214 218 169 177 243 243 212 220
1449 136 136 186 186 268 288 226 228 214 226 169 177 247 259 216 220
1459 136 136 186 186 268 288 228 228 212 215 169 177 259 259 212 212
1460 136 136 186 186 268 288 228 228 215 220 169 177 243 255 220 220
1466 136 136 186 186 268 288 228 228 214 220 169 169 247 247 220 224
1468 136 136 186 186 268 288 228 228 214 215 169 177 234 255 212 212
1484 136 136 186 186 268 288 228 228 215 218 169 169 243 255 212 212
1485 136 136 186 186 268 288 228 228 214 218 173 177 243 270 220 224
1497 136 136 186 186 268 288 228 228 0 0 169 177 234 255 212 212
1503 136 136 186 186 288 288 224 235 215 220 169 169 243 263 212 220
1505 136 136 186 186 288 288 226 237 215 215 169 173 243 251 220 220
1508 136 136 186 186 288 288 226 237 212 218 169 177 247 255 212 212
1511 136 136 186 186 288 288 226 237 215 220 169 173 243 251 220 220
1517 136 136 186 186 288 288 226 226 215 215 169 169 243 243 220 220
1518 136 136 186 186 288 288 226 226 218 220 169 169 243 247 220 220
1519 136 136 186 186 288 288 226 226 215 218 169 169 238 238 220 220
1529 136 136 186 186 288 288 224 228 215 226 169 169 238 243 220 224
1532 136 136 186 186 288 288 228 237 212 214 169 177 247 247 212 212
1542 136 136 186 186 288 288 228 237 215 218 169 169 238 243 212 224
1547 136 136 186 186 288 288 228 229 215 218 169 169 238 255 212 212
1554 136 136 186 186 288 288 226 228 215 215 169 177 243 243 212 220
1557 136 136 186 186 288 288 226 228 214 228 169 169 243 263 212 220
1566 136 136 186 186 288 288 226 228 218 228 169 177 247 259 216 220
1574 136 136 186 186 288 288 226 228 214 218 169 177 243 259 236 236
1580 136 136 186 186 288 288 226 228 214 220 169 169 247 255 212 236
1582 136 136 186 186 288 288 228 228 212 215 169 169 247 251 212 236
1590 136 136 186 186 288 288 228 228 214 224 169 177 243 243 224 232
1597 136 136 186 186 288 288 228 228 214 214 169 177 247 247 212 224
1600 136 136 186 186 288 288 228 228 215 218 169 177 247 259 220 228
1605 136 136 186 186 288 288 228 228 214 218 169 177 243 247 212 224
1606 136 136 186 186 288 288 228 228 214 218 169 177 247 255 220 232
1608 136 136 186 186 288 288 228 228 218 218 177 177 251 251 220 220
1611 136 136 186 186 288 288 228 228 0 0 169 169 251 251 220 228
1612 136 136 186 186 288 288 228 228 214 220 169 169 243 251 220 220
1617 136 136 186 186 288 288 0 0 218 218 169 169 243 247 220 220
1619 136 136 186 186 286 293 226 237 215 215 169 177 247 255 220 224
1632 136 136 186 186 286 290 226 228 218 218 169 169 247 259 220 232
1635 136 136 186 186 286 290 226 228 0 0 169 169 243 247 220 220
1636 136 136 186 186 286 290 226 228 215 218 169 177 243 247 212 212
1637 136 136 186 186 286 290 228 228 212 218 169 177 247 255 212 216
1639 136 136 186 186 286 290 228 228 0 0 169 177 238 255 220 228
1641 136 136 186 186 286 290 228 228 0 0 165 181 238 238 212 228
1643 136 136 186 186 268 286 226 237 214 220 169 177 243 243 220 220
1650 136 136 186 186 268 286 228 237 215 220 169 169 243 247 212 220
1652 136 136 186 186 268 286 228 237 215 218 169 177 251 259 216 220
1655 136 136 186 186 268 286 228 229 218 228 177 177 255 255 228 228
1660 136 136 186 186 268 286 228 229 218 218 169 181 238 238 212 228
1670 136 136 186 186 268 286 228 229 218 218 169 169 238 255 212 212
1671 136 136 186 186 268 286 228 229 0 0 169 169 238 255 212 220
1676 136 136 186 186 268 286 226 228 215 215 169 177 243 263 212 220
1678 136 136 186 186 268 286 226 228 214 214 169 177 243 263 212 220
1686 136 136 186 186 268 286 228 228 214 220 169 169 238 259 220 220
1699 136 136 186 186 268 286 228 228 218 218 169 169 238 251 228 228
1702 136 136 186 186 268 286 228 228 0 0 181 181 255 255 220 228
1715 136 136 186 186 286 288 228 235 218 218 169 169 247 247 224 224
1717 136 136 186 186 286 288 226 228 215 220 169 177 243 251 212 220
1734 136 136 186 186 286 288 228 228 212 218 169 173 243 259 212 220
1784 136 136 175 177 268 286 228 241 218 218 169 169 238 255 212 220
1790 136 136 175 186 265 268 229 229 218 228 181 181 255 255 212 216
1794 136 136 175 186 268 290 228 229 218 218 165 169 255 255 220 224
1798 136 136 175 186 268 268 228 229 212 215 177 181 238 255 212 212
1808 136 136 175 186 268 268 228 228 215 222 169 169 255 255 212 228
1813 136 136 175 186 286 290 228 229 212 218 169 177 243 255 212 220
1814 136 136 175 186 286 290 228 229 218 222 169 181 238 238 220 228
1816 136 136 175 186 286 290 228 228 218 218 169 181 238 255 212 220
1822 136 136 175 186 268 286 228 229 218 228 165 181 238 238 212 228
1826 136 136 175 186 268 286 228 229 218 218 169 169 238 255 212 220
1839 136 136 175 175 268 290 228 229 215 218 169 169 255 255 220 220
1846 0 0 186 190 268 268 228 228 0 0 169 169 243 243 220 220
1849 0 0 186 190 286 290 226 226 215 218 169 169 247 247 220 228
1855 0 0 177 186 265 268 226 228 226 226 169 177 251 259 224 228
1856 0 0 177 186 268 288 228 228 212 218 169 169 247 263 212 224
1861 0 0 186 186 265 290 226 228 215 218 169 177 243 259 212 224
1870 0 0 186 186 268 268 228 228 0 0 169 169 243 263 220 228
1874 0 0 186 186 288 290 226 226 215 215 169 169 243 247 212 220
1875 0 0 186 186 288 290 228 228 0 0 169 169 243 255 220 224
1886 134 136 186 186 268 288 226 228 212 215 169 169 247 247 212 212
1887 0 0 186 186 268 288 228 228 226 226 169 177 255 259 220 224
1889 0 0 186 186 268 288 228 228 214 214 169 177 247 255 220 228
1896 0 0 186 186 288 288 228 237 218 218 169 169 238 251 220 224
1899 0 0 186 186 288 288 228 237 0 0 169 169 243 247 220 224
1901 125 125 186 186 288 288 226 228 220 226 169 169 247 259 220 220
1904 134 134 186 186 288 288 228 228 214 215 177 177 238 255 212 220
1907 0 0 186 186 286 290 228 228 214 224 169 177 247 247 212 224
1909 125 134 186 186 268 286 226 226 218 218 169 169 251 251 212 224
1910 0 0 186 186 286 288 226 226 0 0 169 169 243 247 220 220
9 134 136 186 186 0 0 226 228 215 215 177 177 247 247 220 220
11 136 150 186 186 262 262 222 229 215 230 0 0 238 238 212 212
12 136 136 186 186 0 0 235 235 214 218 177 177 243 243 212 220
13 132 132 175 184 265 284 226 226 0 0 0 0 243 243 212 212
16 0 0 183 183 286 288 226 231 214 214 169 169 243 247 208 212
33 134 134 186 186 268 288 226 228 215 218 169 169 247 247 212 212
34 134 136 186 186 271 288 228 228 0 0 169 169 259 259 220 228
35 136 136 186 186 268 288 228 228 215 218 0 0 247 251 220 228
37 136 136 186 186 0 0 226 226 215 215 169 169 243 243 224 232
49 125 132 186 186 268 288 228 229 212 215 169 169 243 243 212 212
55 125 125 183 186 288 290 228 228 215 224 173 177 247 259 220 224
57 125 125 186 186 268 290 226 228 215 218 169 177 247 259 220 220
59 125 125 186 186 268 268 226 228 218 218 169 169 243 243 224 224
64 125 125 186 186 288 288 235 237 215 218 169 169 238 243 212 212
65 125 125 186 186 288 288 226 237 218 218 169 169 238 243 220 224
66 125 125 186 186 288 288 226 235 214 220 177 177 238 243 216 220
67 125 125 186 186 288 288 226 226 0 0 169 169 243 247 212 212
69 125 125 186 186 288 288 228 235 0 0 169 169 243 247 220 220
71 125 125 186 186 288 288 226 228 0 0 169 169 247 247 220 220
74 132 134 186 186 268 288 235 237 215 218 177 177 243 243 220 228
75 129 134 186 188 268 288 229 229 211 215 169 190 251 259 220 224
77 125 134 177 177 288 290 228 228 215 215 169 177 247 259 224 228
78 125 134 186 190 248 288 226 228 214 218 169 169 251 259 212 220
79 125 134 183 186 262 268 228 229 0 0 169 177 243 251 212 212
82 125 134 183 186 288 290 228 229 215 215 169 177 255 259 212 216
86 125 134 177 186 268 290 226 228 215 215 169 169 243 255 212 228
91 125 134 186 186 288 290 228 228 214 218 177 177 247 259 212 220
92 125 134 186 186 288 290 228 228 214 218 177 177 259 259 212 220
93 125 134 186 186 268 288 226 226 215 220 169 169 243 259 220 220
97 125 134 186 186 288 288 226 235 214 220 177 177 238 243 216 220
98 125 134 186 186 288 288 228 237 214 218 169 169 243 243 212 220
102 125 134 186 186 0 0 228 228 215 215 169 177 255 259 212 216
104 134 134 190 190 268 288 228 228 0 0 0 0 238 243 220 224
106 134 134 183 190 288 288 226 228 0 0 169 169 247 251 212 220
111 134 134 177 190 288 288 228 237 214 214 169 169 243 263 220 220
113 134 134 186 190 268 293 226 228 215 228 177 177 243 243 220 224
115 134 134 186 190 268 290 226 228 218 218 169 169 247 247 220 220
116 134 134 186 190 268 268 228 237 214 214 177 177 243 247 220 228
127 134 134 186 190 288 288 226 229 215 215 169 169 234 247 212 212
130 134 134 186 190 288 288 228 228 0 0 169 173 243 247 220 220
132 134 134 186 190 286 290 226 228 215 228 169 177 259 259 212 220
135 134 134 186 190 0 0 228 228 215 218 169 173 243 243 220 220
138 134 134 183 186 268 268 228 228 215 218 169 169 247 247 220 224
146 134 134 183 186 288 290 228 228 214 224 169 177 243 270 220 224
150 134 134 183 186 268 288 226 228 0 0 177 177 247 251 220 220
151 134 134 183 186 268 288 226 228 214 214 169 169 255 255 224 228
152 134 134 183 186 268 288 228 228 215 218 169 169 243 251 220 236
154 134 134 183 186 288 288 226 226 218 218 169 177 243 259 220 224
156 134 134 183 186 288 288 228 228 214 214 177 177 263 263 220 224
160 134 134 186 188 268 288 229 229 0 0 169 169 259 259 220 224
161 134 134 186 188 268 288 228 229 215 215 169 169 251 259 220 224
162 134 134 186 188 268 288 228 229 215 215 169 169 247 251 208 220
169 134 134 186 188 0 0 229 229 215 215 169 169 247 259 220 220
170 134 134 186 188 0 0 228 229 215 215 169 169 247 247 208 212
171 134 134 186 188 0 0 228 235 214 218 169 177 247 247 220 224
175 134 134 177 186 268 290 228 228 214 220 169 177 247 247 220 228
177 134 134 177 186 268 290 228 228 0 0 169 177 255 255 220 228
180 134 134 177 186 288 290 228 228 215 218 169 177 247 259 220 224
186 134 134 186 186 290 290 226 228 215 218 169 169 238 255 212 220
187 134 134 186 186 290 290 226 228 214 218 169 177 247 247 220 228
188 134 134 186 186 290 290 226 228 218 218 169 169 243 243 220 220
189 134 134 186 186 290 290 228 228 215 218 169 169 238 238 224 224
190 134 134 186 186 290 290 0 0 0 0 169 169 247 247 220 220
191 134 134 186 186 268 290 237 237 214 218 169 169 238 243 220 220
198 134 134 186 186 268 290 226 228 0 0 169 169 247 247 220 220
206 134 134 186 186 268 290 228 228 0 0 169 169 251 259 220 236
210 134 134 186 186 268 268 228 237 214 214 169 173 255 259 212 220
212 134 134 186 186 268 268 228 235 215 215 169 177 247 259 220 224
215 134 134 186 186 268 268 226 228 218 226 169 169 247 247 220 220
217 134 134 186 186 268 268 226 228 214 218 169 177 238 255 224 228
228 134 134 186 186 288 293 228 228 215 218 169 177 243 247 212 220
229 134 134 186 186 288 290 237 237 220 220 169 169 243 247 220 232
231 134 134 186 186 288 290 237 237 218 218 169 169 243 247 220 232
234 134 134 186 186 288 290 228 237 212 215 169 169 238 259 212 212
240 134 134 186 186 288 290 228 228 214 214 169 177 247 247 212 212
245 134 134 186 186 268 288 226 226 215 218 169 169 247 251 224 224
248 134 134 186 186 268 288 228 237 214 218 169 169 238 247 220 220
254 134 134 186 186 268 288 226 228 215 215 169 169 238 251 224 228
255 134 134 186 186 268 288 226 228 215 215 169 169 243 247 212 220
269 134 134 186 186 268 288 228 228 214 220 169 177 238 255 212 220
271 134 134 186 186 268 288 228 228 215 218 169 177 247 247 212 220
273 134 134 186 186 268 288 228 228 215 218 169 169 243 255 212 236
274 134 134 186 186 268 288 228 228 214 218 169 169 243 251 212 220
277 134 134 186 186 268 288 228 228 0 0 169 169 247 255 212 220
279 134 134 186 186 268 288 228 228 0 0 0 0 243 243 220 224
280 134 134 186 186 288 288 229 237 214 218 169 177 238 259 220 224
281 134 134 186 186 288 288 229 229 215 215 169 169 238 251 208 224
283 134 134 186 186 288 288 226 237 212 215 169 177 238 243 212 212
285 134 134 186 186 288 288 226 237 214 218 169 169 238 247 212 220
286 134 134 186 186 288 288 226 226 215 220 169 169 243 247 220 220
294 134 134 186 186 288 288 226 228 214 214 169 169 255 259 220 220
298 134 134 186 186 288 288 226 228 214 218 169 177 247 255 220 236
300 134 134 186 186 288 288 226 228 0 0 0 0 259 259 220 224
301 134 134 186 186 288 288 228 228 220 224 177 177 238 247 220 228
303 134 134 186 186 288 288 228 228 215 215 169 177 247 247 212 220
306 134 134 186 186 288 288 228 228 214 214 177 177 247 255 212 224
310 134 134 186 186 288 288 228 228 0 0 169 177 259 259 212 212
311 134 134 186 186 288 288 0 0 0 0 173 177 247 247 220 220
315 134 134 186 186 268 286 229 229 215 215 169 169 251 259 220 220
318 134 134 186 186 268 286 226 228 214 218 169 177 247 247 216 228
321 134 134 186 186 268 286 228 228 214 218 177 177 243 247 212 228
325 134 134 186 186 286 288 228 237 214 220 169 169 251 255 220 224
334 134 134 186 186 286 288 226 228 218 218 169 177 243 247 212 220
335 134 134 186 186 286 288 226 228 0 0 177 177 238 247 212 220
340 134 134 186 186 0 0 237 237 215 215 169 169 247 247 212 212
341 134 134 186 186 0 0 235 237 215 215 169 177 238 255 212 212
342 134 134 186 186 0 0 224 226 215 220 169 169 238 255 212 228
343 134 134 186 186 0 0 226 237 218 218 169 169 243 243 220 232
344 134 134 186 186 0 0 228 237 215 218 169 177 259 259 0 0
345 134 134 186 186 0 0 228 229 215 215 169 169 251 259 212 220
346 134 134 186 186 0 0 228 235 214 218 169 169 247 247 212 220
348 134 134 186 186 0 0 226 228 214 215 169 169 243 243 212 220
349 134 134 186 186 0 0 228 228 215 215 169 169 247 247 224 224
350 134 134 186 186 0 0 228 228 0 0 169 177 238 238 212 224
351 134 134 186 186 0 0 0 0 215 218 169 177 247 259 212 232
357 129 136 183 190 0 0 226 228 215 215 169 177 243 255 212 212
363 125 136 177 190 268 288 226 229 215 218 169 169 251 263 212 220
364 125 136 186 190 288 290 226 228 215 218 169 177 243 255 220 220
365 125 136 186 190 268 288 228 228 215 215 169 177 238 247 220 224
366 125 136 186 190 288 288 226 237 214 220 173 177 243 243 220 220
367 125 136 186 190 286 288 228 228 215 215 169 169 247 259 212 228
369 125 136 183 186 288 290 228 229 215 215 173 177 259 259 220 224
370 125 136 183 186 268 288 226 237 214 218 169 177 243 247 220 224
371 125 136 183 186 268 288 228 228 215 218 169 169 243 247 220 232
372 125 136 183 186 288 288 228 237 215 218 169 177 247 263 212 220
374 125 136 183 186 0 0 226 228 215 218 169 173 243 243 220 220
376 125 136 186 186 284 290 226 237 215 215 169 177 243 247 212 220
377 125 136 186 186 290 293 226 228 214 214 169 169 247 255 220 228
378 125 136 186 186 268 290 226 237 215 215 169 177 243 259 212 220
379 125 136 186 186 268 290 224 228 214 215 169 169 243 247 220 220
380 125 136 186 186 268 290 224 228 214 218 169 169 243 247 220 220
382 125 136 186 186 268 290 226 228 0 0 173 173 243 247 212 220
389 125 136 186 186 288 290 228 237 215 218 169 177 247 251 220 228
394 125 136 186 186 268 288 226 228 218 218 169 169 243 247 224 224
395 125 136 186 186 268 288 228 228 215 215 177 177 243 243 216 220
396 125 136 186 186 268 288 228 228 214 214 169 169 255 259 220 220
397 125 136 186 186 288 288 226 237 218 218 169 169 238 243 220 224
398 125 136 186 186 288 288 226 226 215 215 169 169 243 247 212 212
402 125 136 186 186 288 288 226 228 214 215 169 169 247 251 212 220
404 125 136 186 186 288 288 226 228 0 0 169 169 247 259 220 220
406 125 136 186 186 288 288 228 228 215 218 169 169 247 247 224 228
407 125 136 186 186 288 288 228 228 214 218 169 177 243 247 220 220
408 125 136 186 186 288 288 228 228 218 218 169 181 238 238 212 228
409 125 136 186 186 288 288 228 228 0 0 169 169 247 259 224 224
412 125 136 186 186 286 288 228 235 215 215 177 177 238 247 220 220
416 125 136 186 186 286 288 228 228 214 218 169 177 259 259 212 220
421 134 136 190 190 286 288 228 228 214 215 177 177 247 255 212 212
422 134 136 190 190 0 0 228 228 215 215 169 169 243 255 212 220
426 134 136 188 188 268 288 229 229 215 215 169 169 247 251 212 224
428 134 136 177 177 288 290 228 228 214 218 177 177 251 259 232 236
429 134 136 181 186 288 290 228 229 0 0 169 169 247 259 220 224
430 134 136 184 186 288 288 224 228 214 218 177 177 238 247 216 220
431 134 136 186 190 290 290 228 228 215 218 169 173 243 247 220 220
433 134 136 186 190 268 290 226 228 215 218 177 177 247 251 212 220
435 134 136 186 190 268 268 226 237 215 218 169 177 243 247 212 220
437 134 136 186 190 268 268 226 228 214 215 169 177 247 251 212 220
446 134 136 186 190 288 290 226 228 218 218 169 177 247 259 220 224
449 134 136 186 190 268 288 228 237 218 220 169 177 251 259 212 220
451 134 136 186 190 268 288 228 235 214 220 169 177 251 255 220 220
456 134 136 186 190 268 288 226 228 215 215 169 177 255 263 220 220
457 134 136 186 190 268 288 226 228 214 218 169 169 270 270 212 220
462 134 136 186 190 288 288 228 237 214 215 169 169 243 247 212 224
463 134 136 186 190 288 288 226 228 215 228 169 169 243 247 212 220
464 134 136 186 190 288 288 226 228 214 214 169 177 243 259 228 236
467 134 136 186 190 288 288 228 228 215 220 177 177 243 255 212 220
472 134 136 186 190 288 288 228 228 214 218 169 177 247 255 212 220
474 134 136 186 190 288 288 228 228 218 218 169 177 247 247 220 224
475 134 136 186 190 286 290 226 228 215 215 169 177 247 259 212 220
484 134 136 186 190 0 0 226 228 214 214 177 177 255 255 212 228
485 134 136 183 186 290 290 228 228 218 218 169 169 247 247 220 220
486 134 136 183 186 268 268 228 228 215 218 169 169 247 267 220 224
489 134 136 183 186 288 290 228 228 215 215 169 169 238 243 212 228
490 134 136 183 186 288 290 228 228 214 215 169 169 238 243 212 228
494 134 136 183 186 268 288 226 228 215 218 169 169 247 255 228 228
500 134 136 183 186 288 288 228 237 0 0 169 177 247 251 224 224
502 134 136 183 186 288 288 226 228 215 215 169 169 243 243 212 220
507 134 136 183 186 286 290 226 235 0 0 169 177 247 247 212 220
509 134 136 183 186 268 286 226 228 214 214 169 177 243 247 212 224
512 134 136 183 186 286 288 228 228 215 218 169 177 247 255 228 228
513 134 136 183 186 0 0 226 228 214 218 169 177 243 243 220 224
514 134 136 183 186 0 0 228 228 215 218 169 173 243 255 228 228
515 134 136 186 188 268 288 228 229 211 215 169 169 238 247 220 224
518 134 136 186 188 268 286 228 229 215 215 169 169 238 251 212 220
519 134 136 186 188 286 288 228 229 215 215 169 169 238 247 208 220
520 134 136 186 188 286 288 228 229 214 215 169 169 238 243 212 220
521 134 136 186 188 286 288 228 228 212 215 169 177 247 251 212 220
523 134 136 186 188 0 0 228 229 215 215 169 177 238 255 220 220
524 134 136 186 188 288 288 228 229 215 218 169 169 247 251 220 224
526 134 136 177 186 248 274 226 228 215 218 169 169 251 251 212 212
531 134 136 177 186 268 290 228 228 214 214 169 177 247 247 220 220
532 134 136 177 186 274 288 228 235 215 218 169 177 251 259 212 220
533 134 136 177 186 288 290 228 237 215 218 169 177 247 247 212 220
534 134 136 177 186 288 290 226 228 215 230 169 177 247 255 228 232
541 134 136 177 186 268 288 226 228 215 218 169 177 243 247 212 220
542 134 136 177 186 268 288 228 228 214 215 177 177 255 259 212 220
544 134 136 177 186 288 288 226 228 215 215 169 169 234 238 220 220
545 134 136 177 186 288 288 226 228 215 218 169 169 247 259 212 220
546 134 136 177 186 288 288 226 228 215 215 169 177 247 247 212 228
548 134 136 177 186 288 288 228 228 0 0 169 177 247 259 212 232
552 134 136 177 186 0 0 226 228 214 218 177 177 0 0 212 212
554 134 136 186 186 290 293 228 228 214 220 169 169 243 247 220 220
555 134 136 186 186 290 293 228 228 214 215 169 169 247 251 212 220
556 134 136 186 186 290 290 235 237 0 0 169 177 243 247 220 232
559 134 136 186 186 290 290 228 228 214 215 169 177 255 255 212 220
560 134 136 186 186 268 293 226 228 214 214 169 169 243 263 220 220
564 134 136 186 186 268 290 235 237 214 215 169 169 247 247 212 220
568 134 136 186 186 268 290 228 237 214 215 169 169 251 259 220 236
569 134 136 186 186 268 290 228 237 218 218 169 177 243 247 212 220
570 134 136 186 186 268 290 228 229 214 215 169 169 247 255 212 212
571 134 136 186 186 268 290 228 235 214 214 169 169 247 247 220 220
575 134 136 186 186 268 290 228 228 215 215 169 177 247 247 212 224
576 134 136 186 186 268 290 228 228 215 215 169 177 251 255 220 228
580 134 136 186 186 268 290 228 228 214 218 169 177 243 243 220 228
582 134 136 186 186 268 268 237 237 214 218 169 173 243 247 216 220
583 134 136 186 186 268 268 229 229 215 215 169 169 247 251 220 220
584 134 136 186 186 268 268 229 229 215 218 169 177 251 259 212 220
592 134 136 186 186 268 268 226 228 214 214 169 169 243 247 212 220
593 134 136 186 186 268 268 226 228 215 218 169 173 247 247 220 220
599 134 136 186 186 268 268 228 228 215 218 169 177 243 247 212 220
604 134 136 186 186 288 290 237 237 218 218 169 177 243 247 220 220
612 134 136 186 186 288 290 228 237 215 215 173 173 243 243 212 220
613 134 136 186 186 288 290 228 237 215 215 173 173 243 247 212 220
615 134 136 186 186 288 290 228 237 215 215 169 177 234 243 212 212
616 134 136 186 186 288 290 228 237 215 215 169 169 238 259 212 224
620 134 136 186 186 288 290 228 237 215 218 169 177 247 259 212 220
623 134 136 186 186 288 290 228 229 214 215 169 177 247 259 220 224
624 134 136 186 186 288 290 228 235 214 218 169 169 247 259 212 220
625 134 136 186 186 288 290 226 228 215 220 169 169 247 259 220 220
626 134 136 186 186 288 290 226 228 215 215 169 169 247 259 220 220
627 134 136 186 186 288 290 226 228 214 215 169 169 247 247 212 220
630 134 136 186 186 288 290 226 228 215 218 169 169 243 247 220 224
634 134 136 186 186 288 290 226 228 218 218 169 177 243 255 220 228
635 134 136 186 186 288 290 226 228 0 0 169 169 247 251 216 220
639 134 136 186 186 288 290 228 228 214 214 169 169 251 259 212 224
640 134 136 186 186 288 290 228 228 215 218 177 177 238 243 212 220
641 134 136 186 186 288 290 228 228 214 218 169 177 247 247 212 228
642 134 136 186 186 288 290 228 228 215 215 177 177 247 247 216 220
647 134 136 186 186 268 288 226 237 214 215 169 177 247 255 212 212
651 134 136 186 186 268 288 226 226 215 215 177 177 243 251 220 220
660 134 136 186 186 268 288 228 237 215 218 169 169 255 259 220 228
662 134 136 186 186 268 288 228 237 0 0 169 169 243 243 220 220
663 134 136 186 186 268 288 228 237 0 0 169 169 247 247 212 220
664 134 136 186 186 268 288 228 229 211 215 169 169 238 247 220 224
668 134 136 186 186 268 288 228 235 214 218 169 177 251 255 220 220
675 134 136 186 186 268 288 226 228 214 215 169 177 243 247 220 220
676 134 136 186 186 268 288 226 228 214 215 169 169 243 243 212 220
681 134 136 186 186 268 288 226 228 212 218 169 169 243 247 212 212
682 134 136 186 186 268 288 226 228 215 218 173 177 243 247 212 228
686 134 136 186 186 268 288 226 228 215 218 169 169 243 247 220 224
687 134 136 186 186 268 288 226 228 215 218 169 169 247 247 212 212
692 134 136 186 186 268 288 226 228 0 0 169 177 243 255 216 220
693 134 136 186 186 268 288 226 228 215 220 169 169 251 263 220 236
694 134 136 186 186 268 288 228 228 212 215 169 173 243 247 212 220
697 134 136 186 186 268 288 228 228 215 215 169 177 243 243 220 224
703 134 136 186 186 268 288 228 228 214 215 169 177 238 243 212 212
704 134 136 186 186 268 288 228 228 214 215 169 177 247 251 212 220
705 134 136 186 186 268 288 228 228 214 215 169 177 238 255 212 220
708 134 136 186 186 268 288 228 228 214 214 169 169 243 243 228 232
709 134 136 186 186 268 288 228 228 215 218 169 177 251 251 220 220
710 134 136 186 186 268 288 228 228 215 218 169 177 243 259 212 224
712 134 136 186 186 268 288 228 228 215 218 169 169 251 251 220 220
713 134 136 186 186 268 288 228 228 215 218 169 169 243 247 220 224
716 134 136 186 186 268 288 228 228 214 215 177 177 255 259 220 220
717 134 136 186 186 268 288 228 228 215 218 169 177 247 247 212 220
718 134 136 186 186 268 288 228 228 215 218 169 169 251 255 212 224
724 134 136 186 186 288 288 226 226 0 0 169 169 243 247 220 220
726 134 136 186 186 288 288 228 237 214 214 169 177 247 247 220 224
727 134 136 186 186 288 288 228 237 212 218 169 177 243 255 212 220
729 134 136 186 186 288 288 228 229 214 215 169 177 238 251 216 224
730 134 136 186 186 288 288 228 229 215 220 169 177 238 238 212 224
731 134 136 186 186 288 288 228 235 215 215 169 177 247 251 224 224
733 134 136 186 186 288 288 228 235 215 218 169 177 247 251 224 224
734 134 136 186 186 288 288 228 235 214 218 177 177 251 251 220 224
736 134 136 186 186 288 288 228 235 0 0 169 177 251 251 224 224
737 134 136 186 186 288 288 226 228 215 215 169 169 243 247 220 220
738 134 136 186 186 288 288 226 228 214 215 169 169 243 259 212 220
740 134 136 186 186 288 288 226 228 215 218 169 169 238 243 220 232
743 134 136 186 186 288 288 226 228 214 218 169 169 238 247 220 220
753 134 136 186 186 288 288 228 228 214 214 169 177 243 259 212 220
754 134 136 186 186 288 288 228 228 215 218 169 177 247 247 212 220
755 134 136 186 186 288 288 228 228 214 218 177 177 238 247 220 220
756 134 136 186 186 288 288 228 228 218 218 169 169 251 251 228 228
758 134 136 186 186 288 288 228 228 0 0 169 177 247 251 220 224
760 134 136 186 186 286 290 228 235 214 214 169 169 259 259 212 220
761 134 136 186 186 286 290 228 228 215 220 177 177 251 251 220 220
764 134 136 186 186 286 290 228 228 215 218 177 177 247 251 212 212
765 134 136 186 186 286 290 228 228 214 215 169 177 243 247 212 224
767 134 136 186 186 268 286 226 229 215 218 169 177 243 259 220 220
768 134 136 186 186 268 286 226 229 215 218 169 177 247 247 224 228
770 134 136 186 186 268 286 228 235 214 215 169 177 238 247 212 224
771 134 136 186 186 268 286 226 228 214 214 177 177 255 259 220 228
774 134 136 186 186 268 286 228 228 214 214 169 169 247 247 220 228
775 134 136 186 186 268 286 228 228 214 218 169 177 243 259 220 228
776 134 136 186 186 286 288 229 229 211 215 169 169 247 251 220 220
777 134 136 186 186 286 288 224 226 0 0 177 177 238 238 212 220
778 134 136 186 186 286 288 226 237 215 218 169 169 243 251 212 220
787 134 136 186 186 286 288 228 235 214 218 169 177 247 247 220 224
790 134 136 186 186 286 288 226 228 215 218 177 177 238 247 212 220
793 134 136 186 186 286 288 226 228 218 218 169 169 243 263 212 220
802 134 136 186 186 0 0 237 237 215 215 169 177 238 255 212 236
803 134 136 186 186 0 0 235 235 214 218 169 177 243 247 220 232
804 134 136 186 186 0 0 226 237 214 218 169 177 247 247 216 220
805 134 136 186 186 0 0 226 226 214 215 177 177 243 243 220 220
806 134 136 186 186 268 288 226 226 214 215 169 169 251 263 212 212
807 134 136 186 186 0 0 226 226 214 215 169 169 243 247 212 224
810 134 136 186 186 0 0 226 228 214 218 169 169 243 243 220 224
811 134 136 186 186 0 0 228 228 214 214 169 177 247 255 212 232
812 134 136 186 186 0 0 228 228 214 218 177 181 0 0 212 212
813 134 136 186 186 0 0 228 228 0 0 169 177 247 247 212 212
814 134 136 0 0 284 286 226 228 0 0 177 177 238 247 212 228
815 134 136 0 0 0 0 228 228 215 215 173 173 243 243 220 220
816 136 136 190 190 268 288 226 228 0 0 0 0 255 259 216 228
818 136 136 190 190 288 288 226 237 214 218 169 169 247 259 212 232
822 136 136 190 190 286 288 226 226 0 0 0 0 259 259 228 228
824 136 136 190 190 0 0 226 237 214 214 169 169 247 259 212 232
825 136 136 183 190 268 288 226 228 212 215 169 177 243 255 212 212
826 136 136 183 190 268 288 226 228 215 218 169 177 243 255 212 212
834 136 136 177 190 0 0 226 237 214 215 169 169 243 259 220 228
842 136 136 177 177 268 268 228 229 218 230 177 181 238 255 212 228
846 136 136 177 177 268 268 228 228 212 218 169 169 238 238 212 212
849 136 136 177 177 268 268 228 228 218 218 169 181 255 255 212 220
855 136 136 177 177 268 286 228 228 218 228 165 169 238 238 212 220
860 136 136 186 190 290 293 226 228 214 218 169 177 243 247 212 224
864 136 136 186 190 290 290 226 228 215 218 169 177 243 259 220 224
866 136 136 186 190 268 294 228 228 215 218 169 177 247 255 212 220
868 136 136 186 190 268 284 228 235 215 218 169 169 243 251 224 236
869 136 136 186 190 268 293 235 237 214 218 177 177 243 251 212 220
872 136 136 186 190 268 293 226 228 218 228 169 177 243 263 212 224
873 136 136 186 190 268 293 226 228 218 218 169 177 243 263 212 224
878 136 136 186 190 268 268 228 228 214 215 177 177 238 243 220 224
880 136 136 186 190 288 293 228 228 212 215 177 177 247 247 212 220
887 136 136 186 190 288 290 228 228 215 215 169 173 243 247 220 220
888 136 136 186 190 288 290 228 228 215 215 169 173 251 255 212 220
891 136 136 186 190 288 290 228 228 215 218 169 169 247 255 212 220
895 136 136 186 190 268 288 224 226 0 0 169 177 259 259 212 220
896 136 136 186 190 268 288 226 226 224 224 169 177 243 247 212 224
901 136 136 186 190 268 288 228 229 214 214 169 177 247 255 212 216
904 136 136 186 190 268 288 228 228 215 220 169 177 247 255 220 224
905 136 136 186 190 268 288 228 228 214 214 173 177 243 251 220 228
910 136 136 186 190 268 288 228 228 218 218 169 181 251 255 220 224
912 136 136 186 190 288 288 228 237 215 218 169 169 238 247 212 220
913 136 136 186 190 288 288 228 237 214 218 169 169 238 259 220 224
917 136 136 186 190 288 288 226 228 214 214 169 169 247 259 220 224
925 136 136 186 190 268 286 228 235 215 218 169 177 251 251 220 232
930 136 136 186 190 286 288 228 228 214 215 169 169 247 251 220 220
934 136 136 186 190 0 0 226 228 215 215 177 177 243 243 220 224
935 136 136 186 190 0 0 226 228 215 215 169 169 251 251 220 228
936 136 136 186 190 0 0 228 228 214 215 169 169 247 247 220 220
937 136 136 186 190 0 0 0 0 214 214 177 177 238 243 220 220
938 136 136 183 186 268 290 226 228 215 215 169 177 247 259 220 220
939 136 136 183 186 268 290 226 228 218 218 169 177 247 255 220 220
941 136 136 183 186 246 288 228 228 214 218 169 177 238 243 220 220
943 136 136 183 186 288 290 226 228 214 226 169 177 243 263 228 232
946 136 136 183 186 268 288 226 237 214 218 169 169 243 255 212 220
947 136 136 183 186 268 288 226 229 215 218 169 177 247 247 212 220
948 136 136 183 186 268 288 228 237 214 220 169 177 243 247 212 224
950 136 136 183 186 268 288 226 228 214 218 169 177 243 247 220 220
955 136 136 183 186 288 288 226 226 214 218 169 177 247 259 220 220
956 136 136 183 186 288 288 226 226 0 0 0 0 251 251 212 212
958 136 136 183 186 288 288 228 237 215 215 169 169 243 247 212 220
961 136 136 183 186 288 288 228 237 215 215 177 177 243 247 220 224
962 136 136 183 186 288 288 228 229 215 218 169 169 0 0 212 220
967 136 136 183 186 288 288 228 228 214 214 169 177 243 251 220 220
969 136 136 183 186 288 288 228 228 215 220 169 169 247 247 220 220
971 136 136 183 186 286 290 235 235 215 218 169 169 238 247 220 220
973 136 136 183 186 286 290 228 228 214 218 169 169 255 259 220 228
975 136 136 183 186 286 288 226 226 0 0 169 169 243 247 220 220
980 136 136 183 186 286 288 226 228 214 218 169 169 238 251 220 224
981 136 136 183 186 288 288 228 237 214 214 177 177 251 255 212 212
982 136 136 186 188 284 288 229 229 218 218 169 177 251 255 212 212
987 136 136 186 188 268 286 228 229 215 215 169 169 251 251 212 220
988 136 136 186 188 268 286 228 229 214 218 169 169 238 255 220 224
990 136 136 186 188 268 286 228 228 215 215 169 169 238 238 224 228
992 136 136 186 188 0 0 229 229 218 218 169 177 251 251 212 212
994 136 136 177 186 284 284 229 235 212 218 169 177 238 255 212 220
996 136 136 177 186 284 290 235 235 0 0 169 177 251 251 212 220
998 136 136 177 186 284 290 235 235 215 218 169 177 238 251 212 220
1000 136 136 177 186 290 293 226 228 214 218 169 173 251 259 212 220
1001 136 136 177 186 290 293 226 228 214 218 169 177 247 263 212 220
1002 136 136 177 186 290 290 229 241 218 218 169 181 251 255 212 220
1003 136 136 177 186 290 290 226 226 218 218 169 169 238 238 212 220
1006 136 136 177 186 268 284 229 235 215 218 169 169 238 251 216 220
1008 136 136 177 186 268 290 229 229 218 218 177 181 238 255 212 220
1009 136 136 177 186 268 290 226 229 215 226 169 181 238 238 212 220
1012 136 136 177 186 268 290 226 229 0 0 0 0 238 238 220 228
1013 136 136 177 186 268 290 228 229 218 228 181 181 255 255 212 228
1024 136 136 177 186 268 290 226 228 0 0 0 0 238 255 220 228
1025 136 136 177 186 268 290 228 228 214 215 169 177 247 251 212 232
1026 136 136 177 186 268 290 228 228 212 218 181 181 238 255 212 212
1033 136 136 177 186 268 268 235 235 218 218 169 177 243 251 212 220
1034 136 136 177 186 268 268 228 241 215 218 165 169 238 255 212 220
1037 136 136 177 186 268 268 228 229 218 218 177 181 255 255 220 220
1038 136 136 177 186 268 268 228 229 218 218 169 177 238 255 212 228
1040 136 136 177 186 268 268 228 229 218 218 169 169 255 255 212 212
1047 136 136 177 186 268 268 228 228 218 228 169 169 238 255 216 228
1052 136 136 177 186 268 268 228 228 218 218 181 181 255 255 212 216
1053 136 136 177 186 268 268 228 228 218 218 181 181 255 255 212 228
1054 136 136 177 186 268 268 228 228 218 218 169 181 238 255 212 212
1060 136 136 177 186 268 268 228 228 218 218 169 169 238 255 216 228
1065 136 136 177 186 288 293 228 235 0 0 169 177 243 259 212 220
1066 136 136 177 186 288 290 229 235 212 215 169 177 251 251 212 216
1071 136 136 177 186 288 290 228 229 214 218 169 177 251 255 220 228
1074 136 136 177 186 268 288 235 235 215 215 169 169 251 255 212 220
1084 136 136 177 186 288 288 228 228 215 218 177 177 251 263 212 228
1091 136 136 177 186 286 290 228 229 218 218 169 169 238 255 220 228
1098 136 136 177 186 268 286 229 229 215 218 169 177 238 255 212 212
1102 136 136 177 186 268 286 228 241 215 218 165 169 238 255 212 220
1105 136 136 177 186 268 286 228 229 218 218 169 177 238 255 220 228
1108 136 136 177 186 268 286 226 228 218 218 169 169 238 255 220 220
1112 136 136 177 186 268 286 228 228 215 218 169 169 243 243 220 224
1115 136 136 177 186 286 288 226 228 215 226 169 169 243 255 212 228
1119 136 136 177 186 286 286 226 226 0 0 0 0 238 238 212 228
1120 136 136 177 186 286 286 228 229 215 218 169 169 238 251 212 220
1121 136 136 177 186 0 0 235 235 218 218 169 169 243 243 212 220
1122 136 136 177 186 268 288 226 228 215 218 169 177 238 255 212 220
1123 136 136 177 186 0 0 228 228 218 218 177 181 238 255 212 212
1124 136 136 177 186 0 0 228 228 218 218 177 181 238 255 212 220
1125 136 136 177 186 0 0 228 228 218 218 169 177 238 238 228 228
1131 136 136 186 186 290 290 229 235 215 218 169 177 238 255 216 220
1132 136 136 186 186 290 290 226 237 215 218 169 177 247 255 224 224
1133 136 136 186 186 290 290 228 237 214 215 169 177 234 247 212 220
1134 136 136 186 186 290 290 228 237 0 0 169 169 238 238 212 220
1137 136 136 186 186 290 290 226 228 215 218 169 169 238 255 212 220
1138 136 136 186 186 290 290 226 228 214 218 177 177 247 247 212 220
1139 136 136 186 186 290 290 226 228 214 218 169 177 247 247 220 220
1143 136 136 186 186 290 290 228 228 215 215 169 169 255 259 212 224
1146 136 136 186 186 290 290 228 228 215 218 169 169 243 259 212 220
1147 136 136 186 186 290 290 228 228 214 218 169 169 251 255 220 220
1156 136 136 186 186 268 290 226 237 218 218 169 177 247 251 220 220
1157 136 136 186 186 268 290 226 237 215 215 169 169 259 259 212 220
1162 136 136 186 186 268 290 226 229 0 0 177 177 247 247 220 220
1167 136 136 186 186 268 290 228 237 0 0 169 169 243 247 212 220
1173 136 136 186 186 268 290 228 229 218 218 169 177 238 255 212 220
1176 136 136 186 186 268 290 228 235 214 215 169 177 243 255 212 224
1182 136 136 186 186 268 290 226 228 215 226 173 177 247 255 220 224
1185 136 136 186 186 268 290 226 228 215 218 169 177 247 247 220 224
1200 136 136 186 186 268 290 228 228 215 218 169 177 243 251 212 220
1205 136 136 186 186 268 290 228 228 214 218 165 181 255 255 212 228
1207 136 136 186 186 268 290 228 228 218 218 169 181 238 255 212 212
1208 136 136 186 186 268 290 228 228 218 218 169 181 238 255 212 228
1212 136 136 186 186 268 290 228 228 0 0 177 177 263 263 220 228
1214 136 136 186 186 268 290 228 228 215 215 169 169 243 251 212 220
1218 136 136 186 186 268 290 228 228 0 0 0 0 243 243 232 232
1222 136 136 186 186 268 268 229 229 218 228 181 181 238 255 216 228
1224 136 136 186 186 268 268 229 229 212 218 169 181 259 259 212 220
1226 136 136 186 186 268 268 229 229 218 218 181 181 238 255 216 228
1233 136 136 186 186 268 268 229 229 218 218 177 181 238 255 212 212
1236 136 136 186 186 268 268 229 229 212 215 169 181 238 255 212 212
1237 136 136 186 186 268 268 229 235 215 218 169 169 251 251 216 236
1239 136 136 186 186 268 268 226 226 215 215 169 177 247 247 212 220
1240 136 136 186 186 268 268 226 226 218 228 169 177 238 238 220 228
1241 136 136 186 186 268 268 226 226 0 0 0 0 238 238 212 212
1248 136 136 186 186 268 268 228 229 215 215 169 177 247 259 212 224
1250 136 136 186 186 268 268 228 229 215 218 169 169 238 255 212 212
1259 136 136 186 186 268 268 228 229 218 218 169 177 255 255 212 220
1265 136 136 186 186 268 268 228 229 215 218 169 181 238 238 212 212
1276 136 136 186 186 268 268 226 228 218 218 177 181 238 255 212 220
1283 136 136 186 186 268 268 228 228 215 215 169 177 243 247 220 224
1291 136 136 186 186 268 268 228 228 215 218 169 177 238 247 220 224
1301 136 136 186 186 268 268 228 228 218 218 169 177 255 255 212 212
1302 136 136 186 186 268 268 228 228 218 218 169 177 255 255 220 220
1306 136 136 186 186 268 268 228 228 218 218 177 181 255 255 212 212
1307 136 136 186 186 268 268 228 228 0 0 169 177 251 251 212 220
1308 136 136 186 186 268 268 228 228 0 0 169 169 238 255 212 212
1309 136 136 186 186 268 268 228 228 218 218 169 169 238 255 212 228
1310 136 136 186 186 268 268 228 228 0 0 169 169 238 255 220 228
1313 136 136 186 186 284 288 228 228 215 218 169 177 238 238 220 220
1317 136 136 186 186 288 293 228 228 214 218 169 177 251 259 220 224
1318 136 136 186 186 288 293 228 228 214 218 169 177 247 255 212 220
1320 136 136 186 186 288 293 0 0 0 0 177 177 243 243 212 220
1322 136 136 186 186 288 290 237 237 218 218 177 177 243 243 220 220
1323 136 136 186 186 288 290 235 237 214 214 169 169 238 247 212 232
1325 136 136 186 186 288 290 226 237 215 215 177 177 243 243 212 220
1326 136 136 186 186 288 290 226 237 215 215 177 177 243 247 212 220
1328 136 136 186 186 288 290 226 226 212 215 169 169 243 247 212 220
1337 136 136 186 186 288 290 228 237 0 0 0 0 247 259 212 220
1338 136 136 186 186 288 290 228 229 215 215 169 177 238 243 212 228
1343 136 136 186 186 288 290 228 235 214 218 169 177 259 259 220 220
1344 136 136 186 186 288 290 228 235 214 218 169 177 243 255 212 220
1351 136 136 186 186 288 290 226 228 214 218 177 177 243 255 212 220
1356 136 136 186 186 288 290 228 228 212 215 169 169 243 255 212 220
1365 136 136 186 186 288 290 228 228 214 218 169 177 251 255 212 220
1366 136 136 186 186 288 290 228 228 218 218 169 169 251 255 212 220
1368 136 136 186 186 268 288 237 237 0 0 169 169 238 259 212 212
1370 136 136 186 186 268 288 235 237 215 218 177 177 259 259 220 220
1372 136 136 186 186 268 288 226 237 212 215 169 169 247 247 212 220
1374 136 136 186 186 268 288 226 237 215 215 169 177 243 247 220 224
1377 136 136 186 186 268 288 226 237 215 218 169 177 234 259 212 236
1380 136 136 186 186 268 288 226 237 218 218 169 177 247 263 212 224
1381 136 136 186 186 268 288 226 237 0 0 177 177 243 259 212 228
1387 136 136 186 186 268 288 226 226 215 218 169 177 247 247 212 212
1388 136 136 186 186 268 288 226 226 218 218 169 169 238 255 220 224
1389 136 136 186 186 268 288 226 226 0 0 169 177 243 259 220 224
1391 136 136 186 186 268 288 224 228 214 218 169 177 247 247 212 224
1396 136 136 186 186 268 288 228 237 214 215 169 169 243 243 220 220
1400 136 136 186 186 268 288 228 237 215 218 169 169 247 259 220 224
1402 136 136 186 186 268 288 228 237 214 218 169 177 243 255 224 232
1403 136 136 186 186 268 288 228 237 215 218 169 177 238 247 220 220
1408 136 136 186 186 268 288 228 229 215 218 177 177 238 251 220 228
1409 136 136 186 186 268 288 228 229 215 218 169 181 238 238 212 220
1410 136 136 186 186 268 288 228 229 218 218 169 169 247 259 212 212
1411 136 136 186 186 268 288 228 229 214 215 169 169 238 247 212 212
1412 136 136 186 186 268 288 228 235 212 215 169 169 243 247 212 224
1414 136 136 186 186 268 288 228 235 215 218 169 177 243 247 212 220
1416 136 136 186 186 268 288 226 228 212 212 169 177 247 247 208 212
1417 136 136 186 186 268 288 226 228 212 215 169 177 243 259 212 220
1422 136 136 186 186 268 288 226 228 214 228 169 169 251 259 220 224
1424 136 136 186 186 268 288 226 228 214 215 169 177 247 251 212 220
1426 136 136 186 186 268 288 226 228 214 215 169 169 259 259 212 220
1433 136 136 186 186 268 288 226 228 215 218 169 177 243 247 212 220
1435 136 136 186 186 268 288 226 228 215 218 169 169 243 259 212 224
1438 136 136 186 186 268 288 226 228 215 218 169 169 238 255 220 228
1439 136 136 186 186 268 288 226 228 214 218 169 177 259 263 212 224
1447 136 136 186 186 268 288 226 228 0 0 177 177 259 259 212 224
1448 136 136 186 186 268 288 226 228 215 218 169 177 243 259 220 220
1451 136 136 186 186 268 288 226 228 0 0 169 169 238 238 212 220
1452 136 136 186 186 268 288 226 228 0 0 169 169 238 243 212 212
1453 136 136 186 186 268 288 226 228 214 214 169 169 247 270 220 224
1461 136 136 186 186 268 288 228 228 215 215 173 177 251 255 212 220
1469 136 136 186 186 268 288 228 228 214 215 169 177 238 255 212 228
1470 136 136 186 186 268 288 228 228 214 215 169 169 259 259 212 212
1479 136 136 186 186 268 288 228 228 215 218 169 177 251 251 220 224
1481 136 136 186 186 268 288 228 228 215 218 169 169 247 259 212 220
1483 136 136 186 186 268 288 228 228 215 218 169 169 238 255 212 224
1487 136 136 186 186 268 288 228 228 214 218 169 169 251 251 220 224
1489 136 136 186 186 268 288 228 228 218 218 177 177 259 259 212 224
1491 136 136 186 186 268 288 228 228 218 218 177 177 247 259 212 224
1492 136 136 186 186 268 288 228 228 218 218 169 169 247 247 220 220
1493 136 136 186 186 268 288 228 228 0 0 177 177 247 259 212 224
1495 136 136 186 186 268 288 228 228 0 0 169 177 251 251 220 228
1498 136 136 186 186 268 288 228 228 0 0 169 169 259 259 212 220
1499 136 136 186 186 268 288 228 228 215 218 169 169 247 251 220 228
1502 136 136 186 186 288 288 229 229 0 0 0 0 251 251 216 224
1512 136 136 186 186 288 288 226 229 0 0 169 169 247 247 220 220
1513 136 136 186 186 288 288 226 235 214 214 169 169 243 247 220 220
1514 136 136 186 186 288 288 226 235 215 218 169 177 234 243 212 220
1515 136 136 186 186 288 288 226 226 215 215 169 173 243 259 220 220
1521 136 136 186 186 288 288 226 226 215 218 169 169 243 247 220 224
1525 136 136 186 186 288 288 226 226 0 0 169 169 243 243 220 224
1526 136 136 186 186 288 288 226 226 215 218 169 169 238 247 220 220
1531 136 136 186 186 288 288 224 228 0 0 177 177 238 238 212 220
1534 136 136 186 186 288 288 228 237 214 214 169 173 243 247 212 232
1536 136 136 186 186 288 288 228 237 215 218 169 177 247 255 212 220
1543 136 136 186 186 288 288 228 229 215 220 169 177 238 238 212 224
1546 136 136 186 186 288 288 228 229 214 218 169 169 243 251 220 232
1549 136 136 186 186 288 288 228 235 218 220 169 177 238 247 220 220
1552 136 136 186 186 288 288 226 228 215 226 177 177 243 255 220 228
1560 136 136 186 186 288 288 226 228 214 215 169 177 243 255 228 228
1562 136 136 186 186 288 288 226 228 214 214 173 177 243 247 220 220
1568 136 136 186 186 288 288 226 228 215 218 169 177 243 247 220 220
1569 136 136 186 186 288 288 226 228 215 218 169 169 247 259 212 220
1573 136 136 186 186 288 288 226 228 214 218 169 177 251 263 224 228
1575 136 136 186 186 288 288 226 228 218 218 169 169 243 247 220 232
1576 136 136 186 186 288 288 226 228 0 0 177 177 259 270 212 224
1577 136 136 186 186 288 288 226 228 214 215 169 177 243 255 212 236
1579 136 136 186 186 288 288 226 228 215 218 169 169 247 247 220 224
1581 136 136 186 186 288 288 226 228 0 0 0 0 243 255 212 236
1585 136 136 186 186 288 288 228 228 215 215 169 177 247 259 220 220
1586 136 136 186 186 288 288 228 228 215 215 169 177 243 247 220 220
1587 136 136 186 186 288 288 228 228 215 215 169 169 247 259 220 220
1588 136 136 186 186 288 288 228 228 215 215 169 169 243 247 212 220
1589 136 136 186 186 288 288 228 228 215 215 169 169 247 247 212 220
1593 136 136 186 186 288 288 228 228 214 215 169 177 0 0 220 228
1596 136 136 186 186 288 288 228 228 214 214 169 173 243 247 212 220
1599 136 136 186 186 288 288 228 228 215 218 169 177 243 243 212 220
1603 136 136 186 186 288 288 228 228 215 218 169 169 238 247 224 232
1607 136 136 186 186 288 288 228 228 214 218 169 169 243 259 212 220
1610 136 136 186 186 288 288 228 228 0 0 177 177 247 247 212 220
1613 136 136 186 186 288 288 228 228 0 0 169 169 247 259 220 224
1615 136 136 186 186 0 0 228 228 218 218 169 169 238 238 212 228
1616 136 136 186 186 288 288 228 228 0 0 0 0 238 255 212 212
1620 136 136 186 186 286 290 237 237 214 224 169 169 238 247 224 228
1623 136 136 186 186 286 290 228 237 214 214 177 177 243 259 216 220
1624 136 136 186 186 286 290 228 229 218 230 169 181 238 255 212 212
1625 136 136 186 186 286 290 228 229 212 218 169 181 238 255 212 212
1626 136 136 186 186 286 290 228 229 218 218 181 181 238 255 212 228
1633 136 136 186 186 286 290 226 228 0 0 169 177 243 247 212 212
1638 136 136 186 186 286 290 228 228 215 218 177 177 247 251 212 212
1659 136 136 186 186 268 286 228 229 218 218 177 181 238 238 212 228
1667 136 136 186 186 268 286 228 229 212 218 177 181 238 238 212 212
1668 136 136 186 186 268 286 228 229 218 218 169 181 238 255 212 220
1669 136 136 186 186 268 286 228 229 218 218 169 177 238 255 212 220
1672 136 136 186 186 268 286 228 229 218 218 177 181 238 238 212 212
1673 136 136 186 186 268 286 228 229 218 218 181 181 255 255 212 228
1675 136 136 186 186 268 286 226 228 220 226 169 177 255 263 220 220
1679 136 136 186 186 268 286 226 228 218 222 165 181 251 255 212 212
1687 136 136 186 186 268 286 228 228 212 218 177 177 255 255 212 220
1688 136 136 186 186 268 286 228 228 218 220 181 181 238 255 212 220
1695 136 136 186 186 268 286 228 228 218 218 169 177 243 259 220 224
1701 136 136 186 186 268 286 228 228 218 218 169 181 238 238 220 228
1704 136 136 186 186 268 286 228 228 218 218 169 177 238 255 212 212
1705 136 136 186 186 286 288 226 229 212 218 165 169 255 255 212 212
1708 136 136 186 186 286 288 228 237 215 218 169 169 243 243 220 228
1710 136 136 186 186 286 288 228 237 218 218 169 169 247 259 212 220
1711 136 136 186 186 286 288 228 237 218 218 169 169 243 247 220 220
1712 136 136 186 186 286 288 228 237 215 218 169 169 247 259 212 220
1716 136 136 186 186 286 288 228 235 214 215 169 177 238 243 224 232
1719 136 136 186 186 286 288 226 228 214 226 177 177 243 247 216 220
1720 136 136 186 186 286 288 226 228 214 215 169 177 243 247 220 224
1722 136 136 186 186 286 288 226 228 215 218 177 177 247 255 212 220
1723 136 136 186 186 286 288 226 228 215 218 169 177 243 259 212 232
1724 136 136 186 186 286 288 226 228 215 218 169 177 247 259 212 220
1725 136 136 186 186 286 288 226 228 215 218 169 169 238 247 220 220
1728 136 136 186 186 286 288 226 228 0 0 169 169 247 267 220 220
1729 136 136 186 186 286 288 226 228 0 0 169 169 243 247 212 220
1730 136 136 186 186 286 288 226 228 0 0 169 169 247 247 220 228
1735 136 136 186 186 286 288 228 228 215 218 169 169 243 247 220 224
1737 136 136 186 186 286 288 228 228 0 0 0 0 243 259 212 232
1738 136 136 186 186 286 286 229 229 218 218 165 169 238 255 212 228
1739 136 136 186 186 286 286 228 237 215 215 177 177 243 243 212 220
1740 136 136 186 186 286 286 228 237 218 218 169 169 243 247 220 220
1745 136 136 186 186 286 286 226 228 214 214 169 169 243 255 212 228
1747 136 136 186 186 286 286 228 228 214 218 169 177 238 238 212 224
1749 136 136 186 186 0 0 224 235 215 215 169 177 251 251 220 220
1750 136 136 186 186 0 0 228 247 218 218 169 177 247 247 220 220
1751 136 136 186 186 0 0 228 237 215 218 169 177 243 243 212 220
1752 136 136 186 186 0 0 228 237 215 218 169 177 247 255 220 224
1753 136 136 186 186 0 0 228 229 215 215 169 177 0 0 228 228
1755 136 136 186 186 0 0 228 229 218 218 177 177 238 238 212 212
1756 136 136 186 186 0 0 228 229 218 218 169 177 238 255 212 212
1757 136 136 186 186 0 0 228 229 0 0 169 177 238 238 212 212
1760 136 136 186 186 0 0 226 228 215 215 169 169 247 251 224 224
1763 136 136 186 186 0 0 226 228 218 218 169 177 243 259 212 232
1764 136 136 186 186 0 0 228 228 215 215 177 177 259 259 220 220
1765 136 136 186 186 0 0 228 228 215 215 177 177 243 255 220 228
1768 136 136 186 186 268 268 228 228 218 218 169 169 247 247 220 220
1769 136 136 186 186 268 290 228 228 214 214 169 177 243 251 232 232
1770 136 136 186 186 0 0 228 228 0 0 169 169 243 243 212 220
1771 136 136 186 186 0 0 0 0 214 214 177 177 238 243 220 224
1778 136 136 175 177 268 268 228 228 218 218 177 181 255 255 212 212
1779 136 136 175 177 268 268 228 228 218 218 169 181 238 238 212 220
1780 136 136 175 177 268 268 228 228 218 218 169 181 255 255 212 220
1786 136 136 175 177 268 286 228 228 214 214 169 169 251 255 212 212
1787 136 136 175 177 286 286 228 229 218 218 169 177 255 255 220 228
1788 136 136 175 177 286 286 228 228 214 215 169 169 255 255 212 212
1789 136 136 175 177 0 0 0 0 218 218 181 181 238 238 212 216
1791 136 136 175 186 268 290 228 229 218 228 165 169 238 255 220 228
1792 136 136 175 186 268 290 228 229 218 218 169 181 238 255 220 220
1796 136 136 175 186 268 268 229 229 218 218 165 169 255 255 216 220
1797 136 136 175 186 268 268 229 229 0 0 181 181 255 255 212 216
1799 136 136 175 186 268 268 228 229 218 218 165 165 255 255 212 220
1801 136 136 175 186 268 268 226 228 215 218 165 181 238 255 208 220
1817 136 136 175 186 268 286 229 229 212 218 165 181 238 255 212 220
1820 136 136 175 186 268 286 226 226 0 0 0 0 238 238 212 216
1821 136 136 175 186 268 286 228 241 218 218 169 181 238 255 212 228
1829 136 136 175 186 268 286 228 228 218 218 169 181 238 255 212 216
1832 136 136 175 186 286 286 226 228 215 222 169 181 238 238 220 228
1836 136 136 175 186 286 286 228 228 218 218 0 0 238 255 212 220
1837 136 136 175 186 0 0 228 241 0 0 181 181 255 255 212 228
1841 136 136 0 0 288 290 228 228 215 215 169 169 0 0 224 224
1842 0 0 190 190 288 290 228 228 212 215 169 169 243 255 212 220
1843 0 0 188 192 275 275 229 229 215 215 0 0 247 251 220 224
1844 136 136 177 190 288 288 226 228 214 214 169 177 247 259 220 220
1847 0 0 186 190 288 290 226 226 214 220 169 177 251 251 220 220
1848 134 136 186 190 288 288 228 228 215 215 169 169 259 259 212 220
1850 0 0 186 190 0 0 228 228 215 220 177 177 243 243 220 228
1854 0 0 186 188 286 288 228 228 0 0 169 169 238 238 220 228
1857 0 0 177 186 288 288 226 228 215 228 169 177 243 263 212 224
1858 134 134 177 186 288 288 226 228 212 215 169 177 247 247 212 228
1859 0 0 177 186 288 288 226 228 215 215 177 177 247 247 212 228
1862 134 136 186 186 268 290 226 237 218 218 169 177 238 247 220 224
1863 0 0 186 186 268 290 228 237 214 214 169 169 251 259 220 236
1865 136 136 186 186 268 290 228 228 212 218 177 181 255 255 212 212
1866 134 136 186 186 268 290 228 228 214 215 169 169 247 247 220 220
1867 0 0 186 186 268 268 226 229 218 228 169 177 238 255 220 228
1879 0 0 186 186 268 288 228 237 215 218 169 169 238 251 212 224
1880 136 136 186 186 268 288 228 235 215 218 169 169 247 255 212 228
1881 134 134 186 186 268 288 226 228 215 215 177 177 247 251 220 220
1883 0 0 186 186 268 288 226 228 0 0 177 177 247 251 220 220
1888 134 136 186 186 268 288 228 228 214 220 169 169 243 259 212 224
1890 136 136 186 186 268 288 228 228 214 215 169 177 247 270 220 224
1897 0 0 186 186 288 288 228 237 0 0 169 169 259 259 212 220
1898 136 136 186 186 288 288 228 237 215 218 169 169 238 251 220 224
1902 0 0 186 186 288 288 226 228 0 0 169 169 243 247 220 220
1903 0 0 186 186 288 288 228 228 215 215 169 169 243 243 220 224
1905 134 136 186 186 288 288 228 228 215 215 169 169 247 259 220 224
1911 0 0 186 186 286 288 228 237 215 220 177 177 243 247 220 224
1913 0 0 186 186 286 288 226 228 0 0 177 177 247 263 212 228
1915 0 0 186 186 0 0 226 228 218 218 169 169 243 251 224 228
4468 134 134 186 188 286 288 228 228 215 215 169 169 238 251 220 228
4470 134 134 186 186 268 288 228 228 0 0 169 177 251 251 220 220
4474 134 136 183 186 268 286 226 226 215 218 169 169 251 251 216 224
4483 136 136 186 186 268 290 228 228 214 218 169 169 251 255 220 224
