M2 5 5 2 2 8 15 4 4 4 7 2 3 4 5 5 6
M3 5 5 9 9 7 16 5 7 4 7 2 4 4 6 6 6
M4 5 5 7 7 7 15 7 11 1 9 2 3 7 7 6 6
M5 5 5 3 4 7 8 5 11 9 13 3 4 2 9 5 5
M6 5 5 2 2 8 15 4 9 4 7 2 2 1 1 4 5
M8 5 5 8 8 7 16 8 11 7 7 2 3 1 3 3 5
M11 4 6 7 8 7 15 7 8 7 9 2 4 5 5 3 8
M12 5 5 2 2 14 16 5 5 9 9 2 8 5 6 4 4
M13 5 5 3 8 8 13 5 8 7 9 2 3 1 5 6 6
M14 5 5 6 8 15 15 8 10 3 7 2 2 5 6 4 5
M16 5 5 2 2 13 13 5 6 4 4 2 3 4 6 6 6
M17 5 5 2 8 15 16 3 8 7 7 2 2 6 7 5 5
M18 5 8 6 8 13 14 7 7 7 7 2 3 2 6 5 6
M19 1 5 2 7 15 15 8 9 7 9 2 2 3 5 5 6
M20 5 6 7 7 7 14 7 8 4 4 2 2 5 5 5 6
M23 5 5 6 9 8 15 10 12 7 7 2 2 6 7 4 4
M25 5 5 7 10 8 13 5 8 7 12 4 4 5 6 3 4
M26 5 5 3 8 7 14 4 9 4 7 1 3 5 7 5 6
M28 5 6 9 9 15 15 6 11 7 9 2 4 2 6 4 4
M31 1 5 3 7 5 13 5 7 4 10 2 7 4 5 5 5
M34 5 8 2 7 8 16 8 11 7 7 2 2 3 3 4 4
M37 5 5 2 2 7 8 4 5 3 13 3 3 1 5 4 4
M38 5 5 5 8 7 8 5 8 7 8 1 2 5 5 6 6
M39 5 5 8 8 3 13 4 11 4 7 2 3 3 5 4 5
M40 5 6 7 7 8 15 5 7 7 9 4 4 5 7 8 8
M41 5 6 3 7 13 15 11 11 7 9 2 2 4 5 5 5
M43 5 5 8 9 13 16 5 8 7 7 2 2 4 5 4 5
M44 5 5 2 8 8 8 6 6 7 12 2 3 4 7 4 5
M45 13 13 6 6 8 15 4 9 4 4 2 3 5 7 5 6
M47 5 5 2 7 7 15 7 7 3 4 2 3 5 9 5 6
M48 5 5 9 9 16 17 5 8 4 7 2 2 3 4 4 4
M49 5 6 6 8 7 15 5 9 4 8 2 3 3 4 4 7
M51 5 5 7 8 7 8 5 5 7 11 2 2 5 5 3 5
M52 5 5 5 7 8 8 7 8 7 7 1 2 4 5 4 4
M55 5 5 2 7 8 16 7 7 8 8 2 3 1 7 5 6
M56 5 10 6 9 14 15 4 9 4 4 2 2 2 5 4 8
M57 5 5 7 9 15 16 7 9 7 9 2 2 2 5 5 5
M59 4 5 7 8 7 7 4 6 4 4 2 2 5 7 6 7
M60 5 5 7 8 7 15 6 6 7 7 2 2 2 3 3 7
M61 5 6 2 2 7 15 4 8 8 9 2 4 5 6 4 6
M62 5 5 5 7 14 15 4 8 7 8 2 3 2 7 3 3
M67 5 6 2 9 8 8 5 12 6 7 1 3 5 6 4 5
M68 1 5 2 8 8 16 6 8 7 8 2 2 7 7 4 5
M70 6 6 5 8 8 15 5 5 5 7 2 3 3 5 5 7
M71 5 5 2 9 8 8 5 5 9 12 3 5 5 5 5 7
M73 1 5 6 7 8 8 8 8 4 9 2 2 4 6 5 8
M75 5 5 2 7 8 15 8 10 4 12 2 8 3 5 5 6
M76 5 5 2 7 8 15 6 8 4 7 2 3 5 9 3 5
M77 5 5 6 6 7 7 4 8 7 9 2 3 3 6 5 6
M79 5 5 6 6 7 7 8 11 4 4 2 2 3 6 4 6
M80 1 5 7 7 14 15 5 7 9 9 2 2 2 5 3 3
M83 5 8 2 2 8 8 4 11 7 8 5 8 5 5 4 5
M85 5 6 2 3 13 13 7 11 7 10 2 4 4 5 4 8
M87 1 6 8 8 8 13 7 9 8 9 2 2 4 6 4 5
M88 1 5 3 8 8 14 2 5 4 7 2 2 3 5 4 6
M89 4 5 2 9 13 13 8 8 4 8 2 3 3 3 5 6
M91 5 5 7 8 8 15 5 11 7 7 1 1 2 5 3 5
M93 10 10 8 8 8 15 5 9 9 9 3 5 6 6 5 8
M99 5 5 2 8 13 15 4 11 7 7 3 4 5 6 7 8
M100 4 5 7 8 8 8 5 10 4 8 2 2 2 5 4 5
M102 5 8 3 7 15 15 4 7 4 9 2 4 1 1 6 6
M104 5 8 6 9 13 15 8 11 4 8 2 3 4 4 5 6
M106 5 5 5 8 13 16 7 9 3 4 2 2 4 4 4 5
M107 1 6 7 8 7 15 7 8 4 7 2 2 6 6 6 6
M108 5 10 2 7 8 15 6 6 4 4 2 5 4 5 4 6
M110 5 11 3 6 15 16 8 9 8 9 2 2 3 4 3 3
M111 5 5 3 3 7 15 4 5 7 9 2 2 1 3 4 5
M113 4 5 7 8 7 8 5 6 9 9 1 2 3 9 5 6
M114 5 5 7 7 7 8 6 8 7 7 2 8 5 6 6 6
M117 5 5 8 8 8 15 9 11 7 7 2 2 5 7 3 4
M118 5 5 1 7 14 16 6 11 6 7 2 4 6 6 3 4
M119 5 5 2 7 8 8 5 8 6 9 3 4 5 5 3 4
M120 5 5 7 7 7 8 5 11 4 10 2 3 3 3 5 5
M121 5 10 8 8 15 16 10 11 4 9 3 3 2 6 4 6
M122 5 5 2 2 16 16 5 7 7 9 2 2 2 6 7 8
M124 5 6 2 7 7 7 10 10 4 13 2 2 3 6 4 5
M127 5 8 6 9 13 15 4 4 7 12 2 4 5 9 6 7
M128 5 6 3 7 7 14 7 9 7 9 2 3 6 6 4 8
M129 4 5 2 7 7 8 5 5 2 4 2 2 6 6 6 6
M131 4 5 3 7 7 16 4 4 4 8 2 4 5 6 6 6
M132 1 5 5 7 8 15 5 9 8 9 2 2 6 7 5 5
M136 6 11 7 8 13 13 5 8 8 13 2 3 4 6 4 5
M137 5 5 2 7 8 14 7 11 3 9 2 2 6 6 4 5
M140 5 5 2 8 14 15 8 8 8 9 2 2 4 4 4 6
M141 5 5 5 7 7 16 5 7 3 7 2 2 4 7 6 6
M142 5 5 3 8 7 8 5 11 4 7 2 5 6 6 3 6
M144 5 5 7 8 8 16 4 8 7 8 2 4 3 5 4 4
M145 5 5 7 8 15 16 5 9 7 7 2 2 6 6 6 6
M146 4 5 2 2 8 13 6 8 7 8 3 4 4 9 3 6
M148 5 5 6 7 14 16 4 7 7 7 2 3 6 6 5 5
M149 5 5 2 8 8 16 5 6 4 9 2 3 5 5 5 6
M152 1 3 7 9 13 14 7 8 7 7 2 2 3 5 4 6
M154 5 5 2 7 15 15 10 10 7 7 2 4 2 9 5 5
M156 1 5 7 8 8 15 5 6 3 7 2 3 3 6 4 5
M158 5 5 2 7 8 16 5 10 4 8 2 3 5 6 5 7
M161 5 5 2 7 8 15 11 11 7 8 2 2 7 7 3 5
M162 5 6 7 8 15 15 5 11 7 7 2 4 5 8 4 4
M165 5 10 2 7 8 15 8 8 7 12 2 2 5 5 5 5
M166 5 10 7 8 7 15 8 9 1 12 3 3 5 9 3 6
M167 4 5 2 7 13 15 8 11 7 9 2 3 4 5 5 6
M168 5 5 3 3 7 16 5 9 9 9 1 3 3 4 4 5
M169 5 5 7 7 16 16 7 7 4 7 2 2 7 9 5 10
M171 5 5 2 5 8 15 5 5 8 8 2 2 3 5 4 5
M173 5 5 7 7 7 8 5 8 7 8 2 2 2 7 5 5
M175 5 5 2 9 7 8 7 7 9 9 3 5 5 5 4 4
M176 5 5 2 7 7 7 7 10 7 7 2 3 2 6 3 6
M178 5 5 7 7 2 8 9 11 4 7 3 3 7 9 4 5
M180 5 5 7 7 8 15 9 10 7 13 2 3 4 6 3 7
M181 1 6 2 7 7 8 7 8 9 10 1 2 3 3 5 6
M185 5 5 8 8 15 15 4 7 3 7 2 2 3 6 4 6
M186 5 5 2 7 16 16 4 8 7 7 2 3 7 7 4 6
M187 5 5 7 8 8 8 5 10 4 9 2 2 7 9 5 5
M188 5 5 2 3 15 16 5 6 9 9 1 2 4 4 4 5
M189 5 6 2 6 8 13 9 9 4 9 2 2 4 6 6 6
M191 5 5 2 8 7 8 6 11 4 7 2 3 3 4 5 6
M192 5 5 3 9 8 14 4 9 9 9 2 2 4 6 4 6
M193 1 5 6 7 15 16 5 5 7 8 2 3 4 5 5 6
M194 1 5 2 7 7 8 5 5 7 7 2 2 5 5 4 8
M197 5 5 5 8 8 16 6 9 4 9 2 2 5 5 4 8
M199 5 5 2 9 14 16 5 10 7 7 2 2 5 6 4 4
M201 1 5 2 7 8 8 4 8 7 9 2 2 3 5 5 7
M205 1 5 3 6 7 15 4 9 7 8 2 2 5 9 3 4
M206 5 5 2 7 13 17 5 11 7 7 2 3 3 4 4 5
M209 5 5 6 7 8 15 7 9 4 7 2 2 4 7 5 5
M210 5 6 2 7 8 13 4 11 7 9 2 2 4 5 4 5
M211 4 11 2 8 14 15 4 6 9 9 2 2 4 4 6 7
M212 5 5 7 8 15 15 5 7 7 8 2 3 1 4 4 5
M213 5 5 2 8 15 17 10 11 7 13 2 3 3 3 5 6
M214 5 6 3 7 15 15 8 10 9 9 2 4 4 6 5 7
M217 1 5 8 8 8 8 6 8 7 7 1 2 6 6 6 6
M219 5 5 2 8 8 16 8 8 8 8 2 3 2 5 4 6
M221 5 6 5 8 8 16 5 11 4 6 2 3 4 5 6 7
M222 5 5 7 7 8 15 9 11 7 9 3 4 6 6 4 4
M224 5 5 2 7 7 8 5 10 7 7 2 2 6 8 5 6
M226 5 5 7 7 13 15 5 11 7 9 2 2 1 5 5 5
M228 4 5 2 2 8 15 7 7 3 4 2 3 5 6 7 7
M230 5 5 2 7 13 15 8 10 7 8 2 3 2 7 4 6
M231 5 6 2 5 8 13 5 10 8 9 2 3 3 4 4 6
M232 5 5 7 7 7 8 10 11 7 7 2 3 4 5 4 5
M235 5 5 2 3 15 15 9 10 7 7 2 2 3 5 4 5
M236 5 6 2 2 13 13 4 8 7 7 2 2 8 9 3 3
M237 5 6 5 5 8 8 4 7 7 8 8 8 5 7 5 7
M240 4 5 2 7 7 15 8 11 8 9 2 2 4 7 5 6
M241 1 5 6 9 13 15 7 8 6 6 2 2 5 9 5 6
M242 5 5 7 7 8 13 5 6 7 9 2 3 4 5 5 6
M243 5 5 2 2 7 15 5 8 7 8 2 3 5 6 5 8
M247 5 5 7 8 8 15 5 5 4 8 2 4 3 7 1 6
M250 5 5 2 7 8 16 5 5 4 7 2 3 5 7 4 6
M251 5 8 7 7 15 16 4 11 7 9 3 3 4 5 6 6
M252 5 5 2 7 7 16 5 7 7 7 2 2 5 5 4 7
M253 5 5 7 9 1 8 6 9 9 13 2 3 6 6 4 5
M254 5 10 7 7 8 8 8 10 9 9 2 2 6 9 6 7
M258 6 6 3 3 8 16 5 8 8 13 2 2 4 5 5 6
M259 5 5 7 9 8 15 5 8 4 8 2 3 5 6 5 5
M263 5 5 5 8 15 15 9 9 4 7 2 2 6 6 6 6
M264 5 5 2 9 14 16 7 8 7 7 2 3 5 5 4 5
M266 5 5 3 5 8 15 5 8 7 12 2 3 3 5 5 7
M267 4 5 2 3 8 8 9 9 4 8 2 2 7 7 5 5
M269 5 5 6 7 9 13 4 9 9 9 3 4 6 7 4 6
M272 5 5 2 7 7 16 5 6 4 4 2 2 5 5 3 7
M273 5 5 8 8 8 14 8 9 7 7 1 2 3 3 3 5
M274 1 8 3 8 15 15 5 7 3 9 2 2 1 1 5 5
M277 5 5 5 7 8 15 9 11 4 7 2 5 2 5 3 3
M278 5 6 2 8 7 16 5 7 7 7 3 4 3 7 5 5
M279 5 5 7 8 7 8 7 8 4 9 3 3 1 5 4 5
M280 5 5 2 2 14 16 6 9 9 12 2 2 6 6 4 5
M281 5 5 5 9 8 17 5 11 7 7 3 8 5 6 4 8
M282 1 5 3 3 15 16 4 7 1 4 2 3 1 7 4 6
M283 5 10 8 8 8 16 9 10 7 8 2 2 4 4 4 4
M285 5 5 2 6 13 15 5 8 3 4 2 3 3 6 6 6
M286 5 5 2 7 7 13 3 8 7 9 2 2 4 7 4 5
M288 5 6 2 9 14 14 7 8 7 12 2 2 3 3 5 5
M289 5 5 6 6 8 8 7 8 4 7 2 5 4 7 5 6
M290 5 5 7 7 8 8 5 7 4 7 2 2 3 4 3 4
M291 5 5 2 8 8 15 11 11 4 7 2 3 4 5 3 6
M293 5 5 2 2 8 16 4 8 4 9 2 3 3 4 3 6
M295 6 6 6 8 8 16 6 8 7 7 1 1 6 6 4 7
M296 5 5 2 7 8 9 4 8 4 4 2 2 2 2 4 7
M297 6 6 8 8 7 7 8 11 7 12 2 4 3 5 3 5
M299 5 5 3 6 8 8 5 5 8 9 3 4 3 7 5 8
M300 5 10 2 7 8 15 7 9 4 7 3 4 7 8 3 6
M303 5 10 3 8 7 8 8 9 6 8 2 5 6 9 3 6
M307 6 6 2 3 15 16 5 8 3 7 2 3 3 3 3 4
M309 5 5 2 8 13 17 8 8 4 9 2 5 4 5 3 7
M310 5 5 2 7 8 15 7 9 7 9 2 2 4 5 5 5
M311 5 5 7 7 7 8 5 8 4 7 3 5 5 6 4 6
M312 1 5 7 9 7 14 5 8 4 7 2 2 4 4 4 4
M317 5 5 2 7 14 16 7 7 4 9 2 2 3 6 5 5
M320 5 6 3 7 8 15 8 9 9 12 1 2 9 9 4 6
M322 5 5 3 6 13 15 4 7 4 4 2 2 2 4 5 6
M324 5 5 7 7 8 16 9 9 4 7 2 3 2 2 6 6
M325 1 5 7 7 15 15 9 11 8 9 2 3 6 6 4 5
M328 5 5 2 9 8 8 7 7 4 12 2 5 5 5 6 6
M329 1 5 7 8 14 15 8 11 7 7 2 2 1 5 6 6
M333 1 5 7 8 7 8 7 10 9 9 2 3 4 5 3 6
M334 5 5 2 7 8 15 7 10 7 9 4 5 5 9 5 7
M335 5 9 2 7 8 13 7 7 4 7 2 3 5 7 5 7
M336 5 5 7 8 15 16 7 8 4 8 2 2 4 6 4 5
M338 1 5 6 6 7 15 5 8 4 7 2 2 7 7 4 6
M340 5 5 2 5 15 16 5 8 7 9 2 2 4 7 3 4
M343 6 6 7 9 8 15 5 5 7 7 2 2 4 6 4 6
M344 1 10 7 7 8 8 5 7 7 9 2 2 6 6 5 6
M345 6 6 2 8 8 15 4 7 4 9 2 3 9 9 3 5
M348 5 5 7 8 8 8 5 7 4 7 2 3 4 4 4 5
M349 5 5 2 7 15 15 5 7 4 7 2 3 5 5 5 8
M350 4 5 2 6 8 15 5 6 4 4 3 3 2 6 4 5
M352 5 5 2 7 15 16 5 10 4 4 2 3 3 6 4 4
M354 5 5 1 3 14 15 8 10 7 7 1 2 6 6 4 7
M355 5 5 2 5 8 15 4 7 7 8 2 2 5 7 4 7
M356 5 8 2 7 8 8 8 11 7 8 2 3 5 5 4 9
M359 5 6 6 8 8 15 5 6 7 9 2 3 6 9 4 5
M360 1 5 7 9 8 8 10 11 7 9 2 3 5 5 5 6
M363 5 5 7 7 8 15 5 9 7 7 2 2 3 6 4 6
M365 5 5 7 7 13 15 4 5 9 10 1 4 4 4 6 7
M366 5 10 7 7 13 15 6 9 4 4 2 2 3 3 3 3
M369 5 10 3 8 8 14 5 8 8 9 2 3 4 5 5 6
M370 5 5 2 6 8 15 7 7 7 9 1 3 4 7 3 6
M371 5 5 7 7 5 8 6 11 3 7 3 3 1 2 6 8
M373 5 6 2 2 16 16 4 11 7 7 2 2 4 5 5 5
M375 5 5 8 8 8 15 7 8 7 7 2 4 6 6 4 6
M376 5 5 2 2 7 7 8 8 7 7 2 3 4 6 4 4
M377 4 5 6 7 15 16 4 11 4 6 3 4 6 6 4 5
M379 5 5 2 8 8 15 8 10 9 9 2 3 7 7 5 7
M380 5 6 8 8 13 15 6 7 7 7 2 3 7 7 5 6
M381 5 5 3 9 8 16 3 7 7 7 2 3 5 5 5 5
M382 5 5 7 8 8 16 7 11 4 9 3 3 3 7 5 6
M383 5 5 7 8 8 8 5 5 4 9 2 2 5 6 5 6
M386 5 5 2 7 15 15 5 9 4 9 2 2 1 6 5 5
M387 1 5 7 9 7 8 9 10 4 6 3 3 6 6 4 5
M388 5 5 7 7 8 8 5 8 4 4 2 4 4 5 4 4
M389 5 5 2 7 13 16 8 11 4 7 2 4 4 6 3 4
M390 5 5 6 7 8 15 4 6 12 12 2 2 4 7 5 6
M394 5 5 2 8 7 13 9 9 7 8 2 2 1 6 3 6
M395 4 5 8 8 7 15 4 11 3 8 1 3 4 6 5 6
M396 5 5 8 8 14 15 5 9 7 9 2 3 6 6 5 6
M397 5 5 2 7 8 8 8 9 7 12 2 2 5 5 2 6
M399 5 5 3 9 7 7 8 8 9 12 2 3 3 3 3 5
M401 5 5 2 2 8 14 5 8 4 7 2 5 1 6 5 5
M402 4 5 6 8 8 15 5 11 7 9 2 3 4 4 4 4
M403 5 5 7 7 16 16 7 7 7 9 2 2 5 5 5 6
M409 2 6 5 7 8 8 4 11 7 7 3 4 5 5 6 6
M410 5 5 6 7 7 15 5 9 7 10 2 2 2 5 3 6
M411 3 10 7 8 9 13 6 9 7 7 2 3 4 6 3 6
M412 5 12 6 8 13 16 5 7 9 12 3 4 1 5 4 5
M413 5 6 3 8 13 16 8 10 4 7 3 3 6 7 4 5
M414 5 5 6 7 7 8 4 8 4 4 2 3 5 6 6 6
M415 5 5 7 8 8 15 6 7 8 9 2 4 4 6 6 7
M416 1 5 6 9 7 15 6 7 4 7 3 3 2 2 5 6
M417 5 5 6 7 7 8 4 9 7 13 2 2 3 5 3 3
M419 4 4 7 7 15 16 5 7 1 9 2 3 2 5 4 6
M420 1 5 7 8 8 8 6 9 7 7 2 4 5 5 5 7
M422 5 5 8 9 7 14 6 7 7 13 2 3 2 6 4 4
M424 5 5 10 10 8 14 6 7 7 7 2 3 7 9 2 6
M427 5 5 7 9 13 15 4 8 7 8 2 3 2 3 5 6
M429 4 5 5 7 8 16 8 11 7 8 1 2 3 5 4 5
M430 5 10 2 9 8 13 3 5 7 8 2 3 5 5 4 6
M431 1 5 3 3 8 13 8 11 4 7 2 3 4 4 4 6
M434 1 5 8 8 7 15 8 9 7 9 2 4 4 5 4 4
M435 5 11 2 8 8 8 9 10 4 6 3 3 3 7 5 6
M436 5 10 3 7 15 15 5 8 7 9 3 4 5 5 5 5
M438 4 5 1 2 8 16 5 8 9 9 2 2 5 6 5 7
M441 5 5 7 9 16 16 9 11 7 7 2 3 4 6 5 8
M442 5 6 3 3 8 15 6 7 4 4 2 2 3 5 5 7
M443 4 6 7 8 8 8 6 7 8 9 1 3 3 6 4 6
M444 1 5 7 7 14 16 5 5 9 9 2 2 6 9 5 5
M445 5 7 2 8 7 14 7 8 4 8 2 2 6 7 4 6
M446 5 5 2 7 8 14 4 11 4 8 2 3 3 5 5 7
M449 5 8 5 7 7 16 2 8 7 9 2 2 3 4 5 5
M450 5 5 2 7 8 13 9 11 3 4 2 3 6 7 6 6
M458 5 10 2 7 8 15 7 9 4 4 2 3 5 6 4 4
M460 5 6 3 7 13 15 5 10 7 7 2 2 4 5 5 9
M465 5 5 2 2 8 15 8 12 3 4 2 2 1 6 7 7
M466 5 5 2 3 8 13 5 7 7 9 2 2 2 3 3 7
M470 5 8 3 7 14 15 8 8 4 7 2 5 4 5 5 5
M474 4 5 2 3 8 15 5 5 5 10 1 2 5 6 5 6
M478 3 6 2 6 8 15 8 10 4 9 2 3 3 7 3 4
M479 5 5 7 7 9 15 7 8 8 8 2 2 1 4 3 6
M480 5 5 2 8 7 14 5 9 7 7 2 2 6 6 4 4
M481 5 7 2 9 14 15 5 8 4 8 4 5 1 4 5 5
M482 5 6 7 8 15 16 8 10 4 4 2 4 4 5 5 6
M483 4 5 3 7 14 15 5 7 4 7 2 3 5 6 5 6
M484 6 6 5 8 8 16 4 11 4 7 1 2 4 7 5 5
M485 5 5 3 5 14 15 4 7 9 9 2 2 4 4 3 4
M488 4 5 6 7 13 15 5 7 4 7 2 2 4 4 3 7
M489 5 5 6 8 8 14 5 9 1 9 2 3 4 5 5 6
M490 5 6 2 6 8 14 10 10 7 9 2 3 6 6 4 4
M492 5 6 2 2 14 15 8 9 4 7 2 2 4 4 6 6
M494 5 5 7 7 15 15 8 11 7 7 2 2 4 7 5 6
M496 5 5 2 7 8 8 5 8 4 7 2 2 4 6 6 6
M497 5 5 5 7 8 15 7 7 4 8 2 2 4 9 4 5
M500 5 5 3 9 15 16 6 9 1 8 2 5 5 6 4 5
M501 5 5 6 7 15 16 4 7 4 4 2 2 4 6 4 4
M503 5 5 6 6 8 13 4 5 7 9 2 3 1 6 5 5
M504 5 8 8 8 14 15 7 7 4 8 2 2 4 5 5 8
M505 5 5 2 7 2 8 8 8 7 7 2 8 4 7 4 7
M507 5 6 3 8 13 14 2 4 6 8 2 6 1 5 5 5
M509 5 6 2 9 7 13 4 9 7 8 2 2 3 5 5 7
M512 4 5 7 8 8 15 6 9 4 4 2 4 6 6 4 7
M513 5 5 2 7 14 16 11 12 4 7 2 2 5 5 7 9
M514 5 6 3 7 15 15 5 9 4 4 2 3 2 6 4 5
M515 5 5 2 7 7 15 5 5 4 7 2 4 1 6 6 6
M516 4 6 7 8 7 8 8 11 1 7 2 2 4 7 5 6
M523 8 8 6 8 7 7 7 7 4 7 2 2 5 5 4 4
M524 5 5 3 8 7 15 9 11 7 9 2 2 6 6 4 5
M526 5 5 2 3 8 14 8 11 7 9 2 2 4 5 4 5
M532 5 5 7 7 7 8 5 6 7 7 2 2 4 7 5 6
M533 5 5 3 8 13 16 5 8 7 7 4 4 5 6 4 4
M534 5 5 7 8 15 16 7 8 4 4 2 2 4 7 5 6
M537 5 5 2 7 8 13 5 6 7 8 2 2 6 6 4 6
M538 5 8 2 7 8 15 6 8 8 10 2 3 2 4 3 6
M539 5 5 3 3 7 8 7 10 7 9 2 2 2 3 5 5
M540 5 5 1 3 8 8 7 11 7 8 2 5 5 6 3 5
M541 5 6 3 3 8 16 9 10 8 8 1 2 4 5 5 6
M544 5 5 7 7 16 16 7 12 9 9 1 2 4 5 5 6
M547 6 6 5 7 7 14 6 8 4 7 3 3 6 6 5 6
M548 5 5 1 7 7 15 6 8 4 4 2 4 5 6 4 5
M549 5 5 2 7 8 8 7 8 7 7 2 2 1 3 6 6
M550 5 5 2 9 15 15 4 8 7 9 3 3 2 9 5 6
M554 5 5 2 8 15 16 6 8 3 9 3 3 4 5 3 5
M555 5 5 2 8 7 7 7 8 9 9 2 2 3 5 3 6
M556 5 5 8 8 15 16 8 8 10 10 2 2 6 9 7 7
M558 5 6 7 7 15 15 8 8 9 12 2 2 1 6 5 7
M559 5 5 7 9 15 15 5 6 7 9 2 2 6 6 5 6
M560 5 7 2 5 15 15 5 6 7 8 2 5 5 5 5 6
M561 5 5 7 7 7 15 4 6 7 7 2 3 4 4 5 6
M562 5 5 5 9 7 15 4 7 4 8 3 3 3 7 4 6
M563 5 5 2 8 8 16 9 9 7 9 2 2 5 6 5 6
M564 5 5 7 9 8 15 6 7 9 9 3 5 5 6 4 5
M565 6 10 6 7 8 16 6 6 4 4 2 2 1 2 4 7
M566 5 5 7 7 13 13 9 12 4 9 2 4 1 6 4 4
M570 5 5 6 7 15 15 4 4 2 7 3 5 6 6 5 5
M572 5 5 6 7 13 15 9 11 7 7 1 2 1 3 5 6
M573 5 6 2 7 8 8 5 7 7 12 2 3 1 3 5 7
M574 5 5 4 6 8 8 7 8 7 7 2 2 3 6 5 6
M575 5 5 2 7 7 8 6 7 4 4 2 3 1 7 4 7
M576 5 5 5 8 8 8 7 9 7 7 2 4 2 4 4 4
M577 5 5 5 7 8 16 5 9 8 9 2 2 3 3 6 6
M582 5 5 2 6 14 15 4 8 4 8 2 2 4 4 3 5
M583 5 6 2 2 8 16 5 11 7 8 3 4 5 5 4 5
M585 5 10 7 8 15 15 4 8 4 7 2 2 6 6 4 4
M588 5 6 5 7 8 8 6 8 4 13 5 5 5 11 5 5
M589 4 5 2 6 14 15 10 11 8 12 2 3 4 4 4 4
M590 5 5 2 7 13 14 4 5 8 9 2 2 6 6 5 5
M593 5 12 7 7 8 8 10 11 3 13 4 4 2 5 3 4
M594 5 6 2 7 7 15 6 10 1 6 2 3 1 6 5 5
M597 5 5 7 8 7 16 3 8 9 12 2 3 6 7 5 5
M599 5 5 2 3 7 15 4 7 4 7 3 4 4 9 6 7
M601 5 6 7 7 7 14 4 10 7 9 2 4 3 6 7 8
M602 4 5 3 3 13 15 6 9 7 9 2 4 4 4 5 6
M603 5 6 2 8 8 16 4 7 7 7 2 2 5 5 5 5
M604 5 5 2 8 7 8 5 8 9 12 2 2 6 6 4 5
M605 5 5 3 7 8 15 6 7 8 13 1 5 4 9 4 5
M606 5 5 7 7 13 15 9 11 7 7 2 3 4 5 4 5
M608 5 5 2 7 8 15 7 7 8 9 2 3 5 5 3 6
M609 5 5 3 9 7 8 5 8 4 4 2 3 3 5 5 7
M610 1 5 1 3 15 15 5 6 7 7 2 2 2 5 4 5
M611 5 5 2 7 13 15 4 4 4 9 4 4 1 7 4 5
M614 5 14 2 7 15 16 6 6 4 4 2 2 5 5 6 7
M615 6 11 3 7 14 14 7 10 7 7 2 2 5 5 5 5
M618 5 5 3 7 15 15 7 7 7 7 2 3 4 4 4 6
M623 5 6 7 7 8 14 3 11 8 8 2 2 7 9 4 6
M625 5 5 2 2 15 16 8 9 7 8 2 4 5 7 4 6
M626 1 6 2 2 13 14 2 5 4 7 2 4 6 7 4 5
M627 5 5 2 2 8 15 4 10 7 7 2 3 5 5 4 5
M628 5 5 1 2 13 15 9 10 8 9 2 2 4 6 4 5
M629 5 10 2 2 8 13 4 9 4 4 3 3 1 5 4 5
M633 5 5 2 3 8 14 6 11 7 10 3 3 4 6 5 6
M634 5 5 7 9 8 15 6 10 4 9 2 7 6 7 4 8
M636 1 1 7 8 14 15 7 7 7 12 2 2 5 5 3 6
M637 5 5 5 6 15 15 6 9 4 7 2 4 3 7 6 6
M639 1 10 2 2 15 15 5 7 7 9 2 2 6 6 6 6
M640 5 5 7 8 7 8 6 8 4 4 2 2 4 6 5 6
M641 4 5 2 7 8 16 8 8 8 12 2 3 1 6 3 4
M642 5 5 2 3 14 14 7 11 4 7 2 3 6 7 5 8
M647 1 5 7 7 8 14 6 9 4 7 2 2 4 7 4 6
M649 5 5 2 6 15 16 7 10 8 9 1 3 4 6 3 5
M651 6 6 2 3 7 15 5 11 7 7 2 2 4 6 5 5
M652 5 5 2 2 13 15 5 9 3 4 2 2 5 6 4 5
M653 5 5 6 7 8 8 4 5 7 9 2 3 4 5 3 4
M654 5 6 2 8 8 14 4 6 4 10 2 3 3 5 5 5
M655 5 5 5 7 7 15 8 9 4 4 2 5 5 5 4 5
M656 4 5 5 9 16 16 6 9 7 8 2 2 3 9 3 4
M657 5 5 7 8 15 15 7 11 7 8 2 3 2 4 5 5
M659 5 6 6 9 13 14 6 7 9 9 2 2 6 9 5 6
M660 5 5 7 8 13 13 5 7 8 9 2 5 5 7 5 6
M661 4 5 6 9 8 16 5 9 7 9 2 3 5 5 5 6
M662 5 8 8 8 15 16 6 9 7 8 2 5 4 7 5 6
M663 5 5 2 9 7 14 7 8 4 7 3 4 5 5 4 4
M666 5 5 2 9 8 15 4 4 7 12 2 5 5 5 5 5
M668 5 5 7 7 15 15 5 8 7 7 3 3 4 6 3 6
M670 3 5 2 6 7 14 4 10 4 8 2 3 4 6 5 8
M671 5 10 7 7 8 16 6 8 4 7 2 2 3 7 5 5
M672 4 5 2 9 13 13 7 8 4 10 2 3 5 6 5 5
M673 5 5 2 2 15 15 9 10 7 8 2 3 1 4 6 6
M676 1 5 3 8 7 13 4 11 7 7 2 3 4 5 3 7
M677 1 5 2 7 13 14 6 7 4 8 2 2 2 6 4 7
M678 5 8 7 8 8 15 8 8 9 9 2 3 5 5 4 6
M679 5 5 1 6 8 14 4 10 4 4 2 2 6 7 4 5
M680 1 5 8 8 7 15 5 5 4 7 2 3 5 6 4 5
M681 5 5 6 8 7 15 5 8 8 8 2 4 7 7 3 8
M682 5 5 2 6 7 8 8 9 7 9 2 4 3 3 4 7
M685 5 5 9 9 15 16 5 6 7 7 2 4 4 6 5 6
M686 5 5 2 7 15 16 4 8 4 7 3 3 3 4 6 7
M687 5 10 6 7 8 8 5 6 4 7 2 2 2 5 6 6
M692 5 5 6 6 7 15 7 8 7 7 2 3 3 6 4 5
M694 5 5 2 7 8 15 5 8 4 4 1 2 2 7 7 9
M698 1 5 3 7 15 15 7 8 8 9 2 2 5 5 4 4
M699 1 5 6 6 16 16 10 10 7 8 3 3 3 4 3 5
M700 5 5 8 9 7 14 4 8 4 7 2 2 3 5 5 6
M701 5 6 5 8 8 8 5 8 7 7 2 3 7 7 3 4
M709 5 10 7 7 15 16 9 9 7 9 3 3 4 7 5 6
M712 1 5 6 8 8 8 5 10 7 12 2 4 6 6 4 5
M713 5 5 2 3 15 15 8 11 7 8 2 3 3 6 3 6
M716 5 5 7 8 8 14 9 9 3 7 3 3 6 6 5 6
M717 6 6 6 7 7 8 4 8 9 9 2 4 2 5 4 7
M720 5 5 2 7 8 8 7 9 4 9 4 4 5 5 3 6
M722 5 6 3 8 7 14 6 9 2 7 2 3 4 5 6 7
M724 8 8 7 7 15 16 5 6 4 4 2 2 6 6 5 6
M728 5 12 2 6 8 15 6 10 7 12 2 5 4 6 6 6
M729 5 6 2 2 13 13 5 8 4 7 2 3 1 2 5 5
M735 5 5 8 10 7 14 9 9 3 7 1 2 3 5 5 6
M737 5 5 7 9 7 8 8 11 4 8 2 3 3 4 6 6
M738 5 5 2 3 8 15 4 8 9 12 2 2 5 9 4 5
M740 4 5 2 8 14 15 5 9 4 8 2 4 5 9 3 4
M741 5 6 7 8 7 8 4 4 7 8 2 3 6 7 4 7
M742 5 5 7 8 8 15 7 7 7 7 2 3 5 6 4 7
M743 5 5 7 9 14 15 8 9 4 7 2 2 4 6 6 6
M744 5 5 2 8 7 15 5 10 7 8 2 3 5 6 6 9
M746 5 5 2 3 14 15 6 6 4 7 2 3 2 6 4 5
M747 4 5 7 8 15 15 8 9 4 7 3 3 7 8 4 4
M748 2 5 3 7 11 14 4 4 4 7 2 3 6 6 5 7
M749 5 5 5 8 7 16 4 4 3 8 2 3 4 6 6 7
M751 5 5 7 7 7 8 5 5 7 7 2 2 4 4 3 6
M753 5 5 4 9 8 15 6 8 7 7 2 2 5 5 3 6
M755 5 5 8 8 7 15 5 9 9 9 2 2 5 7 4 7
M757 5 6 7 8 15 15 8 8 7 8 2 3 3 5 6 8
M758 4 5 7 8 7 14 6 7 8 9 1 3 6 11 3 8
M759 5 5 8 8 14 15 8 10 7 8 3 4 1 1 4 4
M762 1 5 3 8 8 14 5 6 7 8 2 3 6 7 6 6
M763 5 5 2 2 8 15 5 7 7 7 3 8 1 5 6 7
M764 5 6 7 7 8 8 1 5 6 7 2 3 6 6 3 4
M765 5 5 2 7 15 15 5 8 7 7 2 3 4 7 6 8
M767 5 5 2 7 7 15 7 11 7 9 2 2 1 6 5 5
M768 5 5 2 2 8 15 4 5 4 9 2 3 1 5 6 6
M769 5 8 7 8 13 15 7 9 8 8 2 3 4 6 4 5
M771 5 5 7 7 8 15 5 7 7 9 2 2 5 6 3 4
M772 5 5 5 7 8 15 5 6 7 8 3 4 5 6 5 6
M773 4 10 7 8 8 8 5 6 8 12 2 5 4 5 3 4
M774 5 5 7 8 15 15 5 11 4 8 3 3 5 5 5 6
M775 5 6 2 7 8 15 7 7 7 8 2 3 2 4 6 6
M777 5 5 2 7 8 15 4 11 4 9 2 3 5 6 3 5
M778 5 5 2 8 8 17 7 9 4 7 2 2 4 6 6 6
M780 5 6 7 7 7 14 5 11 7 7 3 3 3 4 6 8
M781 4 6 2 5 15 16 5 8 8 8 2 5 2 9 7 7
M784 5 5 2 8 8 16 6 11 8 12 2 3 5 9 4 4
M788 5 5 2 2 15 16 4 10 4 9 2 2 4 6 3 6
M790 5 6 7 7 7 8 5 6 7 9 2 3 5 5 4 6
M791 5 5 2 7 8 8 6 9 4 7 2 2 1 4 5 5
M792 5 5 7 7 13 13 5 10 7 9 2 3 6 7 3 5
M793 5 5 7 7 6 15 6 9 4 7 2 2 4 6 4 4
M794 5 5 2 2 8 8 9 9 7 8 3 3 5 5 5 6
M796 3 5 2 2 7 16 5 8 4 12 2 2 6 6 6 8
M797 5 6 2 8 8 16 4 4 4 10 2 2 4 5 4 4
M800 6 6 7 8 8 15 4 9 3 7 2 2 6 6 4 4
M801 5 5 2 8 8 14 7 10 7 9 2 2 6 6 3 5
M804 1 4 2 2 7 16 5 8 4 9 2 4 4 5 6 6
M805 5 5 7 7 16 16 5 5 7 12 2 3 5 6 6 6
M807 1 5 6 9 8 13 5 6 4 7 3 5 7 7 4 6
M808 5 10 2 7 8 8 8 11 8 13 4 4 5 6 7 8
M809 5 5 7 8 8 14 9 12 7 7 2 4 9 9 4 6
M814 1 5 2 2 7 13 7 8 4 7 2 2 4 6 5 5
M815 5 6 2 9 8 15 8 8 3 7 2 2 6 6 4 4
M816 10 10 5 7 3 8 4 5 7 8 2 2 2 5 3 4
M817 5 10 2 2 14 15 6 8 7 7 2 3 3 4 5 6
M820 5 10 2 7 15 16 3 8 7 8 2 3 7 7 6 8
M821 5 10 3 8 7 8 8 9 4 7 2 3 4 4 5 6
M822 5 5 2 8 16 16 5 8 7 9 2 3 6 6 5 6
M825 5 6 5 7 15 16 8 10 7 9 2 3 5 7 3 5
M827 1 6 7 8 7 15 5 6 3 4 2 2 5 9 5 7
M829 5 5 7 8 14 15 5 8 7 9 2 3 2 5 5 5
M830 5 6 7 8 14 16 7 11 9 9 2 2 2 6 4 6
M834 5 5 2 8 8 8 8 8 4 7 2 2 3 7 4 5
M836 5 5 7 7 8 14 8 12 4 7 2 4 4 4 3 5
M838 8 8 2 2 8 16 6 8 9 9 2 3 4 4 4 4
M840 5 5 8 8 7 15 4 11 4 7 2 4 4 4 4 5
M843 1 6 8 8 7 8 6 9 7 9 2 3 4 7 3 5
M844 5 5 7 8 13 15 4 7 7 9 3 3 5 7 7 7
M846 4 5 3 7 7 16 7 7 4 7 2 2 4 5 4 5
M848 5 5 3 9 13 15 5 11 7 9 2 2 4 6 3 4
M850 6 6 2 3 7 15 5 8 4 12 3 3 2 6 4 5
M851 5 5 3 8 8 16 5 9 4 8 2 3 5 5 6 6
M853 5 5 8 8 15 15 6 8 4 9 2 2 2 5 3 4
M855 5 5 3 8 7 8 5 11 7 9 2 3 2 4 5 7
M857 5 10 2 6 8 8 8 8 7 8 2 3 4 6 4 5
M858 5 5 6 8 15 16 4 8 4 9 3 4 6 7 3 4
M859 1 5 5 5 15 15 5 11 4 7 2 3 2 4 6 6
M860 6 6 2 7 8 15 5 6 7 8 2 4 2 6 3 6
M862 5 5 2 2 8 15 8 8 9 10 2 2 2 7 5 5
M865 5 6 6 8 7 16 8 10 9 9 2 2 6 7 4 6
M866 1 13 7 8 13 15 4 10 8 8 3 4 1 1 3 5
M869 1 5 7 9 13 15 8 8 4 9 2 3 4 5 8 8
M870 6 10 8 9 15 16 4 5 4 7 2 3 5 5 4 4
M871 5 10 2 7 15 15 5 12 7 8 3 3 2 2 5 6
M872 5 5 6 7 7 8 4 6 8 9 2 2 5 6 5 8
M874 5 5 1 7 13 14 5 9 7 7 2 2 5 5 4 4
M876 5 5 2 5 15 16 7 7 7 9 3 3 5 6 5 5
M877 1 5 8 8 3 8 5 7 7 8 2 4 4 6 3 5
M878 5 6 7 8 14 15 5 9 7 8 2 3 3 5 4 4
M879 1 5 2 8 13 16 7 11 8 8 2 2 4 5 5 6
M880 1 5 2 3 14 15 5 12 7 7 2 3 4 4 3 6
M883 5 5 7 8 7 8 7 9 4 8 3 5 3 4 5 7
M884 5 5 6 8 7 15 5 7 8 9 2 2 3 6 5 9
M885 5 10 3 7 7 15 8 9 7 7 2 2 2 6 4 5
M887 8 8 5 8 13 15 5 11 7 8 2 3 4 4 4 5
M888 5 10 7 9 8 16 6 7 7 8 2 3 5 6 4 7
M890 5 5 2 7 8 15 4 11 7 7 1 3 7 7 5 6
M892 5 5 3 8 16 16 4 8 4 8 2 4 6 6 4 6
M893 4 5 6 7 8 15 5 6 7 13 2 2 3 6 4 4
M896 5 5 5 5 16 16 5 8 4 9 2 4 4 4 4 7
M897 5 5 2 8 15 16 7 9 9 9 2 4 6 9 6 6
M900 6 6 7 7 9 15 8 9 5 12 1 2 5 7 4 6
M901 8 10 3 3 13 15 6 8 8 12 2 2 4 5 3 5
M902 2 5 5 7 7 13 9 9 7 9 2 5 6 6 3 6
M905 5 5 3 8 8 16 4 8 9 9 2 3 4 6 5 6
M906 5 9 7 9 8 15 5 9 7 8 2 3 4 5 4 6
M907 5 6 2 8 13 15 8 10 7 8 2 2 3 5 4 4
M913 5 5 2 3 8 14 4 5 7 9 2 2 5 6 5 6
M914 5 6 7 10 14 14 7 8 4 7 2 4 4 4 4 5
M915 1 5 1 9 15 15 5 9 8 13 2 3 4 6 3 5
M918 5 5 7 8 8 8 4 12 7 8 2 2 4 6 5 6
M921 4 5 2 2 7 8 4 9 7 9 2 3 4 4 4 8
M922 6 6 8 8 14 15 5 8 7 9 2 2 3 5 4 7
M924 5 10 2 3 8 13 8 11 7 7 3 3 2 4 6 7
M925 6 10 2 8 15 15 6 8 6 7 2 3 4 4 3 5
M926 1 5 7 8 3 15 9 10 7 12 2 4 1 3 5 6
M928 5 8 7 7 15 15 9 10 8 9 3 4 4 6 6 8
M929 5 5 6 8 13 15 7 10 7 9 2 2 1 5 4 6
M931 1 5 2 7 8 15 6 7 3 9 3 5 2 4 3 7
M932 5 5 7 7 8 8 4 7 4 9 2 4 2 5 5 7
M933 6 6 3 5 15 16 4 10 4 7 2 2 4 6 5 6
M937 1 5 6 9 8 8 8 9 8 9 3 5 4 9 4 6
M938 5 5 2 2 8 8 5 9 4 7 2 2 4 5 4 5
M939 5 5 1 2 14 15 5 11 4 7 2 4 5 6 2 4
M940 5 5 2 9 7 16 5 7 2 7 2 2 3 3 3 6
M941 5 5 7 7 15 15 5 6 7 7 2 2 5 5 5 6
M942 1 5 3 3 15 15 9 9 7 8 2 2 5 5 4 5
M943 5 5 2 7 7 16 3 10 7 13 2 2 5 6 3 5
M944 5 5 2 8 8 15 7 8 4 7 2 2 5 5 3 5
M945 5 5 8 8 7 8 5 9 4 7 2 2 1 7 5 6
M946 3 5 2 8 15 15 5 6 4 7 1 2 6 6 4 6
M947 5 5 2 5 13 15 6 6 9 13 2 2 5 5 6 6
M949 5 6 2 7 7 13 5 8 7 7 1 2 6 6 5 5
M950 5 5 2 7 14 15 6 8 7 7 2 8 6 6 6 6
M952 5 5 2 7 15 15 10 10 7 7 2 2 4 6 4 4
M956 5 10 2 2 8 15 4 8 3 4 2 3 6 7 5 6
M959 5 5 7 7 8 16 6 9 7 9 2 2 4 4 5 6
M964 5 6 3 8 8 15 8 11 7 9 2 3 2 6 4 4
M966 5 5 6 7 8 15 5 9 7 7 3 3 4 5 6 6
M967 5 6 7 7 8 8 8 8 4 9 2 2 5 5 5 7
M968 5 5 3 6 8 14 8 9 7 7 2 3 5 5 5 5
M970 5 5 2 8 8 15 5 7 4 4 2 3 5 9 5 5
M972 5 5 2 7 7 15 9 9 2 3 2 3 5 5 5 6
M974 5 6 7 7 13 15 4 11 7 8 2 4 4 4 4 7
M975 5 5 8 8 13 13 6 9 7 8 2 3 3 6 4 5
M977 5 8 7 7 7 16 8 9 4 13 2 2 2 6 3 9
M979 5 6 7 7 14 15 5 5 4 7 2 3 5 7 4 7
M986 5 6 7 8 15 17 5 11 3 4 3 3 1 6 6 8
M987 5 10 6 8 15 15 5 5 7 9 2 3 5 6 5 5
M988 5 10 2 6 7 14 4 5 8 8 2 3 6 6 5 6
M989 4 8 2 7 15 16 6 9 1 8 2 3 4 4 4 6
M990 5 5 7 7 15 15 5 10 4 4 1 2 4 4 3 6
M991 1 5 7 7 13 15 7 8 7 9 2 5 4 6 3 8
M994 10 11 3 7 8 15 5 7 3 4 2 2 5 9 3 3
M996 5 6 5 8 7 8 6 9 7 7 2 2 5 5 5 6
M997 5 5 2 8 7 14 5 5 8 13 2 2 3 9 5 5
M998 5 5 7 9 7 8 8 8 7 9 2 2 4 6 4 8
M1001 5 5 7 7 8 16 5 9 11 12 2 2 4 5 6 7
M1005 5 6 2 8 7 15 5 8 7 9 2 3 5 7 5 6
M1007 5 5 2 7 16 16 5 8 4 4 3 4 3 5 4 8
M1008 5 6 2 7 11 15 7 9 7 9 2 2 5 6 2 6
M1009 1 4 2 5 13 15 5 6 7 8 3 3 6 7 4 6
M1011 5 5 2 2 15 15 5 9 7 7 3 4 2 6 3 4
M1012 4 5 6 8 8 16 7 9 7 9 3 5 4 5 4 5
M1013 5 10 7 8 8 8 9 11 7 7 2 4 4 6 3 4
M1015 5 6 8 8 7 8 10 10 7 8 2 2 1 5 5 5
M1016 1 5 7 7 15 15 5 10 3 9 1 4 6 7 7 7
M1017 5 5 2 7 7 8 5 9 7 7 2 4 3 5 4 4
M1021 5 5 5 8 8 13 8 8 7 9 2 3 4 5 6 7
M1024 4 5 2 6 15 16 11 11 8 8 2 2 2 6 5 5
M1025 5 5 3 7 8 16 8 11 7 10 1 2 7 7 3 6
M1027 5 5 6 8 7 8 5 5 4 8 1 2 4 5 4 6
M1028 1 5 7 9 15 15 6 9 7 7 2 4 5 10 5 5
M1029 5 5 7 7 7 15 5 9 8 12 2 3 6 6 6 7
M1032 5 6 8 8 7 8 7 11 3 8 2 2 1 6 5 6
M1034 5 5 3 7 7 8 5 11 4 8 2 4 6 9 4 7
M1037 5 10 7 8 14 15 7 8 7 8 4 4 2 6 1 6
M1038 1 5 8 8 7 7 9 9 7 7 2 2 6 7 6 7
M1042 4 5 2 8 7 13 4 9 7 9 2 2 6 7 5 6
M1044 1 1 2 2 13 15 5 9 4 4 2 3 3 5 5 6
M1047 5 5 6 7 8 16 10 11 6 12 2 3 5 6 3 3
M1054 5 5 7 7 15 15 5 9 4 6 2 3 2 5 4 8
M1055 5 5 7 8 7 14 7 11 7 9 2 3 4 5 5 6
M1056 5 5 7 7 15 16 9 11 7 9 2 3 2 3 6 6
M1057 1 5 8 9 8 15 5 6 4 7 2 4 4 5 6 6
M1058 5 5 3 7 8 14 9 11 7 9 1 2 2 5 4 6
M1060 5 5 2 7 8 17 7 10 7 9 2 3 4 6 4 5
M1062 5 5 3 8 8 15 7 7 7 9 2 2 4 5 6 6
M1067 5 9 8 8 8 15 5 10 7 9 2 2 3 9 5 5
M1068 5 5 5 7 16 18 7 11 7 7 3 5 2 4 6 6
M1069 4 5 8 8 8 15 4 8 4 8 2 3 5 5 4 5
M1070 4 5 2 8 8 8 5 7 7 9 2 3 7 9 5 7
M1071 5 5 2 2 1 15 10 11 7 8 2 3 3 7 3 5
M1074 5 5 7 8 8 8 5 6 7 7 2 3 4 5 5 5
M1076 5 6 3 7 7 16 6 11 7 9 2 3 5 8 5 6
M1080 4 4 3 7 8 15 5 8 4 7 2 2 7 7 4 5
M1084 5 14 5 9 15 16 8 8 7 7 2 2 2 3 5 5
M1085 5 6 2 7 8 15 4 7 4 9 2 2 4 5 4 8
M1088 5 5 7 7 7 15 7 11 7 7 2 3 5 5 6 7
M1089 5 10 3 7 8 16 2 9 7 8 2 2 5 7 5 5
M1090 5 5 3 3 8 16 6 12 4 7 2 5 2 7 7 7
M1092 6 8 2 8 15 15 8 9 13 14 2 3 4 6 4 7
M1094 5 5 7 7 13 15 5 5 9 13 2 4 4 4 6 8
M1095 5 6 2 7 8 15 5 9 8 12 2 3 4 5 5 5
M1097 5 5 8 8 7 16 5 11 4 13 2 2 1 3 4 6
M1099 4 5 7 8 8 13 8 8 1 7 2 2 4 5 5 5
M1101 5 5 3 7 15 15 6 8 7 10 3 4 4 4 4 6
M1102 5 5 2 8 7 14 6 7 7 9 2 3 4 6 5 8
M1103 1 4 2 6 7 8 5 5 7 13 3 3 3 5 3 6
M1104 4 5 2 7 13 15 9 10 7 7 2 3 4 5 4 6
M1106 5 11 7 8 8 15 6 8 7 9 2 2 3 6 5 6
M1107 5 6 2 7 8 8 6 6 8 9 2 4 3 3 5 6
M1108 5 5 7 8 8 13 8 11 7 12 3 4 3 9 6 8
M1109 5 5 6 7 15 15 6 11 7 13 2 2 6 6 4 4
M1111 6 6 2 5 7 16 5 6 7 7 2 2 2 5 8 8
M1114 5 5 2 7 7 8 6 9 4 9 2 4 9 9 5 6
M1116 4 6 7 7 8 14 7 11 8 9 2 2 6 6 6 7
M1117 5 5 2 7 8 8 3 7 7 9 3 3 2 5 7 7
M1118 6 10 1 7 8 16 5 9 7 7 2 3 4 5 5 6
M1119 5 5 6 6 8 16 8 12 9 9 2 2 6 7 5 6
M1121 5 5 2 7 8 8 4 5 7 7 2 2 3 5 3 4
M1122 5 5 3 3 8 16 5 8 7 8 2 4 1 6 5 6
M1124 5 5 3 7 16 16 5 11 7 9 2 4 1 9 4 6
M1126 5 6 7 8 15 15 8 8 4 7 3 3 4 6 6 7
M1127 5 5 2 3 7 8 8 9 7 8 2 4 5 5 5 6
M1130 5 5 7 7 8 15 6 8 7 9 2 3 3 4 4 5
M1131 5 6 2 4 15 16 4 9 4 7 2 3 1 6 4 6
M1133 5 5 7 8 7 15 5 5 4 4 2 4 5 6 3 5
M1135 1 5 7 7 15 15 5 7 8 12 2 2 4 6 4 6
M1137 5 8 2 2 8 15 9 10 4 7 3 3 3 6 3 5
M1140 5 5 7 8 8 14 4 8 7 9 2 3 6 7 5 7
M1141 5 5 2 7 13 14 5 8 8 13 2 2 5 5 5 6
M1147 4 5 7 7 7 16 5 6 7 8 2 3 2 9 5 6
M1149 4 8 3 6 8 16 8 10 4 7 2 2 4 5 5 6
M1150 5 8 8 9 8 8 6 7 7 7 2 3 4 6 4 4
M1154 5 10 5 8 7 15 8 9 4 12 2 3 4 5 4 5
M1155 5 5 2 7 10 15 11 11 4 8 2 4 4 6 6 6
M1156 5 5 8 8 14 15 4 4 7 8 2 3 5 7 5 6
M1157 5 5 2 2 15 15 4 8 4 4 2 2 5 5 6 7
M1159 5 5 2 5 8 12 8 8 7 8 2 2 5 7 6 7
M1162 5 6 3 3 14 16 9 11 4 7 2 3 7 7 5 6
M1164 4 5 2 6 15 16 5 9 7 8 2 3 3 6 6 7
M1165 5 8 2 6 15 15 7 10 8 9 1 2 3 4 3 5
M1166 5 6 9 9 8 8 4 11 4 7 2 3 6 6 5 6
M1167 5 5 7 8 8 8 4 9 3 4 2 3 4 6 3 6
M1169 1 5 2 6 7 8 8 9 7 8 3 3 3 4 5 6
M1172 5 5 2 2 13 15 5 9 4 7 2 2 4 7 3 5
M1173 1 5 5 5 15 16 4 8 7 9 2 4 3 7 5 7
M1176 5 5 8 8 8 15 6 8 7 8 2 2 2 6 5 6
M1177 5 5 2 8 7 8 5 8 8 12 2 2 6 6 5 6
M1178 1 5 7 7 8 8 6 8 4 7 2 2 5 5 4 7
M1179 1 10 2 8 15 15 5 11 7 7 2 4 4 7 4 5
M1182 5 5 2 7 8 13 4 9 1 4 2 2 6 6 3 6
M1183 5 5 6 7 13 15 4 9 4 7 3 3 4 4 4 5
M1184 5 5 8 8 7 7 5 8 7 8 2 2 4 9 5 7
M1185 4 5 7 8 7 16 7 9 7 8 3 5 2 6 4 4
M1186 1 6 3 3 15 15 7 10 8 9 2 4 4 4 4 6
M1187 5 5 6 8 8 15 6 9 7 9 3 3 5 9 5 6
M1188 5 5 2 6 16 16 8 11 8 8 2 2 5 5 4 5
M1192 5 5 2 7 7 14 9 11 7 10 3 3 4 5 4 5
M1194 5 5 7 8 7 16 6 7 9 9 3 6 5 6 5 6
M1197 4 5 2 9 13 15 4 5 8 9 2 2 5 6 4 5
M1199 5 5 2 5 8 8 6 11 7 7 2 3 3 4 3 5
M1201 5 5 2 6 15 15 4 6 7 8 2 3 4 4 5 6
M1202 1 5 8 9 15 15 8 9 8 9 2 2 5 6 5 10
M1204 4 5 7 8 8 8 10 11 9 13 2 3 5 6 6 7
M1205 5 5 2 3 7 8 4 8 7 9 2 5 5 9 4 4
M1209 5 5 2 5 8 13 4 8 4 4 2 3 9 9 4 5
M1211 5 5 3 8 8 8 5 6 7 14 2 2 3 6 5 7
M1212 5 5 2 8 8 14 4 11 7 7 2 3 5 6 5 5
M1213 5 5 2 2 8 15 4 7 4 7 3 3 5 5 4 6
M1214 5 10 2 7 8 14 7 8 3 8 2 3 4 5 5 6
M1215 5 5 1 7 7 8 6 11 7 7 2 3 6 9 3 6
M1216 5 5 6 8 8 15 4 11 7 7 2 4 5 7 4 4
M1218 6 10 7 8 8 15 8 8 7 9 2 2 4 7 7 7
M1221 5 7 2 7 8 15 4 10 7 7 2 8 4 5 6 6
M1222 5 5 6 9 8 14 7 8 8 9 2 2 3 6 5 6
M1223 6 11 7 7 8 8 5 11 8 9 2 2 5 6 4 5
M1224 5 5 3 8 7 16 4 8 7 9 2 2 4 5 5 6
M1226 5 5 3 8 16 16 6 8 7 7 2 3 3 6 5 5
M1228 5 8 7 7 15 16 6 9 9 12 3 4 3 4 3 6
M1229 5 5 8 9 8 8 5 8 7 8 2 2 4 5 3 6
M1230 5 5 2 8 8 15 5 8 4 9 2 2 4 5 5 8
M1231 4 5 2 2 8 9 6 7 7 8 2 2 3 6 6 6
M1232 1 5 1 2 7 13 7 7 4 8 2 3 3 5 6 6
M1233 6 12 3 3 8 10 5 8 7 7 3 3 3 4 6 6
M1236 5 5 3 8 8 8 5 6 9 9 2 2 3 5 6 6
M1237 5 5 6 7 15 15 5 8 7 8 1 3 4 4 4 5
M1238 5 5 7 8 8 15 5 6 4 7 2 3 6 6 5 7
M1239 5 5 7 9 8 8 6 7 7 8 3 3 5 5 4 10
M1240 6 6 2 6 15 15 7 8 4 4 2 2 2 2 4 6
M1244 5 5 2 7 8 14 6 8 6 7 2 3 5 7 5 6
M1248 5 5 2 2 15 16 5 8 7 9 2 3 5 6 6 6
M1251 4 5 9 10 7 7 8 8 8 8 1 2 5 7 6 6
M1252 5 5 5 7 15 15 5 11 7 7 2 3 3 4 5 8
M1253 5 5 2 10 15 15 7 8 8 9 2 2 3 4 4 6
M1255 5 5 2 3 8 8 7 9 7 7 2 2 3 5 6 8
M1256 1 6 8 8 8 16 8 8 7 13 3 3 4 5 3 6
M1259 5 11 7 9 12 12 7 11 3 4 2 4 6 9 5 7
M1260 5 10 1 9 8 8 11 11 4 7 2 2 4 5 4 5
M1262 1 5 2 8 8 8 4 8 7 7 3 5 6 6 5 6
M1263 5 5 3 6 8 13 5 8 7 7 2 3 6 6 3 6
M1266 4 5 6 7 8 15 4 6 4 7 2 2 5 5 3 7
M1267 5 5 2 8 8 8 4 9 4 7 2 3 5 9 4 6
M1270 5 6 6 7 15 15 5 5 3 8 2 3 4 5 4 5
M1273 5 5 7 8 7 13 7 7 3 7 1 3 4 5 7 7
M1274 5 6 2 6 8 12 5 6 7 7 2 2 4 4 5 6
M1275 5 5 8 8 3 15 5 5 4 9 2 2 4 6 4 5
M1276 5 5 7 8 7 15 11 14 4 8 2 3 2 2 6 6
M1277 6 6 3 7 7 14 4 9 1 8 4 4 3 6 5 5
M1278 6 6 6 7 15 16 2 5 7 9 2 2 1 6 5 6
M1279 5 5 1 7 5 8 5 5 4 7 2 3 5 7 4 6
M1281 5 5 3 3 7 8 4 4 7 7 2 2 4 7 5 6
M1285 5 5 3 8 15 15 7 7 7 12 2 2 6 7 4 6
M1287 1 1 3 8 8 15 4 11 7 7 2 2 5 5 4 4
M1289 4 4 2 7 14 15 7 8 8 9 2 2 2 5 5 6
M1291 5 5 2 8 8 16 10 10 7 7 1 2 2 6 5 5
M1292 1 5 2 7 15 15 5 9 7 8 2 4 4 5 5 7
M1294 5 5 3 7 13 16 5 10 7 8 2 2 5 7 5 5
M1297 5 5 2 7 14 16 2 7 4 4 2 2 4 5 5 7
M1298 4 5 3 6 7 8 9 11 7 7 2 2 3 6 5 7
M1299 5 5 3 7 14 14 5 7 8 8 2 2 5 6 4 5
M1300 5 5 8 9 8 15 5 6 7 9 2 2 3 3 5 6
M1303 5 5 7 8 15 15 5 6 4 8 1 2 3 5 5 5
M1305 5 5 3 7 1 8 7 8 4 4 2 3 4 6 4 6
M1306 5 5 2 5 8 13 5 5 7 12 2 3 6 6 2 3
M1316 1 5 7 8 14 16 11 11 1 9 3 4 3 6 4 5
M1319 4 5 2 2 8 13 6 7 4 4 2 5 4 5 6 7
M1320 5 6 3 8 8 13 5 7 4 9 3 5 5 5 3 5
M1322 5 5 3 9 8 15 5 7 7 7 2 5 3 5 3 7
M1323 5 5 2 3 14 15 4 4 4 6 2 2 5 5 5 6
M1324 4 5 8 9 7 15 11 11 7 9 2 2 1 3 3 5
M1325 4 5 7 8 15 15 4 10 7 7 2 2 5 5 6 6
M1326 5 8 3 8 8 14 4 8 9 9 2 3 4 9 6 6
M1328 5 5 5 5 8 13 5 7 3 8 1 3 4 7 4 8
M1329 5 5 3 4 8 13 7 9 6 8 2 2 2 6 5 6
M1331 5 5 7 8 14 15 2 10 4 9 2 2 4 5 6 7
M1332 4 5 2 8 8 15 7 8 3 8 2 3 4 5 4 6
M1333 5 5 2 2 15 16 5 5 4 4 1 3 7 7 6 7
M1335 4 6 8 9 15 16 5 9 7 9 2 3 2 3 4 5
M1337 1 5 2 8 15 16 7 8 7 7 2 2 4 6 6 6
M1338 5 5 7 8 8 15 5 11 7 9 2 3 6 10 5 6
M1339 5 5 3 9 8 15 5 7 7 9 2 3 4 6 3 4
M1340 4 4 2 7 13 15 5 8 1 4 2 2 6 6 2 5
M1341 3 6 7 7 15 16 9 11 9 9 2 5 7 9 6 6
M1342 5 5 2 7 8 8 4 5 7 7 2 2 4 5 4 6
M1344 5 6 7 9 8 16 8 8 4 8 2 2 4 4 4 5
M1348 5 6 7 7 15 17 4 5 7 11 2 2 5 7 4 6
M1351 5 14 7 8 8 13 5 11 9 9 2 3 3 5 4 6
M1353 5 6 7 9 15 16 5 5 4 8 1 2 5 7 5 6
M1354 6 8 2 2 16 16 8 8 3 7 2 2 4 7 5 6
M1355 1 5 7 7 8 8 4 6 6 9 2 2 5 6 5 7
M1356 5 6 7 8 15 16 5 7 4 4 3 3 3 4 4 5
M1357 5 5 2 2 8 15 8 9 4 4 2 4 6 6 5 5
M1359 1 5 7 7 16 16 4 5 7 8 2 2 4 5 4 5
M1360 6 10 9 9 7 16 4 8 3 4 2 2 7 7 4 5
M1362 5 5 7 7 8 14 4 4 9 9 2 4 6 6 4 4
M1363 1 5 3 7 13 13 5 8 4 9 2 2 4 5 5 7
M1364 5 5 7 8 7 14 4 10 8 9 2 2 5 7 5 6
M1365 5 6 2 7 2 15 6 8 4 8 2 2 4 7 4 5
M1367 5 6 2 8 7 8 4 7 4 9 3 3 2 4 6 7
M1369 5 5 7 7 8 8 5 11 3 3 2 2 1 5 3 5
M1370 5 5 3 7 15 17 7 10 7 7 2 4 5 5 5 9
M1371 5 5 5 7 7 14 8 11 7 9 2 2 3 6 2 6
M1372 5 5 2 9 13 15 5 6 7 13 2 2 3 5 5 6
M1374 5 10 7 8 8 8 7 9 8 13 2 2 3 4 2 6
M1375 5 5 6 9 15 15 4 6 7 8 2 5 5 5 5 5
M1379 5 5 2 2 8 15 6 9 8 12 2 2 6 6 4 5
M1380 5 5 7 7 13 15 7 10 3 4 3 4 2 3 3 5
M1382 5 5 2 3 8 8 7 10 4 7 2 4 6 7 6 8
M1383 5 5 2 5 13 15 10 12 4 7 1 2 5 6 4 4
M1385 5 8 7 8 8 14 9 11 8 9 2 2 4 4 6 8
M1390 5 5 7 8 15 15 5 14 4 7 2 3 3 6 4 6
M1393 1 4 2 2 15 15 5 7 2 7 2 3 5 6 3 5
M1397 5 5 3 7 8 15 6 8 4 9 2 2 5 6 3 4
M1400 5 5 7 7 7 16 9 9 7 11 2 4 4 4 4 5
M1401 5 5 2 7 15 16 4 4 9 12 2 2 6 7 5 7
M1403 5 6 8 8 8 15 7 7 8 9 2 2 3 5 5 6
M1406 5 5 3 9 7 7 4 6 9 9 2 3 3 5 4 5
M1407 5 8 6 7 13 15 5 9 7 7 2 3 7 7 4 4
M1408 5 5 2 7 8 11 7 8 4 7 2 2 2 4 5 5
M1410 3 5 2 7 13 14 5 5 4 7 2 3 6 7 4 5
M1412 1 6 3 3 8 8 4 5 3 4 2 4 4 9 5 9
M1414 6 6 5 5 8 15 8 10 7 7 2 3 4 6 4 8
M1415 10 12 2 5 8 8 5 8 7 7 2 3 4 6 4 7
M1416 5 5 6 8 8 13 7 13 4 12 2 3 3 4 4 6
M1417 2 6 7 8 15 15 4 8 7 7 2 2 6 6 6 6
M1418 5 10 7 8 8 15 5 8 3 4 3 3 7 7 5 6
M1421 5 5 8 8 8 15 4 4 4 8 3 3 2 2 3 6
M1422 1 5 2 7 8 15 8 8 7 9 2 2 4 7 6 6
M1424 5 5 2 2 8 13 7 8 4 5 2 2 4 6 7 8
M1425 5 5 2 8 8 14 5 5 7 8 2 2 4 6 6 8
M1426 5 5 2 3 13 15 5 8 7 8 2 3 3 5 6 7
M1427 5 5 7 7 8 15 5 7 3 4 2 3 4 5 3 6
M1428 5 5 2 3 7 15 5 6 7 7 3 3 6 6 6 6
M1429 5 8 5 7 13 13 6 6 3 7 2 4 5 5 5 5
M1430 5 5 3 8 13 15 6 6 7 9 1 1 6 6 4 8
M1431 5 5 5 9 7 13 5 6 3 8 3 5 4 6 6 6
M1432 5 5 2 8 8 15 5 9 7 8 2 2 4 5 5 6
M1434 5 5 3 9 8 16 6 11 8 8 2 2 2 6 5 6
M1435 5 6 8 8 8 8 5 10 9 9 2 3 3 6 5 5
M1436 5 5 7 8 14 15 5 11 4 9 2 2 3 9 4 4
M1437 5 10 8 8 8 15 5 5 7 7 2 3 7 10 6 6
M1438 5 5 7 7 8 8 7 8 4 7 2 4 4 4 5 6
M1440 5 5 2 5 7 15 4 5 4 7 2 3 2 4 5 8
M1443 4 4 2 8 13 15 7 9 9 9 2 4 4 6 5 5
M1445 5 5 7 8 8 8 7 9 7 8 2 2 3 6 5 7
M1446 5 5 3 7 8 11 5 7 9 12 2 3 3 5 3 6
M1447 5 10 8 9 15 16 4 9 7 7 3 3 3 5 5 6
M1448 5 5 2 5 8 14 6 7 7 9 2 2 3 5 5 6
M1449 5 5 3 7 8 15 5 5 4 9 2 3 3 6 6 6
M1450 5 5 2 8 11 15 4 8 7 8 2 2 6 7 4 6
M1453 5 5 7 7 15 15 8 8 7 8 3 3 5 7 3 5
M1455 5 5 2 8 8 8 5 10 7 8 2 2 3 6 4 6
M1456 5 5 7 7 8 8 4 9 3 12 2 3 5 6 5 7
M1457 5 5 3 7 8 14 4 6 9 9 3 4 4 7 5 6
M1458 5 5 6 8 15 15 4 11 4 7 2 3 5 5 4 5
M1459 5 10 2 8 8 8 5 10 4 7 3 3 3 9 5 7
M1460 5 5 2 7 8 15 5 6 9 9 2 3 3 5 5 6
M1461 5 5 2 2 8 15 10 10 4 8 2 3 5 5 6 7
M1462 5 5 2 8 15 15 2 5 4 7 2 3 5 6 4 6
M1465 5 6 5 7 8 8 7 11 4 4 2 3 5 5 4 5
M1469 5 5 3 8 8 8 8 10 4 7 2 4 5 5 5 6
M1471 5 5 6 9 16 16 4 11 4 9 2 3 2 6 5 5
M1473 8 11 2 8 7 7 5 7 7 8 2 2 2 6 5 8
M1477 5 5 2 7 15 15 4 5 4 7 2 2 3 4 3 6
M1479 4 4 2 6 8 14 5 6 4 4 4 4 5 5 5 6
M1480 1 5 7 8 8 16 7 7 7 7 4 8 4 5 4 4
M1481 5 6 2 8 7 8 8 8 7 10 2 2 5 6 4 6
M1482 4 5 2 8 7 18 5 10 7 12 2 2 6 7 5 6
M1483 1 5 2 6 8 17 7 7 8 8 1 2 7 7 5 7
M1484 5 5 3 7 5 8 8 8 4 7 2 2 5 9 4 5
M1486 5 6 2 3 14 15 5 9 4 7 1 2 3 6 4 4
M1487 4 5 6 7 7 14 2 4 7 7 2 3 2 4 3 7
M1492 5 5 7 7 5 15 6 7 6 9 2 2 2 6 4 8
M1494 1 3 2 2 9 16 5 7 3 7 2 2 1 1 5 6
M1495 5 6 2 8 7 15 5 9 7 8 2 4 5 7 7 7
M1499 5 5 6 8 13 16 9 9 7 8 3 3 4 5 4 4
M1500 5 5 7 8 7 15 5 7 3 7 2 3 4 5 7 7
M1501 5 5 2 5 8 14 5 5 7 7 2 2 3 6 5 6
M1502 5 5 7 8 8 15 8 8 7 9 2 3 5 7 5 5
M1503 5 5 7 7 7 15 5 5 7 8 3 4 4 6 4 5
M1504 5 5 7 7 15 15 4 8 9 9 1 2 6 6 4 5
M1506 1 5 2 8 13 15 7 9 4 7 2 2 5 6 4 5
M1508 5 5 2 2 14 16 11 11 7 7 2 3 2 4 6 8
M1509 5 8 2 8 15 16 6 8 7 8 2 2 2 4 7 7
M1510 5 5 2 2 13 15 6 8 7 7 3 3 5 5 4 4
M1513 5 5 7 9 8 15 4 5 11 11 2 3 1 7 4 4
M1514 1 5 6 9 8 8 5 9 7 9 2 4 4 4 5 8
M1516 5 5 3 7 15 17 8 10 7 8 2 2 5 6 4 6
M1517 5 6 5 9 8 15 4 4 4 10 3 3 5 6 5 5
M1519 1 5 7 8 8 16 8 10 7 12 2 2 2 5 4 6
M1520 5 5 2 7 15 16 7 8 4 8 2 3 4 6 3 6
M1522 5 6 2 8 8 16 5 10 4 8 2 2 4 5 4 4
M1523 4 4 2 3 16 16 4 8 7 7 3 4 5 5 4 5
M1524 5 6 2 8 8 15 8 9 4 7 2 2 5 6 6 8
M1526 4 4 6 8 15 15 5 5 4 4 2 4 2 6 4 5
M1527 4 5 8 8 8 15 8 11 7 13 2 2 5 5 4 5
M1531 1 5 2 2 8 13 8 8 7 11 2 3 3 5 5 6
M1532 5 5 8 8 15 15 6 6 4 4 2 2 1 3 6 6
M1535 5 6 8 9 8 13 6 6 7 12 4 8 5 9 6 6
M1537 5 5 7 7 8 8 7 9 4 7 2 2 5 6 4 4
M1538 5 6 8 8 8 15 7 11 4 9 2 3 5 6 5 7
M1540 5 6 8 8 8 8 8 8 4 8 3 4 7 7 5 5
M1544 1 1 2 6 13 15 6 11 4 4 2 2 3 5 5 6
M1545 5 10 7 8 8 15 5 7 7 7 2 3 5 6 6 9
M1547 5 5 6 8 15 15 5 6 7 7 1 2 1 6 6 6
M1548 5 5 8 10 8 8 7 7 7 10 2 2 6 6 6 6
M1551 5 5 8 8 15 16 7 8 7 8 2 2 2 5 4 6
M1552 5 5 2 8 15 15 5 14 4 4 2 2 4 5 6 7
M1553 5 5 2 7 13 15 5 8 4 8 1 1 5 5 5 5
M1554 5 5 2 8 15 16 9 9 4 7 1 2 5 7 4 6
M1555 1 6 2 2 13 15 4 4 3 8 2 5 2 4 4 6
M1557 5 5 3 7 13 15 7 8 7 7 2 2 6 7 5 6
M1558 5 5 3 7 15 15 5 8 4 8 2 3 5 6 3 4
M1560 4 5 2 3 15 15 7 8 3 7 2 2 5 6 4 6
M1561 5 12 8 8 8 15 6 8 7 12 2 3 4 6 4 4
M1562 1 5 3 3 8 16 5 11 7 12 3 3 2 4 5 5
M1563 5 12 2 7 15 15 8 8 7 7 2 2 3 6 3 3
M1566 5 5 2 7 8 8 6 11 4 8 2 2 1 6 4 6
M1567 4 4 7 8 7 15 6 6 7 9 2 3 3 7 5 5
M1569 5 5 7 7 7 15 5 11 9 9 3 3 5 5 6 7
M1576 5 5 2 2 8 16 5 7 7 8 2 2 4 6 3 3
M1577 5 6 2 7 13 15 5 7 7 8 2 3 4 6 5 5
M1578 5 6 7 7 8 14 8 8 4 9 2 5 6 7 6 7
M1580 5 10 2 9 16 16 4 9 9 9 2 3 3 4 5 6
M1583 5 5 7 7 8 15 8 8 6 12 2 3 5 7 6 7
M1586 5 5 8 8 8 8 5 7 4 4 3 3 6 9 4 6
M1590 5 5 2 7 15 15 5 8 7 7 2 3 4 8 6 6
M1591 5 5 2 7 7 13 5 7 7 9 2 3 5 7 3 4
M1592 5 5 2 2 13 15 6 9 4 4 2 4 6 6 4 4
M1594 5 5 3 5 8 15 4 10 7 7 3 4 1 7 5 6
M1597 5 6 6 8 7 15 5 10 9 11 2 2 2 6 5 5
M1598 4 5 2 5 8 15 5 11 4 7 1 2 5 5 5 5
M1599 5 5 5 7 8 13 5 5 7 9 3 4 5 6 4 6
M1600 1 5 6 8 8 8 6 9 4 7 2 2 2 7 3 3
M1602 5 5 3 8 8 15 5 6 4 8 2 3 3 3 6 6
M1603 1 10 7 9 8 16 4 4 4 7 2 3 4 4 4 6
M1605 5 5 7 8 8 14 6 12 7 8 2 3 4 5 5 6
M1608 5 5 2 3 7 7 4 4 7 8 2 2 3 5 5 7
M1609 4 5 5 8 7 8 8 10 4 7 2 2 1 5 6 6
M1612 5 5 2 2 8 15 4 5 7 7 2 2 4 7 6 7
M1613 5 6 7 7 14 14 4 8 7 9 3 3 6 9 4 5
M1614 5 5 6 8 8 8 5 7 3 8 2 2 4 9 5 6
M1616 5 6 5 8 7 16 7 11 8 8 2 2 3 6 6 8
M1618 5 5 2 2 8 13 4 8 8 8 2 2 2 4 4 5
M1621 5 6 5 7 8 15 5 5 4 7 2 2 4 6 5 5
M1624 4 6 3 3 15 18 5 11 4 4 2 3 4 7 3 5
M1625 10 10 3 8 8 14 9 9 7 8 1 2 5 5 4 8
M1627 1 5 2 8 8 14 4 11 4 7 2 2 5 5 3 5
M1629 5 5 5 8 8 14 10 10 1 7 2 2 1 5 4 5
M1630 5 5 2 7 8 8 8 11 9 9 2 2 7 9 3 7
M1632 5 6 8 9 8 16 8 9 7 7 2 2 1 4 4 6
M1637 5 5 2 2 13 15 4 7 8 8 1 2 4 6 5 7
M1638 5 5 2 7 8 8 7 8 4 11 2 2 4 7 3 5
M1640 1 4 5 6 13 15 5 8 4 12 3 5 6 6 4 6
M1644 10 10 6 7 8 14 6 8 9 13 2 3 3 4 6 7
M1645 5 6 7 8 13 15 8 9 7 7 2 2 4 5 5 5
M1647 5 6 2 7 15 15 8 9 2 4 3 3 2 3 6 7
M1649 5 5 2 2 15 15 5 7 7 7 2 3 6 6 6 6
M1651 1 6 2 8 8 15 5 9 8 8 2 2 5 5 4 5
M1652 5 5 3 5 15 15 8 10 3 4 2 2 5 6 3 7
M1655 5 5 5 7 7 8 11 11 4 9 2 3 6 6 3 4
M1656 5 14 7 8 14 15 5 7 7 8 1 3 4 6 4 5
M1661 4 8 2 8 8 13 8 10 7 7 2 3 5 6 6 8
M1662 5 8 7 8 8 8 3 5 7 12 3 3 4 7 5 6
M1663 5 10 5 8 8 15 1 1 4 7 2 2 5 6 5 5
M1664 5 6 3 7 8 15 5 6 7 7 3 3 4 4 4 5
M1666 5 5 2 3 8 13 5 7 4 4 1 3 4 4 5 6
M1669 5 6 7 8 13 16 9 9 7 9 1 3 5 6 5 7
M1672 2 5 3 6 15 16 6 9 7 8 3 4 4 6 5 5
M1674 1 5 2 5 8 15 5 6 7 7 2 4 4 6 5 6
M1680 1 5 6 6 7 14 7 7 7 7 2 2 2 3 4 5
M1681 1 5 2 10 8 16 4 8 1 8 1 2 6 7 4 5
M1684 5 5 8 8 8 14 5 6 7 7 1 2 4 5 6 6
M1685 5 6 2 3 8 8 6 8 4 11 2 2 4 6 4 6
M1686 5 6 7 7 8 13 5 6 8 9 2 3 3 7 4 6
M1688 5 5 1 8 14 15 8 8 7 7 2 3 6 6 4 6
M1689 5 5 3 8 7 15 4 8 4 8 2 4 4 7 5 7
M1691 5 5 6 7 14 16 4 11 7 8 1 2 5 7 5 6
M1693 5 5 7 8 16 16 2 8 4 7 2 2 5 7 5 7
M1697 5 6 2 2 14 16 5 8 3 7 2 3 6 6 4 5
M1700 4 5 7 8 15 15 4 4 4 9 2 3 6 6 3 6
M1703 1 5 1 5 8 15 8 11 4 8 2 2 5 7 5 5
M1706 5 11 3 5 8 8 4 8 7 9 2 3 5 6 5 6
M1708 5 6 2 5 14 15 6 6 7 9 3 4 3 4 4 5
M1717 5 5 7 8 6 8 6 8 7 8 2 2 5 9 6 8
M1718 5 8 2 2 8 17 6 10 7 7 2 3 6 6 4 8
M1719 5 5 2 3 8 15 6 7 9 13 4 4 6 6 5 6
M1721 5 5 3 7 15 15 5 7 7 7 2 2 4 6 4 5
M1722 5 5 2 8 13 13 6 8 7 9 2 2 4 5 4 4
M1723 5 5 3 9 8 8 9 11 9 9 2 2 6 6 4 5
M1724 5 6 3 8 13 16 5 8 7 7 2 2 1 5 5 6
M1726 5 5 6 6 15 16 6 7 6 8 2 3 3 6 5 8
M1734 5 5 2 6 8 15 4 4 7 9 2 2 5 6 3 5
M1735 5 5 3 8 8 14 5 8 7 8 2 2 6 6 4 7
M1738 5 5 6 7 8 18 5 10 4 4 1 2 3 3 5 5
M1739 5 5 2 7 7 8 11 12 8 9 3 4 1 6 5 6
M1740 4 5 3 3 14 15 4 5 7 9 2 3 2 2 4 4
M1741 5 5 7 7 2 8 8 9 4 7 2 3 3 6 3 5
M1743 5 5 3 6 13 13 6 6 7 7 2 2 5 7 5 6
M1746 5 11 2 8 8 14 7 9 7 8 2 2 5 6 5 7
M1747 5 5 8 8 7 16 8 11 3 8 2 4 6 6 6 7
M1751 4 5 2 2 13 13 10 11 7 7 3 3 6 6 5 7
M1752 5 5 7 8 4 14 6 7 4 4 1 3 5 6 5 6
M1753 5 5 2 7 8 14 4 5 4 8 1 2 4 5 3 6
M1754 5 5 7 7 7 16 2 11 1 8 2 3 5 5 6 6
M1757 5 6 5 7 15 15 5 6 7 7 2 3 2 5 3 5
M1758 5 6 3 7 7 8 6 8 7 9 2 3 4 6 4 5
M1760 1 5 5 7 7 8 4 8 7 8 2 2 3 5 5 6
M1761 5 5 2 3 6 14 4 8 7 7 2 2 4 6 5 5
M1763 5 10 7 7 7 15 6 8 10 10 4 4 6 6 5 6
M1767 1 5 7 9 6 8 9 12 4 9 2 3 5 6 7 7
M1771 5 5 7 8 8 15 7 9 4 8 2 2 3 8 4 6
M1773 5 5 3 7 8 13 5 8 7 9 2 2 6 7 3 4
M1774 5 6 8 8 8 15 5 5 4 7 3 4 3 5 3 6
M1775 5 5 2 9 8 15 5 5 8 9 1 3 3 4 4 7
M1780 5 5 3 9 15 15 5 11 1 6 2 5 2 5 3 7
M1783 5 8 7 8 15 15 7 10 7 7 2 2 5 5 5 6
M1786 4 5 2 8 8 8 9 10 7 13 2 2 3 7 6 6
M1788 1 4 6 7 7 16 10 10 3 12 1 2 6 7 3 5
M1789 5 5 2 9 8 16 5 6 7 12 2 2 7 9 6 7
M1791 5 6 2 8 15 15 5 11 7 13 2 3 4 7 4 4
M1792 5 5 5 7 8 16 4 10 9 9 2 3 1 1 5 6
M1795 5 6 2 6 7 13 6 7 7 12 2 2 3 9 4 5
M1796 5 5 8 8 8 16 4 7 8 9 2 3 5 6 5 6
M1801 5 5 6 7 8 16 9 11 7 9 2 2 3 6 5 5
M1802 5 10 2 7 7 13 2 11 7 7 2 2 4 5 4 4
M1806 5 5 5 7 8 16 6 6 7 8 2 2 4 5 4 8
M1808 5 5 2 5 8 15 4 7 7 9 1 5 5 6 5 5
M1811 5 5 2 6 8 15 4 7 4 8 2 3 2 3 4 6
M1812 4 5 7 7 8 8 6 9 4 9 2 3 5 6 4 6
M1814 5 5 2 2 8 8 6 7 4 4 2 3 5 5 6 6
M1815 5 5 7 7 13 13 5 5 8 8 2 2 6 8 3 6
M1816 5 8 8 8 14 15 7 8 7 9 2 3 2 5 3 4
M1817 5 5 3 7 7 17 5 9 7 7 2 2 4 9 4 5
M1820 5 5 2 7 15 15 6 8 7 7 3 3 3 6 5 6
M1821 3 5 1 2 7 17 4 6 4 12 2 2 5 6 4 7
M1822 4 6 2 2 15 15 5 5 4 4 2 2 1 5 4 4
M1824 5 5 3 7 8 8 8 8 7 12 2 3 4 6 4 6
M1828 1 5 2 7 8 8 4 7 9 9 3 3 2 7 4 6
M1829 5 5 2 3 13 14 7 8 4 7 3 3 1 6 5 5
M1830 5 5 2 8 7 13 4 8 7 8 2 2 6 6 3 6
M1831 5 5 3 9 8 15 7 8 9 9 2 4 4 9 4 4
M1832 5 5 8 8 7 13 7 8 7 7 1 8 1 5 5 6
M1834 6 12 7 9 15 16 10 10 9 13 3 3 5 6 6 7
M1835 5 6 3 7 15 16 7 10 7 9 2 3 3 7 4 6
M1837 5 5 2 2 8 15 4 9 8 9 2 2 6 7 5 5
M1838 1 5 6 7 8 14 5 6 4 9 3 3 4 7 4 7
M1839 5 10 2 9 15 15 7 7 3 7 2 3 4 5 4 6
M1840 5 5 3 3 7 8 6 9 4 8 2 4 4 5 4 6
M1842 5 5 2 7 8 16 4 6 7 8 2 4 5 5 5 6
M1844 4 5 2 7 15 15 4 4 4 7 1 2 9 9 3 6
M1845 5 6 7 7 8 16 4 10 8 9 3 3 2 5 4 4
M1846 5 6 3 9 7 8 6 9 8 9 2 4 3 6 5 6
M1850 5 5 1 8 8 13 5 10 8 9 2 3 6 7 5 5
M1852 8 8 7 9 8 15 8 8 8 9 2 2 4 6 6 6
M1853 5 5 7 8 8 15 5 5 8 9 3 3 4 6 3 4
M1855 5 5 2 7 8 16 5 7 7 7 2 3 5 6 5 6
M1859 5 5 7 9 15 16 8 9 4 9 2 2 3 3 4 5
M1860 5 6 6 9 7 13 8 11 4 9 2 4 4 5 5 5
M1864 1 5 2 8 7 13 4 6 7 7 2 3 7 7 3 6
M1865 5 5 7 8 8 14 5 7 4 7 2 3 2 5 5 6
M1866 5 5 2 3 8 15 6 6 9 9 2 2 2 3 4 6
M1867 4 5 6 8 8 16 4 5 7 7 2 3 4 4 4 5
M1869 5 5 2 7 7 10 9 11 1 9 3 3 2 4 6 6
M1870 5 6 5 7 15 15 5 8 3 7 2 2 6 7 4 4
M1873 1 5 2 8 8 14 5 8 4 7 3 3 2 6 3 3
M1874 5 5 3 6 3 8 9 11 4 7 3 3 6 7 3 4
M1875 4 5 7 7 8 15 4 7 4 7 2 3 5 5 5 6
M1876 1 5 2 9 7 7 6 7 6 7 2 2 3 6 3 4
M1881 1 6 2 8 11 16 8 10 7 7 2 3 1 5 4 7
M1882 5 5 7 7 8 15 6 7 2 10 2 3 5 6 4 5
M1884 5 5 2 9 14 17 4 10 1 8 2 3 2 3 4 5
M1885 5 10 2 2 8 15 12 12 4 9 2 2 4 6 3 6
M1888 5 5 7 8 15 15 7 8 4 10 2 2 4 7 5 6
M1890 5 5 3 7 7 8 5 8 7 7 2 2 4 5 5 5
M1891 5 5 7 8 8 16 7 14 7 12 2 3 1 7 4 4
M1893 5 5 3 8 8 14 7 8 7 9 2 2 1 5 3 6
M1896 4 5 2 8 14 15 5 8 4 9 2 2 4 6 6 6
M1898 5 5 2 7 15 16 8 11 9 9 2 5 5 6 4 6
M1900 5 5 2 2 7 16 8 11 7 14 3 4 5 5 3 5
M1901 1 6 2 9 14 15 8 9 8 8 2 3 5 6 4 5
M1902 1 12 2 7 7 7 8 11 8 9 2 3 3 7 4 5
M1903 5 5 7 7 13 14 7 10 4 11 2 2 5 9 3 4
M1904 5 6 7 7 8 15 6 8 4 7 4 4 4 6 4 5
M1905 5 5 2 3 8 15 6 8 4 8 2 3 6 6 3 4
M1907 4 5 2 2 8 8 5 5 6 7 2 3 1 1 5 8
M1909 5 5 3 7 13 13 5 5 7 7 2 4 3 5 5 5
M1910 5 5 3 8 8 8 7 9 7 9 2 2 2 6 2 2
M1912 5 5 3 7 8 13 10 11 9 9 2 3 3 7 3 4
M1915 5 5 8 8 8 15 5 11 4 4 2 2 3 6 5 7
M1916 5 5 6 9 7 15 6 11 9 9 2 3 4 5 3 4
M1917 5 6 3 6 7 16 7 9 6 9 2 4 5 6 4 5
M1918 5 5 2 8 15 15 8 9 9 9 2 2 6 7 4 6
M1920 5 5 8 8 8 8 5 10 4 9 2 2 5 7 5 5