3647 110
1671 89
2247 1072
3151 3883
2176 333
1260 1873
953 751
1221 1681
1602 3184
3678 103
2231 1085
2280 50
59 2472
962 2509
260 196
2770 3931
2902 149
3691 2855
3397 3389
2101 1090
1384 1116
2974 1116
2006 2364
825 3047
3935 698
426 860
1247 1679
2924 1684
63 17
2285 17
458 285
3951 3763
1586 1520
4027 1873
846 636
401 1826
2064 740
3719 2032
1161 910
1385 1116
206 177
2811 237
3086 516
668 135
70 8
3150 369
2241 3176
2876 120
772 616
279 1638
2239 1832
3635 223
1061 688
2700 1451
1628 1510
2098 902
347 431
2196 431
3642 168
1960 285
940 693
3995 1025
3982 1791
282 209
3625 104
3065 2579
2795 2146
2622 327
551 315
2265 645
2043 2621
2010 561
198 243
3034 3566
3458 2508
673 3538
3716 516
3035 733
2228 3875
1190 1739
2002 2032
1225 1095
3417 1684
3446 3440
3713 519
2047 733
2013 2364
2014 505
3663 156
2316 1105
1188 410
3984 555
3436 3043
3408 2921
2065 2612
2910 2839
3991 2430
3098 519
3993 3550
1945 244
3471 927
411 872
1980 1037
3619 185
2051 494
2807 615
892 631
3668 313
2976 754
3056 3047
3953 2612
3702 522
2309 1025
459 2345
2061 718
201 565
2724 1679
1240 1899
2093 1132
765 585
827 3440
3670 209
543 1791
2311 3545
3998 453
1986 1684
885 618
2951 872
1231 3569
465 1610
2244 1119
2201 453
1990 1241
2864 89
2789 2383
597 449
462 226
2946 1698
856 3558
1970 149
3954 699
2654 910
2011 508
1008 2612
1202 3931
3927 3575
957 740
4040 1832
958 2621
2183 3883
1581 1445
890 2383
1749 3003
965 718
941 754
1179 914
2873 3538
4028 3851
886 2401
557 316
2715 1681
3072 21
2905 1923
3059 50
3994 1795
3955 637
189 230
3070 13
769 494
2264 1109
539 1795
1237 1867
3030 740
2991 3763
3463 1124
1206 2508
3718 494
2115 3799
3707 3558
2768 2401
606 367
2237 1116
421 3875
1977 177
2035 522
1160 927
1238 3550
1348 1090
2187 449
166 297
3149 333
3766 2472
2665 914
3117 3851
1952 226
3396 860
555 333
3639 243
1065 3566
2656 565
2618 1400
2078 1124
3428 8
1379 1103
3025 3566
2117 781
3104 1025
2881 301
3443 777
3926 1726
2698 1510
261 301
2283 650
1366 1100
1014 3566
3095 561
2867 209
2030 491
880 615
3058 777
852 628
1756 1698
665 156
75 777
3959 3865
3101 1067
1914 860
78 2480
4009 1067
3452 2484
2242 1070
1233 1048
3154 299
2044 699
3946 693
2178 375
1241 997
1965 104
4011 2758
2234 1826
2165 315
1994 1681
2945 395
3148 555
2937 934
3664 142
283 142
2072 3763
422 1684
1995 1047
3082 3609
1163 910
3423 17
2069 738
830 51
2627 161
3454 910
2192 305
3963 657
3717 505
4026 1867
3087 3558
2871 313
3709 561
876 645
274 120
4032 1105
4022 3728
938 699
2925 919
4043 1072
879 657
2841 2898
2825 616
3643 297
3992 1100
1985 3931
1359 1075
2181 556
3460 913
2152 1497
810 2107
841 637
2028 3609
3126 305
823 161
1175 902
3723 3609
2860 110
1058 707
2041 2635
1624 1520
4025 1834
2941 1124
2801 88
552 305
2211 1792
2713 3391
2263 3569
1622 89
1623 1451
2194 1791
2641 2484
2260 657
3942 2635
1642 1849
1404 2403
3125 1100
774 581
2096 1103
2022 581
2155 336
2821 631
1947 3236
3631 226
207 313
2631 2403
1951 156
3431 3747
2688 913
3052 2107
2080 1092
2175 3184
1349 1832
2816 86
547 357
944 3763
3122 3728
4031 1899
663 196
1592 1566
320 336
4039 3176
2314 1095
1199 1047
3388 1489
1997 1047
2268 645
3400 3003
2120 914
3375 919
4010 431
1734 395
1720 919
1150 223
203 95
2200 369
3680 234
3650 89
2834 297
3116 1873
3934 3566
2179 326
1973 243
2091 1011
3142 350
2783 645
3614 132
1378 1124
4035 1861
3130 453
3313 1116
3370 3871
2288 1867
595 556
3427 2579
3626 3538
3401 404
2284 2401
4044 1094
1157 88
3771 2480
820 785
2787 618
2036 519
3064 3747
2866 1610
3447 785
1242 1053
2813 2345
3441 781
268 1928
2114 2108
2920 404
3502 1037
1166 901
3969 631
2159 1431
1003 3763
2988 693
2300 1635
1336 2380
729 505
1667 3236
423 3176
538 326
3980 3866
805 3440
1699 934
1601 1526
3961 333
2198 1833
1010 1769
80 17
1574 1497
1583 1513
2082 1087
1983 1679
1746 3011
2648 1635
466 196
850 3866
2897 196
3925 1769
3412 426
3093 1897
2225 1833
1153 244
1171 3011
470 2855
318 333
548 453
2712 1679
2214 373
2694 1513
2702 2480
2243 1075
2870 230
351 348
461 2139
537 441
2219 3176
420 1833
2085 1094
845 3609
1573 3762
2785 967
1005 733
3950 752
3958 628
1009 752
2716 738
1204 738
2683 424
4036 1048
1197 914
2975 752
1627 1451
2299 2403
