3449
2960
3647
1671
3039
3425
2247
3151
1956
2176
1260
953
1221
67
1602
3062
3678
1584
2312
2231
3685
2049
1660
2280
3099
1148
672
59
3048
1993
3129
2055
1962
962
2295
1989
1253
947
3699
260
2770
2902
3691
3397
4037
2101
2001
1384
2974
3924
2006
2626
2670
825
3935
2185
426
262
1219
1597
472
2958
2031
2060
1247
2315
2924
1214
762
63
2285
3094
2287
2094
2119
3981
458
1636
2303
418
2191
2251
3110
2906
3131
3951
2168
1586
4027
4046
846
1183
401
1905
761
3091
468
2064
2054
467
1577
853
456
3406
3358
2791
3719
3430
1245
1161
1385
1263
206
2811
596
3086
3399
2848
668
3381
848
2799
3121
70
3688
3150
2241
2876
772
3692
1959
3027
824
2317
279
2239
1968
406
4038
3066
3366
2236
2970
2847
3635
1251
1344
1061
2700
1628
2098
1957
2302
343
2156
347
1969
3634
2196
3698
3690
3642
2150
3079
2112
1960
3046
2206
2802
4024
940
1258
3143
3995
600
826
2079
284
4007
339
3922
2298
3633
3982
282
2886
3625
3065
3067
2795
2622
2903
2038
3139
2657
551
1656
2265
2043
2010
198
3445
3034
3458
673
1182
2850
3716
2735
3075
3035
3714
3677
2228
4001
2151
3361
1190
2002
1225
2982
3417
2721
2972
3446
1350
3697
948
3713
62
72
2966
2047
2013
1345
2697
1590
3127
2033
3700
2014
2893
893
3663
3681
2316
1188
2885
2725
3102
3984
2157
1383
3436
818
3408
3432
2065
2910
1208
3991
2845
3098
1249
2797
3993
1945
3471
1998
411
1980
2849
3473
3622
3619
2051
2701
2807
2687
892
3618
3668
1223
2290
3620
3422
2976
2650
3056
3111
3953
2308
2815
3702
2309
459
2061
3705
201
2724
1240
2093
546
3965
2842
765
827
1351
2890
3155
2800
3670
169
543
2904
806
165
2311
1572
3998
271
1986
885
2089
2077
2951
1257
815
1231
1953
3312
465
1362
3450
2244
2201
3977
1990
2864
3617
2640
2789
597
462
2259
3073
2946
856
816
183
2208
1970
3954
2654
2011
1008
1202
164
3927
957
1367
2899
464
1966
4040
2926
2040
1984
2883
958
1064
3144
1229
280
3083
3090
545
3448
2183
1581
3078
890
193
2034
3076
1749
965
883
2984
3671
3964
1155
2911
941
3080
358
1179
3061
2873
4028
1587
886
474
1657
1662
1754
3118
1594
557
2715
3373
2169
3072
2905
2853
3059
3994
3955
189
3694
3070
2973
2872
769
2978
2264
539
2830
1237
3030
3020
2991
476
1724
1967
3463
1206
3084
3718
2676
2115
3395
813
3707
2048
2768
606
669
3135
2237
421
3152
1977
4017
2035
1160
1238
1348
2187
166
3149
3766
1709
2665
3117
1952
763
2680
71
3134
3396
2306
555
3107
3639
1593
2819
2304
1065
2888
2656
2307
2826
2618
188
3023
2078
3428
479
3409
1379
179
3025
2980
2163
3347
2018
604
278
3721
162
2117
2882
2188
171
3104
2881
3443
1016
3696
2837
4016
3926
2698
2913
3156
261
3646
3394
2786
2283
3089
1366
1014
3095
2867
808
3706
2705
2805
3316
2116
2030
3382
2246
2158
2827
880
2166
3640
1663
3058
2861
852
3658
1375
1756
593
1588
665
3128
2121
75
3959
2863
2277
3101
2669
1914
78
2896
3997
3088
345
4009
3452
3114
3628
2242
1233
3154
2305
935
3703
3988
2044
4019
2050
3133
3983
3946
2178
1355
2794
3146
1241
956
1965
3124
4011
2234
1666
3648
2165
1994
1368
2171
2945
1343
2901
3148
964
178
2937
3097
2774
3664
2727
3674
283
3077
2072
2019
422
182
1369
2149
1995
455
3673
3082
3317
2731
1163
3068
3423
2069
287
2779
1154
830
2627
3684
1365
281
2889
3454
2192
3963
3717
275
2829
4026
3087
2871
2981
3461
2106
3709
876
3132
2062
4020
274
4032
4022
938
4012
2793
1156
2925
3612
836
4043
2068
879
2841
2668
2015
1254
2825
352
1635
3643
558
3992
1985
3100
1359
2833
2181
3460
2152
2929
810
3119
3976
1341
1626
841
954
2028
851
3126
2180
1347
767
823
764
4034
3383
1987
3701
2878
3021
4041
3672
1175
3723
2860
1058
3679
2691
2041
1624
4025
2217
2042
65
2941
2801
3157
552
2875
943
2732
2211
2713
2113
2263
1178
1622
3944
1949
1623
2194
2641
2260
3942
202
1642
3975
1404
1579
3125
3140
774
2096
731
2986
2022
2155
335
2821
1947
3451
1963
3989
1357
3631
207
2631
4023
1951
3431
2688
328
2729
727
1180
1194
2250
2674
2854
3052
1974
2912
2080
4029
1172
2843
2175
2620
1349
3644
1604
2816
547
944
3630
1964
3122
4018
4031
3024
3675
2836
663
1592
320
4039
2314
1199
3388
1997
1170
1147
2268
3400
2102
2707
2120
1189
3375
4010
1734
1720
3387
2009
1150
3686
203
3621
2200
273
3680
2105
3650
2834
3116
3934
3627
2179
186
2993
2027
1973
3986
2677
3662
963
2091
3414
3142
2783
3614
1378
3424
2851
3320
4035
2076
3130
3313
3370
2288
1252
595
3427
3626
3401
2949
2182
2284
4044
3978
1157
3771
2838
2209
820
3385
854
3689
2787
2036
2730
4015
3939
3069
3429
3971
2173
2638
3418
163
2660
2186
3654
3064
1232
2100
1250
855
2866
3447
3973
1242
346
2813
2267
3441
1625
1981
1738
1004
812
2704
3968
268
2248
2722
2172
2642
1996
344
3637
2114
2920
3502
1631
3941
1166
2987
3969
2159
1003
3708
1670
4005
2686
3656
942
2988
1002
2653
3112
2859
2052
3961
2778
3398
3355
1213
2767
3970
2909
950
2719
2706
2693
2289
884
2637
2218
2936
1200
2682
2985
2300
270
60
1336
2869
1227
729
1667
1360
463
946
263
423
538
3980
732
2275
2832
3377
1372
809
805
770
664
356
888
2690
3653
1699
678
2645
1601
2012
428
2198
265
2835
194
1234
3050
2095
550
3419
325
1010
961
3945
332
3106
80
1574
1583
3682
2053
730
427
3921
2082
1381
3948
4003
2942
2058
2823
3071
1665
3060
1983
3145
3616
2679
1746
2648
3136
191
2017
2207
2788
1630
1629
2673
83
1658
466
267
77
192
2818
3987
2723
2900
2862
353
3624
850
2897
3925
3687
3376
3412
341
1374
3940
3093
1342
3085
3645
3147
2225
2790
1153
3918
2990
2828
3153
2977
1171
2084
470
1224
2817
2868
318
548
857
2712
2831
475
3137
2919
807
2222
2214
1634
3651
1226
2161
2154
2892
264
3641
2694
1580
3055
3695
2224
2270
1353
2195
1371
2292
2923
3403
553
68
3956
3350
2628
1243
2856
2162
2199
2658
3480
1181
2870
2184
1627
2226
1999
540
2917
2103
2003
2313
594
2782
2975
1259
1358
1589
424
199
1661
1255
2728
2780
1158
2709
1578
2197
184
1991
3031
3352
1191
2907
2220
2221
1230
2273
3435
671
3120
2702
2243
4042
945
1174
1244
1205
2293
4033
674
2733
204
2956
351
1982
1261
3711
461
4008
2099
2718
180
2692
3360
1196
2940
2808
413
955
2671
2979
537
2219
1013
1185
666
4000
2310
771
3623
420
3453
1992
1248
2895
2792
2664
3930
2085
2908
3037
2678
821
845
2071
829
542
728
1573
3081
2177
360
2710
1164
3613
819
2205
3415
2663
2301
3736
3033
2852
2164
2063
847
2685
1149
3049
3442
2785
1176
3103
1005
172
3661
3950
3958
1009
881
878
4045
1262
286
2716
3459
1239
2887
1204
2683
4036
477
2918
2796
1197
3074
3407
2025
1641
3354
1354
1193
322
3404
3364
1222
2877
3770
3092
1235
3475
959
1591
3365
4002
64
2915
3405
175
405
2005
2160
951
361
3649
2021
2947
544
61
2319
2666
2296
1730
1373
2643
2020
889
1256
2655
2074
349
277
2661
2297
676
1236
1639
2639
2170
2879
3374
1186
2651
2233
3392
3369
2229
605
675
1057
766
3996
1335
1060
1152
2717
3123
3028
2983
2067
3467
259
187
814
2775
661
2630
2203
1173
2269
2939
603
2950
3371
160
3115
3693
1376
2087
3972
2894
2153
3032
894
3390
1177
408
2202
1637
324
602
73
2299
416
404
2954
3318
1059
832
3108
412
891
3029
74
3743
549
3054
677
1165
2167
3109
354
2773
804
2734
1640
3999
1195
2781
2684
3105
2844
1217
1201
3378
3704
3937
1575
2245
2714
1585
1220
331
2037
2266
1192
822
1596
2784
3096
2215
3478
3734
3022
2223
2104
831
3962
1632
1356
3036
3138
2667
2994
1668
877
773
2649
1218
2623
414
1066
3464
1216
1716
350
1167
3765
3379
176
2253
1215
811
3402
2798
2675
3026
849
1352
2772
2216
2944
2633
835
2720
400
1228
882
3990
2810
842
2227
541
2212
