 28       64    (0)   13 :  0.015 0.010 0.012 0.012 0.019 0.016 0.011 0.086 0.009 0.013 0.008 0.028 0.122 0.306 0.009 0.007 0.114 0.138 0.040 0.024     (0.000,0.083) (0.000,0.062) (0.000,0.066) (0.000,0.065) (0.000,0.122) (0.000,0.089) (0.000,0.060) (0.000,0.696) (0.000,0.059) (0.000,0.067) (0.000,0.046) (0.000,0.202) (0.000,0.798) (0.000,0.966) (0.000,0.047) (0.000,0.040) (0.000,0.777) (0.000,0.864) (0.000,0.296) (0.000,0.141) 
 64      160   (12)   16 :  0.009 0.006 0.009 0.009 0.005 0.007 0.008 0.010 0.006 0.008 0.006 0.006 0.008 0.008 0.011 0.844 0.014 0.010 0.008 0.008     (0.000,0.051) (0.000,0.032) (0.000,0.052) (0.000,0.047) (0.000,0.026) (0.000,0.041) (0.000,0.045) (0.000,0.060) (0.000,0.033) (0.000,0.043) (0.000,0.031) (0.000,0.029) (0.000,0.043) (0.000,0.046) (0.000,0.063) (0.536,0.995) (0.000,0.085) (0.000,0.053) (0.000,0.044) (0.000,0.045) 
 63      156    (0)    1 :  0.041 0.004 0.173 0.110 0.007 0.016 0.228 0.019 0.004 0.011 0.004 0.006 0.022 0.020 0.222 0.009 0.035 0.029 0.019 0.023     (0.000,0.288) (0.000,0.019) (0.000,0.926) (0.000,0.823) (0.000,0.035) (0.000,0.094) (0.000,0.942) (0.000,0.104) (0.000,0.020) (0.000,0.060) (0.000,0.020) (0.000,0.031) (0.000,0.128) (0.000,0.120) (0.000,0.949) (0.000,0.051) (0.000,0.243) (0.000,0.181) (0.000,0.103) (0.000,0.139) 
 65      161    (0)   16 :  0.010 0.005 0.009 0.009 0.005 0.008 0.008 0.010 0.005 0.008 0.005 0.006 0.008 0.008 0.009 0.847 0.012 0.010 0.010 0.009     (0.000,0.054) (0.000,0.029) (0.000,0.049) (0.000,0.051) (0.000,0.025) (0.000,0.042) (0.000,0.042) (0.000,0.055) (0.000,0.027) (0.000,0.045) (0.000,0.026) (0.000,0.032) (0.000,0.043) (0.000,0.046) (0.000,0.052) (0.540,0.995) (0.000,0.067) (0.000,0.053) (0.000,0.053) (0.000,0.050) 
102      283    (0)   13 :  0.053 0.012 0.029 0.023 0.010 0.031 0.053 0.049 0.010 0.026 0.006 0.013 0.292 0.082 0.019 0.011 0.079 0.105 0.046 0.052     (0.000,0.420) (0.000,0.078) (0.000,0.194) (0.000,0.150) (0.000,0.056) (0.000,0.203) (0.000,0.418) (0.000,0.388) (0.000,0.063) (0.000,0.161) (0.000,0.032) (0.000,0.080) (0.000,0.956) (0.000,0.664) (0.000,0.114) (0.000,0.063) (0.000,0.613) (0.000,0.771) (0.000,0.351) (0.000,0.415) 
127      349   (12)   18 :  0.040 0.005 0.031 0.045 0.006 0.054 0.014 0.041 0.005 0.032 0.005 0.007 0.032 0.059 0.040 0.296 0.075 0.083 0.073 0.057     (0.000,0.286) (0.000,0.029) (0.000,0.195) (0.000,0.338) (0.000,0.031) (0.000,0.421) (0.000,0.072) (0.000,0.295) (0.000,0.025) (0.000,0.206) (0.000,0.026) (0.000,0.036) (0.000,0.205) (0.000,0.482) (0.000,0.280) (0.000,0.957) (0.000,0.631) (0.000,0.704) (0.000,0.622) (0.000,0.465) 
163      426    (0)   16 :  0.007 0.007 0.007 0.006 0.005 0.008 0.006 0.008 0.006 0.007 0.005 0.007 0.006 0.007 0.007 0.872 0.007 0.007 0.008 0.007     (0.000,0.041) (0.000,0.037) (0.000,0.036) (0.000,0.033) (0.000,0.025) (0.000,0.042) (0.000,0.035) (0.000,0.044) (0.000,0.033) (0.000,0.036) (0.000,0.029) (0.000,0.036) (0.000,0.035) (0.000,0.041) (0.000,0.036) (0.617,0.996) (0.000,0.039) (0.000,0.039) (0.000,0.043) (0.000,0.040) 
334      846    (0)    2 :  0.009 0.563 0.005 0.009 0.005 0.007 0.007 0.006 0.266 0.007 0.038 0.025 0.008 0.008 0.006 0.005 0.006 0.008 0.007 0.006     (0.000,0.046) (0.000,0.992) (0.000,0.028) (0.000,0.048) (0.000,0.025) (0.000,0.037) (0.000,0.037) (0.000,0.029) (0.000,0.972) (0.000,0.036) (0.000,0.273) (0.000,0.145) (0.000,0.040) (0.000,0.041) (0.000,0.032) (0.000,0.029) (0.000,0.032) (0.000,0.041) (0.000,0.037) (0.000,0.034) 
341      869    (0)    3 :  0.070 0.010 0.252 0.056 0.009 0.037 0.054 0.041 0.014 0.093 0.008 0.034 0.034 0.048 0.014 0.006 0.058 0.073 0.028 0.062     (0.000,0.560) (0.000,0.057) (0.000,0.924) (0.000,0.435) (0.000,0.050) (0.000,0.273) (0.000,0.422) (0.000,0.311) (0.000,0.088) (0.000,0.656) (0.000,0.048) (0.000,0.252) (0.000,0.236) (0.000,0.367) (0.000,0.081) (0.000,0.032) (0.000,0.429) (0.000,0.587) (0.000,0.181) (0.000,0.490) 
383      981    (0)    7 :  0.083 0.010 0.064 0.029 0.014 0.036 0.286 0.036 0.009 0.034 0.008 0.010 0.054 0.076 0.073 0.006 0.021 0.039 0.043 0.068     (0.000,0.693) (0.000,0.056) (0.000,0.531) (0.000,0.190) (0.000,0.083) (0.000,0.251) (0.000,0.964) (0.000,0.250) (0.000,0.056) (0.000,0.225) (0.000,0.045) (0.000,0.055) (0.000,0.429) (0.000,0.628) (0.000,0.571) (0.000,0.032) (0.000,0.130) (0.000,0.281) (0.000,0.317) (0.000,0.551) 
396     1006    (0)   12 :  0.007 0.014 0.006 0.007 0.007 0.008 0.006 0.007 0.016 0.007 0.014 0.844 0.007 0.007 0.006 0.010 0.007 0.007 0.007 0.007     (0.000,0.039) (0.000,0.088) (0.000,0.031) (0.000,0.037) (0.000,0.037) (0.000,0.044) (0.000,0.032) (0.000,0.036) (0.000,0.108) (0.000,0.037) (0.000,0.084) (0.528,0.995) (0.000,0.037) (0.000,0.038) (0.000,0.030) (0.000,0.060) (0.000,0.039) (0.000,0.035) (0.000,0.037) (0.000,0.036) 
458     1222    (0)    9 :  0.005 0.142 0.004 0.004 0.011 0.005 0.005 0.004 0.686 0.005 0.085 0.008 0.004 0.005 0.005 0.004 0.004 0.004 0.005 0.004     (0.000,0.026) (0.000,0.938) (0.000,0.022) (0.000,0.022) (0.000,0.069) (0.000,0.027) (0.000,0.026) (0.000,0.022) (0.000,0.995) (0.000,0.025) (0.000,0.828) (0.000,0.040) (0.000,0.024) (0.000,0.027) (0.000,0.025) (0.000,0.023) (0.000,0.022) (0.000,0.023) (0.000,0.024) (0.000,0.023) 
462     1236    (0)    9 :  0.009 0.586 0.007 0.006 0.006 0.010 0.008 0.008 0.247 0.008 0.023 0.016 0.009 0.008 0.007 0.011 0.007 0.009 0.008 0.007     (0.000,0.051) (0.000,0.992) (0.000,0.039) (0.000,0.034) (0.000,0.030) (0.000,0.054) (0.000,0.042) (0.000,0.048) (0.000,0.918) (0.000,0.044) (0.000,0.133) (0.000,0.092) (0.000,0.053) (0.000,0.047) (0.000,0.040) (0.000,0.073) (0.000,0.039) (0.000,0.050) (0.000,0.046) (0.000,0.041) 
623     1738    (0)    9 :  0.005 0.229 0.005 0.005 0.011 0.005 0.006 0.005 0.255 0.005 0.417 0.008 0.005 0.005 0.005 0.008 0.005 0.005 0.005 0.005     (0.000,0.029) (0.000,0.973) (0.000,0.027) (0.000,0.024) (0.000,0.070) (0.000,0.029) (0.000,0.029) (0.000,0.025) (0.000,0.975) (0.000,0.029) (0.000,0.989) (0.000,0.041) (0.000,0.029) (0.000,0.028) (0.000,0.025) (0.000,0.048) (0.000,0.026) (0.000,0.027) (0.000,0.029) (0.000,0.027) 
651     1791    (0)    9 :  0.008 0.264 0.006 0.008 0.024 0.008 0.008 0.006 0.247 0.008 0.351 0.010 0.007 0.008 0.008 0.005 0.006 0.007 0.007 0.007     (0.000,0.043) (0.000,0.971) (0.000,0.034) (0.000,0.042) (0.000,0.170) (0.000,0.042) (0.000,0.042) (0.000,0.032) (0.000,0.960) (0.000,0.041) (0.000,0.979) (0.000,0.058) (0.000,0.039) (0.000,0.042) (0.000,0.045) (0.000,0.028) (0.000,0.030) (0.000,0.038) (0.000,0.040) (0.000,0.037) 
655     1799    (0)    2 :  0.005 0.101 0.005 0.005 0.012 0.005 0.005 0.005 0.627 0.005 0.181 0.006 0.005 0.005 0.005 0.004 0.005 0.005 0.005 0.005     (0.000,0.027) (0.000,0.882) (0.000,0.028) (0.000,0.027) (0.000,0.079) (0.000,0.028) (0.000,0.025) (0.000,0.026) (0.000,0.995) (0.000,0.026) (0.000,0.958) (0.000,0.030) (0.000,0.025) (0.000,0.026) (0.000,0.027) (0.000,0.023) (0.000,0.024) (0.000,0.026) (0.000,0.026) (0.000,0.027) 
659     1821    (0)   11 :  0.006 0.025 0.005 0.005 0.004 0.005 0.005 0.005 0.033 0.005 0.856 0.006 0.005 0.005 0.005 0.004 0.005 0.005 0.005 0.005     (0.000,0.029) (0.000,0.161) (0.000,0.025) (0.000,0.026) (0.000,0.023) (0.000,0.026) (0.000,0.029) (0.000,0.025) (0.000,0.237) (0.000,0.028) (0.492,0.997) (0.000,0.034) (0.000,0.026) (0.000,0.028) (0.000,0.026) (0.000,0.023) (0.000,0.026) (0.000,0.026) (0.000,0.027) (0.000,0.026) 
1783     4474    (0)   14 :  0.036 0.019 0.059 0.071 0.072 0.016 0.091 0.033 0.016 0.041 0.016 0.032 0.026 0.132 0.044 0.080 0.030 0.039 0.108 0.040     (0.000,0.249) (0.000,0.125) (0.000,0.460) (0.000,0.549) (0.000,0.451) (0.000,0.093) (0.000,0.658) (0.000,0.241) (0.000,0.110) (0.000,0.300) (0.000,0.113) (0.000,0.238) (0.000,0.164) (0.000,0.816) (0.000,0.337) (0.000,0.470) (0.000,0.220) (0.000,0.282) (0.000,0.749) (0.000,0.300) 
