"offspring" "father" "occurences"
18 170 1
46 1222 7
53 64 6
96 64 7
108 170 1
109 484 1
125 484 1
157 4474 6
158 4474 3
165 161 4
207 170 1
213 484 1
272 161 3
361 1626 3
375 1006 4
388 64 7
400 64 7
491 156 2
492 156 1
504 156 2
505 156 2
550 849 1
589 1306 3
598 1306 3
829 1306 1
838 1038 1
844 1796 1
845 849 1
847 849 1
850 1006 4
852 849 1
856 846 2
970 981 4
1010 1038 1
1014 1026 4
1028 846 3
1042 846 2
1055 849 1
1056 1060 1
1057 1060 1
1062 1060 1
1075 1060 1
1086 1787 2
1087 1626 2
1089 1026 4
1104 1796 1
1110 846 2
1113 1060 1
1114 846 2
1129 1626 1
1140 1626 2
1148 1829 1
1153 1817 1
1160 1626 2
1189 1026 2
1223 1796 1
1229 1796 1
1231 1796 1
1232 1817 1
1234 1817 1
1235 1796 1
1243 1306 3
1255 1306 3
1266 1006 4
1277 1060 1
1293 1306 2
1297 1038 1
1312 1306 3
1497 1306 2
1501 1796 1
1550 1006 1
1618 1821 1
1641 1026 1
1642 1792 1
1647 1821 1
1648 1821 1
1655 1306 2
1660 1626 1
1662 1817 1
1666 1060 1
1684 1306 2
1698 1038 1
1699 1060 1
1702 1626 2
1776 1821 4
1782 1026 2
1783 1821 5
1784 849 1
1785 849 1
1790 1222 6
1794 1792 1
1806 1060 1
1813 1787 4
1814 1787 1
1815 1626 2
1816 1792 1
1822 1222 1
1823 1792 1
1824 1817 1
1825 1787 1
1828 1829 1
1830 1817 1
1839 1792 1
1840 1787 5
1908 1821 2
1912 64 7
1935 161 1
2004 161 4
2008 161 3
2014 161 4
2030 484 1
2031 484 1
2063 161 2
2066 170 1
2190 161 4
2227 484 1
2311 64 2
2394 156 1
2404 869 4
2412 869 5
2433 484 1
2491 156 1
2508 981 4
2509 981 4
2514 4474 1
2522 170 1
2537 170 1
2817 1306 3
3025 484 1
3061 846 3
3089 849 1
3090 846 3
3094 849 1
3097 1006 2
3104 849 1
3120 869 5
3131 869 2
3173 484 1
3223 981 4
3252 981 4
3281 4474 6
3309 1006 4
3321 869 1
3339 1060 1
3346 1306 1
3360 1060 1
3367 1222 1
3369 1038 1
3381 1060 1
3389 1306 2
3396 1060 1
3399 1222 1
3404 1060 1
3459 1060 1
3463 1038 1
3474 1060 1
3476 1060 1
3497 981 2
3552 1626 3
3584 1026 4
3595 1306 3
3635 1222 4
3636 1060 1
3637 1306 1
3703 1060 1
3704 1306 2
3722 1006 4
3731 981 4
3926 1306 2
3934 1306 2
4133 1038 1
4141 1821 1
4160 1829 1
4188 1060 1
4201 1026 1
4247 1626 2
4259 1821 1
4263 1626 1
4313 1306 1
4320 1792 1
4323 849 1
4329 1821 5
4331 1792 1
4337 1792 1
4359 1821 2
4376 1796 1
4386 1829 5
4390 1787 2
4391 1060 1
4407 1792 1
4408 1787 1
4409 1829 2
4413 1787 5
4417 161 4
4419 846 3
4425 161 1
4428 846 3
4462 1306 2
4463 1829 2
31 1799 1
108 426 2
145 349 2
148 349 3
159 281 1
165 281 1
235 349 3
239 349 2
252 281 1
353 1625 1
361 1008 1
427 426 2
488 349 2
535 349 1
538 349 2
614 349 1
759 349 2
766 349 2
829 1008 1
839 1008 1
844 1779 1
847 1779 3
1015 1008 1
1032 1233 1
1046 1779 1
1057 1306 1
1061 1779 3
1087 1625 1
1088 1008 2
1089 1625 2
1092 1799 1
1153 1625 1
1160 1222 4
1187 1791 1
1189 1625 1
1206 1306 1
1223 1222 4
1230 1222 3
1232 1233 4
1234 1233 3
1238 1222 1
1252 1233 2
1254 1233 1
1256 1233 2
1622 1821 1
1642 1008 2
1644 1233 2
1694 1779 1
1698 1306 1
1777 1779 1
1793 1791 4
1794 1799 2
1795 1306 1
1812 1779 3
1822 1799 2
1823 1799 1
1830 1799 1
1838 1779 1
1839 1791 1
1935 281 1
1965 349 2
2004 281 1
2008 426 2
2063 281 1
2067 281 1
2069 281 1
2071 426 2
2190 281 1
2380 426 1
2392 869 3
2527 281 1
2645 349 3
2662 349 2
2714 349 2
2732 349 1
3052 426 2
3081 1008 1
3094 1779 2
3101 1821 1
3223 869 1
3350 1821 1
3355 1008 1
3367 1008 1
3391 1779 2
3399 1799 2
3446 1625 2
3500 1008 1
3511 869 1
3523 1233 1
3526 1233 1
3552 1625 1
3554 1233 1
3584 1625 2
3635 1233 2
3636 1233 3
3637 1233 4
3648 1233 3
4131 1222 2
4148 1222 6
4260 1799 1
4263 1625 1
4331 1791 6
4341 1779 2
4355 1799 1
4356 1779 1
4359 1779 3
4371 1625 2
4380 1791 1
4386 1779 2
4389 1799 1
4407 1799 2
4408 1821 3
4409 1799 2
4434 349 3
4437 1233 4
4462 1799 2
164 1236 1
252 161 2
360 842 1
844 842 1
845 842 1
847 1780 2
926 869 3
1014 1626 1
1016 842 1
1055 1780 1
1092 1791 1
1100 842 1
1107 1787 1
1109 1780 1
1113 1626 2
1149 1006 1
1153 1236 3
1158 1236 1
1206 1626 1
1220 1236 2
1221 1006 2
1229 1222 1
1253 1222 3
1641 1791 2
1642 1626 1
1677 4474 4
1703 1626 1
1743 1626 1
1781 842 1
1782 1829 3
1785 842 1
1815 1791 3
1816 1791 1
1818 1236 2
1822 1791 4
1824 1829 1
1825 1821 2
1828 1780 2
1845 1006 2
1978 64 3
2067 426 1
2304 64 2
2345 64 6
2380 161 2
2411 4474 3
2522 426 1
2526 426 1
3079 1006 2
3090 842 1
3102 842 1
3112 1006 2
3201 869 3
3261 4474 2
3314 1626 1
3337 1006 1
3383 1780 1
3392 842 1
3399 842 1
3420 842 1
3447 1236 1
3456 842 1
3476 1780 2
3496 1006 1
3535 1626 1
3548 1236 1
3554 1791 4
3636 1222 2
3637 1222 1
3648 1626 1
4155 1626 1
4160 1626 2
4201 1791 1
4267 1829 1
4313 1626 1
4320 842 1
4323 1780 2
4342 1236 1
4347 1236 1
4352 1780 1
4356 1829 2
4371 1236 2
4389 1829 3
4394 1787 2
4407 1780 2
4409 1787 4
19 822 2
165 315 1
207 315 1
252 315 1
361 1233 1
452 869 1
609 981 3
823 822 2
844 1222 3
861 822 1
882 822 1
922 869 1
923 822 2
929 822 2
933 822 1
1057 1756 1
1104 1787 1
1140 1026 1
1148 1222 1
1223 1791 2
1229 1756 1
1235 1233 3
1252 1756 1
1253 1233 2
1255 1756 1
1627 1787 1
1655 1787 1
1660 1233 2
1662 1233 1
1670 1756 1
1671 1787 1
1684 1787 1
1694 1026 1
1698 1787 1
1703 1756 1
1790 1779 1
1794 1791 2
1795 1778 3
1816 1026 1
1824 1787 2
2104 315 1
2190 315 1
2194 315 1
2526 1756 1
3089 1779 2
3207 822 2
3243 981 2
3346 1778 1
3383 1778 1
3392 1778 1
3399 1779 1
3457 1787 1
3535 1233 2
3552 1026 1
3605 1756 1
3610 869 2
3705 1756 1
3748 981 1
4136 1756 1
4156 1222 3
4320 1779 1
4323 1779 1
4333 1778 1
4342 1756 1
4347 1756 1
4356 1026 1
4407 1791 1
4463 1233 1
31 1778 2
360 1787 2
411 925 1
618 349 1
844 1789 1
852 846 1
926 925 1
960 981 1
1050 1780 1
1055 846 1
1057 846 1
1170 1233 1
1229 1233 2
1230 1791 1
1254 1306 1
1627 1626 1
1641 1626 1
1642 1233 2
1666 1233 1
1685 1688 2
1703 1789 1
1782 1789 1
1784 1821 1
1785 1789 1
1802 1780 2
1806 1821 1
1824 1688 1
1884 4474 1
1916 1778 1
2071 349 2
2399 1778 2
2404 925 1
2542 349 2
2756 349 2
3066 846 1
3094 846 2
3101 1778 2
3201 925 1
3203 925 1
3249 981 1
3320 1006 1
3321 1006 2
3338 846 1
3340 1626 1
3350 1778 2
3355 846 1
3391 846 1
3392 846 1
3394 846 1
3399 1791 1
3429 846 1
3449 1778 2
3463 1791 1
3614 1233 2
4131 1233 1
4136 1233 2
4148 1789 1
4155 1233 1
4261 1688 1
4263 1688 1
4264 1789 1
4319 1778 2
4320 1780 2
4321 1778 2
4327 1821 1
4333 1306 1
4355 1306 1
4356 1789 1
4386 1789 1
4389 1789 2
4463 1789 1
393 67 1
414 67 1
838 1013 1
844 1026 1
845 1778 1
847 1026 1
1056 1701 1
1057 1778 1
1104 1026 1
1149 1226 1
1160 1226 1
1170 1013 1
1187 1799 1
1206 1026 1
1223 1226 1
1225 1799 1
1231 1222 1
1232 1226 1
1234 1236 1
1253 1226 1
1254 1226 1
1258 1226 1
1264 1226 1
1287 1236 1
1298 1026 1
1641 1701 1
1642 1226 1
1666 1701 1
1670 1829 1
1689 1701 1
1694 1701 1
1703 1701 1
1776 1778 1
1784 1778 1
1802 1778 1
1806 1829 2
1825 1701 1
1874 67 1
1925 67 1
1977 67 1
2304 67 1
2315 67 1
2321 67 1
2343 67 1
2441 156 1
2530 161 1
3066 869 1
3079 1013 1
3081 1013 1
3082 1013 1
3083 1013 1
3088 1778 1
3090 1026 1
3337 1013 1
3358 1226 1
3367 1799 1
3446 1236 1
3452 1778 1
3457 1821 1
3459 1701 1
3554 1799 1
3605 1226 1
3614 1799 1
3627 1226 1
3636 1026 1
3651 1222 1
3860 1226 1
4131 1829 1
4136 1799 1
4160 1701 1
4201 1701 1
4247 1829 1
4261 1829 2
4320 1799 1
4323 1799 1
4331 1222 1
4375 1701 1
4437 1236 2
108 162 1
163 162 1
165 162 1
207 162 1
252 162 1
353 1236 1
361 1236 1
839 1013 1
856 855 1
999 1013 1
1010 1008 1
1014 1625 1
1015 1625 1
1046 1053 1
1055 1053 1
1062 1779 1
1087 1008 1
1092 1008 1
1100 1787 1
1104 1053 1
1129 1013 1
1225 1791 1
1232 1236 1
1264 1008 1
1644 1236 1
1703 1625 1
1743 1625 1
1781 1008 1
1784 1779 1
1785 1053 1
1793 1779 1
1802 1779 1
1805 1779 1
1810 1779 1
1816 1625 1
1828 1053 1
1916 1013 1
2004 162 1
2008 162 1
2067 162 1
2380 162 1
2522 162 1
2526 162 1
2537 162 1
2990 1625 1
3088 1008 1
3101 1787 1
3104 855 1
3314 1013 1
3316 1013 1
3343 1053 1
3357 1013 1
3358 1222 2
3367 855 1
3381 855 1
3387 1779 1
3390 1779 1
3391 1829 1
3392 1053 1
3394 1779 1
3396 1779 1
3399 1053 1
3429 1779 1
3463 855 1
3468 855 1
3482 1779 1
3527 1013 1
3637 1013 1
3648 1236 1
4149 1236 1
4160 1625 1
4201 855 1
4263 1829 1
4320 1013 1
4407 1779 1
4408 1779 1
4463 1222 1
25 519 1
207 161 1
264 349 1
308 349 1
399 12 1
427 161 1
550 846 1
591 4474 1
598 1301 1
607 12 1
735 12 1
781 12 1
808 1738 1
847 846 1
900 818 1
911 818 1
927 12 1
991 519 1
1059 846 1
1061 846 1
1063 1301 1
1087 1789 1
1088 1791 1
1097 1789 1
1104 1789 1
1113 846 1
1130 981 1
1206 1301 1
1243 1301 1
1254 1301 1
1287 1301 1
1312 1301 1
1341 12 1
1371 12 1
1644 1738 1
1662 1688 1
1666 1738 1
1694 1688 1
1702 1688 1
1703 1688 1
1742 1789 1
1743 1738 1
1781 1789 1
1785 1222 1
1790 1780 1
1803 1829 1
1824 1789 1
1839 1780 1
1916 1791 1
1925 64 1
1935 519 1
2067 161 1
2069 519 1
2117 12 1
2185 349 1
2380 519 1
2451 818 1
2537 519 1
2724 12 1
2990 349 1
3088 1301 1
3089 846 1
3102 846 1
3104 846 1
3161 818 1
3168 818 1
3208 822 1
3314 1026 1
3360 846 1
3392 1026 1
3440 1026 1
3457 1233 1
3463 1738 1
3482 846 1
3511 12 1
3595 1301 1
3627 1688 1
3648 1688 1
3704 1301 1
3736 12 1
3759 12 1
3760 12 1
4001 12 1
4105 1738 1
4131 1789 1
4155 1789 1
4156 1789 1
4160 1789 1
4201 1688 1
4247 1789 1
4259 1738 1
4261 1789 1
4264 1688 1
4356 1688 1
4393 1688 1
4407 1688 1
4454 349 1
4462 1301 1
