10 2212
19 2464
26 2564
40 3308
50 20
56 1923
58 2359
60 1966
68 2309
73 1945
105 2015
112 2021
118 2016
121 2941
124 2442
144 2053
148 2517
159 2064
167 2011
179 2558
181 2398
208 2136
227 2706
230 2093
258 2212
295 2025
332 2867
383 2283
432 3138
455 2016
480 3198
493 2046
530 2082
536 2545
558 2135
563 3123
605 1976
644 4447
720 3986
788 2051
789 2051
817 3220
819 3064
830 3061
836 3308
838 3076
857 3022
871 3023
874 3123
875 3123
876 1918
877 3135
881 3138
884 3144
893 3155
903 3023
911 3218
914 3023
919 3138
942 3237
970 2509
974 3282
986 3048
1030 2545
1032 3319
1049 2398
1067 3081
1070 3413
1152 3119
1170 3549
1179 3756
1209 3782
1243 3622
1288 4314
1296 4314
1339 2309
1342 3756
1345 3756
1385 3228
1427 2339
1477 2223
1490 4310
1518 3962
1527 3962
1550 3311
1571 2867
1611 4086
1612 4086
1614 2223
1618 4143
1632 4101
1647 4143
1682 4174
1706 2917
1845 3307
1885 3001
1892 3986
1908 4143
1922 2309
1925 1976
1935 2064
1936 2082
1937 1940
1939 1940
1950 1949
1964 1995
1977 1976
1982 1985
2000 2046
2003 2061
2018 21
2026 2045
2040 2022
2071 2382
2087 21
2116 2706
2165 2010
2200 2995
2217 3133
2242 3143
2248 3598
2256 3048
2269 2359
2337 2331
2364 1966
2410 2428
2443 2471
2502 3248
2503 2055
2526 2010
2530 2011
2544 2545
2552 2398
2561 2082
2565 2564
2594 2395
2600 2015
2609 2710
2624 2283
2628 1949
2645 2700
2692 2023
2704 2115
2766 2025
2776 4447
2797 2941
2802 3756
2864 3248
2873 3986
2909 2186
2959 2109
2961 2965
2996 2995
3007 2970
3041 3042
3064 3073
3077 3048
3079 3078
3083 3078
3111 3520
3153 3198
3157 3048
3177 3198
3189 3198
3223 2509
3235 3263
3239 3237
3243 3046
3246 3229
3250 3251
3255 3045
3256 3248
3260 2517
3264 3263
3277 3042
3287 3285
3289 3285
3297 2535
3309 3308
3320 3307
3322 3081
3329 3328
3337 3078
3338 3328
3339 3330
3348 3402
3355 3354
3420 3413
3440 3106
3450 3491
3456 3106
3496 3285
3497 2509
3536 3756
3675 4305
3717 3285
3743 3780
3784 4092
3832 4438
3858 4285
3862 3373
3913 2331
3931 4461
3967 2342
4004 3780
4036 4077
4063 4077
4065 3782
4078 2331
4136 4137
4144 4143
4171 3280
4176 4143
4186 4314
4189 4314
4260 4137
4297 4077
4302 4310
4323 4381
4352 4357
4383 4330
4407 4336
4423 3198
461 2016
610 2167
1519 3964
1652 3842
1794 3556
2088 21
2220 2223
2255 3271
2574 2576
2787 3018
3818 3251
3841 4272
236 4451
1043 3377
3381 3377
4210 2970
2172 2205
2986 4255
3151 3148
2222 1932
25 3054
27 3707
61 3308
89 1962
95 1927
120 2564
185 2554
214 2545
221 2191
244 2785
320 2191
328 2146
358 3237
443 2995
459 2145
470 2418
495 3034
511 3269
579 2835
601 2706
602 2706
608 2175
680 2112
782 2051
783 4101
823 2464
831 2442
882 4444
944 3222
945 2493
949 3228
960 3251
968 2499
977 2487
978 3269
983 3782
1036 3371
1077 2570
1078 2596
1183 3889
1198 3502
1251 3645
1270 3668
1360 2236
1373 3531
1376 2796
1392 3433
1405 3652
1449 3889
1455 3889
1459 3707
1463 3229
1497 3766
1532 4285
1707 3433
1718 4183
1758 2858
1798 4374
1802 4345
1806 4358
1814 4378
1833 4364
1871 1927
1873 1962
1895 3962
1900 2332
1919 2272
1938 3228
2130 2769
2138 2785
2215 2387
2234 2236
2241 3271
2246 3271
2247 1940
2288 1957
2325 2331
2327 1957
2338 2332
2354 2355
2375 2038
2389 2401
2396 2395
2448 2917
2490 2487
2500 2053
2571 2570
2597 2596
2625 2203
2635 4183
2677 2112
2682 2112
2687 2688
2711 3763
2724 2082
2728 3772
2764 4446
2772 2773
2781 2203
2783 2167
2834 2835
2870 2867
2884 2875
2967 2965
2980 2192
3028 3271
3097 3098
3120 2412
3129 2435
3136 3073
3145 3143
3166 3180
3217 3215
3247 3222
3259 3251
3292 3053
3334 3336
3387 3400
3415 21
3427 3425
3428 3425
3460 3455
3469 3455
3503 3502
3543 3140
3739 4101
3847 3988
3957 3772
3970 3140
3984 3988
4012 3215
4125 4127
4126 3508
4177 4180
4224 2858
4234 4183
4254 2970
4259 4257
4320 4379
4409 4407
4416 2038
4457 2952
4459 4241
51 1943
96 2773
192 2633
193 2673
338 2587
359 3271
481 2044
503 2046
879 3520
1274 2575
1363 4120
1608 3921
1630 3280
2440 2438
2505 3222
2778 2710
2779 2576
2880 2136
3070 2576
3564 3502
3610 3832
3685 3677
4347 4360
101 2668
276 2570
611 2768
801 2202
1068 2395
1468 3766
2216 1930
2219 1930
2850 2841
3684 3707
256 2668
425 2482
1928 1957
2866 2867
695 3707
1128 3310
791 2186
600 4440
1621 4095
