3
8
10
15
17
18
19
20
22
25
26
27
31
36
38
40
41
43
46
47
48
50
51
53
56
58
60
62
63
68
73
81
83
84
85
87
89
94
95
96
100
105
108
109
110
112
114
118
120
121
122
123
124
126
129
137
139
140
141
143
144
145
147
148
153
155
157
158
159
163
164
165
167
172
173
178
179
181
183
185
193
194
195
196
197
199
200
202
203
204
207
208
211
213
216
221
223
224
226
227
230
232
233
235
237
238
239
241
242
243
244
247
249
252
256
257
258
259
260
261
263
264
267
268
272
276
278
282
284
287
288
289
290
291
292
295
296
297
302
304
308
309
313
316
319
320
323
328
329
332
336
337
338
339
347
352
353
354
356
358
359
360
361
375
383
384
385
387
390
391
392
393
399
401
403
411
414
415
420
423
424
425
427
432
434
439
440
441
442
443
444
447
448
453
455
459
460
466
476
477
478
480
482
483
487
488
492
493
495
496
497
498
499
501
503
504
506
510
511
516
525
528
530
536
558
562
563
567
579
581
585
588
589
591
600
601
602
605
606
607
608
609
617
622
628
629
638
644
653
655
657
658
661
665
679
680
683
684
685
688
689
690
691
696
698
706
720
721
722
723
725
732
735
739
746
747
748
757
759
766
779
781
782
785
788
789
794
795
799
801
808
809
817
819
823
827
828
829
830
831
835
836
838
839
840
841
844
845
847
850
852
856
857
858
859
861
862
865
870
871
874
875
876
877
879
881
882
884
886
889
893
894
897
898
899
902
903
911
914
916
919
920
922
926
927
928
929
932
933
942
944
949
953
960
963
965
968
970
972
974
978
983
984
985
986
991
993
999
1004
1007
1010
1014
1015
1016
1018
1019
1020
1023
1028
1030
1031
1032
1036
1041
1042
1044
1045
1046
1049
1050
1055
1056
1057
1059
1061
1062
1063
1064
1067
1068
1069
1070
1072
1073
1077
1081
1082
1085
1086
1087
1088
1089
1090
1092
1093
1096
1097
1100
1103
1104
1106
1107
1109
1110
1113
1114
1118
1126
1127
1128
1129
1135
1136
1140
1142
1144
1148
1149
1150
1152
1153
1158
1160
1163
1166
1170
1179
1183
1184
1186
1187
1189
1190
1193
1197
1198
1201
1206
1209
1210
1213
1215
1220
1221
1223
1225
1229
1230
1231
1232
1234
1235
1238
1242
1243
1245
1251
1252
1253
1254
1255
1256
1258
1260
1261
1262
1264
1267
1270
1271
1272
1277
1279
1281
1282
1287
1288
1290
1292
1294
1296
1297
1298
1299
1305
1311
1312
1319
1324
1327
1330
1332
1333
1334
1339
1341
1342
1345
1346
1349
1350
1352
1354
1355
1358
1359
1360
1361
1362
1363
1364
1367
1369
1371
1373
1375
1376
1378
1379
1382
1385
1390
1392
1394
1398
1401
1404
1405
1420
1427
1428
1429
1445
1449
1450
1455
1456
1459
1462
1463
1464
1468
1477
1482
1485
1488
1490
1494
1496
1497
1501
1505
1508
1509
1510
1516
1518
1527
1529
1533
1539
1540
1542
1544
1550
1551
1555
1571
1578
1583
1584
1590
1594
1598
1600
1605
1608
1609
1611
1612
1614
1617
1618
1619
1621
1627
1628
1630
1632
1634
1635
1639
1640
1641
1642
1644
1647
1648
1650
1651
1654
1655
1660
1662
1664
1666
1670
1671
1674
1676
1677
1678
1681
1682
1684
1685
1689
1691
1694
1696
1698
1699
1702
1703
1706
1707
1714
1715
1727
1731
1733
1741
1742
1743
1746
1748
1754
1758
1759
1761
1762
1766
1773
1776
1781
1782
1783
1784
1785
1790
1793
1795
1798
1800
1802
1803
1805
1806
1807
1808
1810
1811
1812
1813
1814
1815
1816
1818
1819
1822
1824
1825
1826
1827
1828
1830
1831
1833
1834
1838
1839
1840
1845
1846
1849
1851
1852
1853
1855
1856
1860
1861
1864
1868
1869
1870
1871
1873
1874
1875
1876
1877
1884
1885
1886
1887
1889
1891
1892
1894
1895
1896
1899
1900
1901
1906
1907
1908
1909
1910
1912
1914
1916
1919
1922
1925
1928
1933
1934
1935
1936
1937
1938
1939
1947
1948
1950
1959
1962
1964
1967
1971
1973
1977
1978
1982
1986
1989
1990
1994
1998
1999
2000
2001
2003
2004
2008
2014
2017
2018
2019
2022
2024
2026
2027
2029
2030
2031
2032
2040
2041
2047
2054
2056
2057
2063
2066
2067
2069
2071
2073
2076
2077
2078
2085
2087
2093
2096
2099
2100
2104
2105
2106
2111
2115
2116
2117
2130
2138
2140
2144
2149
2150
2151
2155
2159
2163
2165
2166
2168
2169
2170
2171
2173
2182
2190
2196
2200
2208
2210
2215
2217
2218
2225
2226
2227
2228
2229
2230
2232
2234
2241
2242
2243
2244
2247
2248
2249
2250
2251
2253
2254
2256
2262
2263
2267
2269
2276
2279
2280
2284
2286
2288
2291
2292
2296
2299
2302
2303
2304
2311
2321
2322
2323
2325
2327
2335
2337
2338
2341
2342
2343
2344
2345
2346
2347
2351
2353
2354
2360
2361
2364
2371
2372
2375
2380
2389
2391
2392
2394
2396
2404
2408
2410
2412
2414
2419
2422
2425
2431
2433
2440
2441
2443
2451
2452
2455
2457
2458
2462
2465
2468
2473
2480
2483
2484
2485
2490
2491
2497
2500
2502
2503
2505
2508
2509
2514
2518
2526
2527
2530
2531
2537
2538
2539
2540
2542
2544
2546
2552
2553
2557
2559
2561
2562
2565
2568
2571
2581
2584
2592
2594
2597
2600
2601
2603
2609
2620
2624
2625
2627
2628
2635
2636
2637
2645
2650
2663
2669
2672
2677
2680
2692
2696
2699
2700
2701
2704
2705
2708
2709
2712
2714
2715
2719
2728
2730
2731
2732
2741
2742
2745
2746
2755
2759
2760
2762
2765
2766
2772
2776
2777
2778
2781
2783
2786
2788
2791
2797
2798
2802
2809
2812
2815
2817
2820
2821
2827
2830
2834
2836
2837
2840
2855
2857
2864
2868
2869
2871
2873
2877
2886
2887
2888
2893
2900
2907
2909
2910
2916
2918
2919
2928
2934
2947
2955
2958
2959
2961
2967
2971
2972
2974
2975
2978
2979
2980
2981
2983
2990
2993
2996
2998
3001
3004
3007
3014
3022
3024
3025
3028
3041
3047
3052
3060
3061
3064
3066
3070
3074
3077
3079
3081
3082
3083
3088
3089
3090
3094
3097
3100
3101
3102
3104
3107
3111
3114
3115
3116
3121
3125
3129
3131
3136
3137
3145
3150
3153
3154
3157
3163
3164
3166
3168
3169
3170
3171
3172
3177
3178
3182
3183
3184
3185
3189
3190
3200
3201
3202
3203
3205
3207
3208
3213
3217
3223
3225
3226
3231
3233
3234
3235
3238
3239
3243
3245
3246
3250
3252
3255
3256
3257
3258
3259
3260
3261
3263
3264
3268
3273
3276
3277
3281
3287
3289
3291
3292
3296
3297
3298
3300
3301
3309
3314
3318
3320
3321
3322
3326
3329
3331
3333
3334
3337
3338
3339
3340
3343
3346
3347
3348
3350
3351
3355
3357
3358
3360
3367
3369
3383
3387
3389
3390
3391
3392
3394
3396
3399
3404
3412
3415
3419
3420
3426
3427
3429
3434
3436
3437
3438
3440
3446
3447
3449
3450
3452
3456
3457
3459
3460
3463
3468
3469
3471
3474
3476
3482
3484
3486
3495
3496
3497
3500
3503
3504
3511
3515
3516
3517
3523
3526
3527
3529
3535
3536
3543
3544
3546
3547
3548
3550
3551
3552
3554
3559
3561
3564
3569
3573
3576
3584
3587
3589
3590
3592
3601
3603
3605
3606
3613
3614
3615
3619
3623
3624
3627
3629
3635
3636
3637
3642
3648
3651
3654
3666
3667
3669
3670
3675
3676
3684
3685
3692
3703
3704
3705
3708
3710
3711
3715
3716
3717
3720
3721
3722
3729
3731
3739
3740
3743
3745
3746
3747
3750
3764
3768
3769
3776
3784
3790
3792
3802
3803
3804
3806
3814
3819
3823
3832
3833
3840
3844
3847
3858
3860
3862
3863
3867
3874
3884
3892
3894
3895
3896
3900
3904
3909
3913
3931
3937
3939
3940
3942
3944
3945
3948
3953
3957
3965
3966
3967
3968
3970
3979
3984
3989
3993
3995
4004
4009
4017
4020
4022
4023
4026
4027
4031
4032
4036
4039
4043
4045
4047
4051
4053
4056
4060
4062
4063
4065
4076
4078
4079
4080
4081
4083
4087
4093
4097
4098
4103
4105
4116
4118
4119
4125
4126
4128
4130
4131
4133
4136
4138
4144
4148
4149
4155
4156
4159
4160
4171
4173
4174
4176
4178
4184
4186
4188
4189
4200
4201
4205
4212
4214
4215
4216
4217
4222
4224
4226
4231
4235
4238
4247
4254
4255
4258
4259
4260
4261
4263
4264
4266
4267
4268
4273
4280
4289
4290
4297
4298
4302
4303
4309
4311
4313
4319
4320
4321
4323
4327
4329
4331
4333
4337
4338
4341
4342
4347
4352
4355
4356
4359
4362
4371
4375
4376
4380
4383
4389
4390
4391
4393
4394
4398
4407
4408
4409
4413
4416
4417
4418
4419
4420
4422
4423
4425
4428
4434
4435
4437
4438
4442
4443
4447
4452
4453
4454
4457
4458
4459
4460
4462
4463
4477
4486
550
915
1777
1794
1823
2358
2448
2522
2724
3381
3595
3736
3759
3760
3926
4001
4210
4386
107
119
125
133
142
174
192
201
214
218
265
266
270
307
327
333
355
368
373
386
438
452
458
461
471
491
527
535
557
573
574
587
590
594
603
610
611
614
619
621
645
646
695
715
744
745
749
772
773
784
791
792
798
923
931
951
977
1035
1075
1076
1078
1117
1145
1155
1168
1195
1216
1266
1284
1331
1353
1386
1393
1395
1413
1460
1465
1473
1486
1507
1511
1517
1519
1532
1547
1557
1649
1652
1680
1683
1717
1718
1929
1941
1965
1972
2058
2088
2108
2156
2194
2220
2246
2255
2266
2287
2328
2348
2350
2370
2399
2405
2411
2421
2429
2445
2454
2574
2618
2661
2664
2673
2674
2675
2682
2711
2740
2782
2787
2800
2844
2865
2866
2879
2880
2884
2899
2901
2933
3139
3147
3161
3194
3212
3230
3241
3249
3299
3313
3410
3513
3610
3719
3733
3748
3757
3783
3818
3836
3839
3841
3846
3854
3864
3876
3908
3911
3923
3933
3955
3975
4010
4035
4064
4124
4129
4146
4147
4169
4225
4228
4232
4246
4439
128
388
400
598
1293
2185
2756
3120
3934
4141
101
205
209
219
220
225
236
251
317
322
417
419
454
470
479
505
529
538
618
631
632
633
674
677
678
742
752
783
900
907
924
1005
1043
1130
1164
1169
1181
1203
1244
1247
1274
1285
1397
1418
1442
1466
1500
1503
1523
1595
1643
1686
1736
1744
1904
1952
1988
2033
2036
2037
2059
2177
2191
2258
2314
2582
2590
2599
2666
2687
2689
2726
2757
2775
2784
2808
2814
2819
2863
2897
2903
2905
3035
3043
3160
3179
3196
3227
3247
3316
3422
3428
3522
3574
3611
3616
3617
3625
3655
3665
3753
3797
3835
3851
3861
3910
3932
3982
3990
4012
4054
4206
4234
4236
4430
549
1177
1180
1622
1637
2315
2482
2662
72
76
250
405
553
577
596
597
637
649
672
699
700
952
1021
1165
1268
1335
1384
1443
1446
1506
1556
1565
1597
1809
2042
2172
2289
2390
2403
2427
2681
2779
2818
2856
2876
2878
2960
2986
3072
3112
3146
3151
3191
3295
3414
3424
3563
3568
3580
3749
3850
3852
3899
3912
4069
4090
4211
4218
4295
540
586
650
666
796
885
906
908
921
945
1431
1454
1535
1554
1563
1636
1653
1732
2300
2476
2602
2764
2806
3026
3117
3186
3545
3774
3799
3897
3902
4057
4145
4177
481
595
769
797
1079
1286
1383
1566
1570
1574
1721
2222
2333
2643
2850
2870
2883
3893
3947
3960
3974
4058
445
751
940
1273
1329
1440
1567
1991
2216
2264
2460
2578
2640
2754
2859
3793
3853
3866
4067
3976
61
299
362
436
450
473
539
1444
1471
1955
1969
2158
2330
3091
3630
3813
3837
4068
572
918
1434
1601
2089
2416
2853
2940
30
2195
2572
2931
2973
3694
3787
3805
3848
3882
410
2646
2799
23
134
465
1275
1278
1347
1348
1472
2792
4072
4233
1484
2642
2966
3575
3855
1269
1476
1561
1602
2352
3878
3885
673
1246
1582
1606
2964
3558
1580
4455
909
892
2219
4091
14
1406
2091
1458
3411
1095
1423
1188
4251
3907
4029
52
469
1141
3593
