46 1222
108 426
427 426
1776 1821
1783 1821
2522 426
3052 426
4148 1222
4329 1821
4462 1799
388 64
400 64
922 869
1220 1236
1648 1821
1912 64
2071 349
2345 64
2412 869
3120 869
4141 1821
148 349
239 349
488 349
1965 349
2392 869
2404 869
2542 349
2662 349
3610 869
505 156
1793 1791
53 64
249 283
2149 283
2601 283
538 349
96 64
157 4474
375 1006
491 156
504 156
850 1006
970 981
1114 846
1266 1006
1823 1799
2190 161
3061 846
3252 981
3281 4474
3309 1006
3722 1006
3731 981
4259 1738
4428 846
235 349
1677 4474
2645 349
4434 349
3243 981
2411 4474
