M2 4 5 5 5 5 11 4 8 6 11 2 2 3 7 4 4
M3 2 4 5 5 5 11 4 4 5 6 2 2 2 5 5 6
M4 4 4 2 5 12 13 4 4 5 7 4 4 4 7 2 4
M6 5 5 2 7 12 12 3 7 2 6 2 2 2 6 4 5
M7 4 5 5 5 12 13 4 7 4 5 2 2 6 6 4 6
M8 4 4 2 5 5 13 3 5 4 4 2 2 3 5 2 2
M9 4 5 1 5 11 12 4 4 6 6 2 3 3 4 2 4
M10 5 5 3 3 10 11 4 4 5 6 2 4 3 6 2 4
M11 4 5 2 5 5 12 3 4 4 7 2 2 5 6 4 7
M12 5 5 5 5 5 12 3 4 5 5 1 2 9 9 4 4
M13 5 5 5 5 5 11 4 5 5 6 4 4 3 4 4 6
M14 4 5 5 5 5 5 4 4 4 6 2 4 3 6 5 6
M17 5 5 5 5 5 12 3 4 6 6 2 4 2 3 7 7
M18 5 9 5 5 12 12 4 7 5 6 2 2 2 7 2 3
M20 5 5 5 5 12 12 3 4 4 5 4 5 5 5 5 6
M21 5 5 3 5 5 12 4 4 6 11 2 4 3 9 4 7
M25 4 5 2 7 12 12 3 4 5 6 2 4 2 3 4 4
M26 4 5 5 5 11 12 4 4 5 5 2 2 3 4 2 2
M27 4 4 5 5 5 5 4 9 6 6 4 4 3 5 4 6
M34 4 5 5 7 5 12 4 4 6 6 2 5 6 7 4 6
M35 5 5 5 5 12 13 4 4 4 6 2 4 3 9 5 6
M37 4 5 5 5 12 14 4 8 5 6 2 4 4 6 4 5
M39 4 5 5 7 2 12 4 4 7 7 2 2 6 9 2 7
M41 4 5 5 5 5 12 4 8 5 6 2 4 5 5 2 6
M42 5 5 5 5 5 5 4 4 4 4 2 2 7 7 2 4
M46 5 5 5 5 12 12 4 4 4 5 2 4 3 4 4 4
M48 4 4 3 5 12 12 3 4 5 5 2 5 3 4 4 6
M49 4 4 5 5 5 5 3 3 6 6 4 5 3 6 2 4
M51 5 5 5 5 11 12 4 4 5 6 2 2 5 6 2 4
M52 5 5 5 5 13 13 4 8 4 6 2 4 5 9 2 5
M53 5 5 2 5 5 5 4 8 5 5 2 4 3 6 2 4
M54 4 5 5 5 12 12 4 4 4 6 2 4 2 4 3 4
M55 1 4 5 5 5 11 3 4 5 7 2 4 5 7 4 4
M56 4 5 5 5 5 12 4 4 4 6 4 7 6 6 2 5
M57 5 5 5 5 5 12 4 4 6 7 2 2 2 6 2 2
M59 4 5 2 5 5 12 4 5 5 6 4 4 2 3 2 2
M61 4 5 5 5 5 5 4 4 5 12 2 2 4 4 4 4
M62 5 5 5 7 5 12 4 4 2 5 2 4 2 3 2 4
M65 5 5 2 5 12 13 4 4 5 5 2 2 2 7 4 5
M66 5 5 2 5 5 12 4 4 5 8 2 2 6 6 2 4
M69 4 5 5 5 12 12 3 4 6 11 4 4 3 6 2 4
M70 5 5 5 5 12 13 3 10 5 5 2 2 2 5 4 4
M73 4 5 1 5 12 15 4 4 6 6 2 4 2 5 2 2
M78 4 5 5 5 11 12 3 4 4 4 2 2 2 4 2 4
M79 1 9 5 5 5 5 3 4 5 5 2 4 2 6 4 5
M80 5 5 5 5 12 12 3 4 5 11 2 4 2 3 2 2
M81 4 5 5 5 5 12 3 8 5 7 2 2 4 6 2 7
M84 4 4 5 5 13 13 2 4 4 4 2 2 6 6 2 4
M85 5 5 5 5 12 12 4 4 5 5 2 2 1 3 4 6
M89 4 5 5 5 12 12 4 4 5 6 2 4 3 3 4 4
M95 1 5 5 5 5 13 3 4 5 5 2 4 5 6 2 5
M96 4 5 3 3 11 12 3 5 4 5 2 4 6 7 2 6
M98 5 5 2 5 5 12 4 5 6 6 2 4 5 6 2 4
M99 5 5 5 5 5 12 4 4 4 6 2 4 4 6 2 4
M100 5 5 5 7 5 12 3 4 5 6 2 3 3 5 4 4
M102 4 5 5 5 5 13 4 4 5 7 2 2 2 7 2 4
M104 4 5 5 5 11 12 4 8 2 6 2 2 7 7 2 4
M105 4 5 5 5 12 13 4 5 6 6 2 4 6 7 2 4
M106 5 5 5 5 12 12 3 4 4 6 2 4 3 4 4 5
M108 1 5 2 2 5 5 4 4 4 6 4 4 6 7 4 8
M109 5 5 5 7 5 12 4 8 7 7 2 4 3 4 4 4
M110 5 5 5 5 5 10 4 5 6 6 2 2 4 6 2 3
M112 4 5 1 5 1 5 3 4 6 6 6 6 3 4 2 4
M114 5 5 1 5 12 13 4 4 4 4 4 4 2 4 4 6
M116 5 5 5 5 12 13 3 4 4 5 2 2 4 9 5 6
M117 5 5 5 5 11 13 4 8 4 6 2 2 3 6 5 6
M120 4 5 5 7 5 5 4 8 5 5 2 2 2 6 3 6
M121 4 5 5 5 5 13 4 4 4 6 4 7 4 6 2 4
M122 4 5 5 5 5 12 3 4 5 6 2 2 4 7 4 4
M123 1 5 4 5 11 12 4 4 4 5 2 2 6 6 2 4
M124 5 5 2 5 5 5 3 4 4 6 2 2 2 5 2 2
M125 1 1 1 5 5 5 3 8 5 6 2 2 5 6 2 2
M126 5 5 5 5 5 12 4 4 4 7 4 4 2 3 4 4
M130 5 5 5 5 12 14 4 4 10 10 2 4 4 5 4 4
M133 1 5 5 5 5 14 3 8 4 6 2 2 4 10 3 3
M135 4 5 2 5 5 13 4 4 6 6 2 2 3 6 2 2
M136 1 1 2 5 5 12 3 7 6 6 2 4 3 4 2 2
M139 5 5 5 5 12 13 4 4 4 6 2 2 3 9 3 4
M146 5 5 5 5 12 13 4 4 5 6 2 4 4 4 4 5
M148 4 5 5 5 12 12 4 5 4 5 2 4 4 4 2 4
M149 1 4 5 7 5 12 4 4 6 6 2 4 5 6 2 4
M150 5 5 5 5 5 11 4 4 5 5 2 4 2 3 2 4
M153 5 5 5 5 5 5 3 4 6 6 2 4 4 4 2 2
M154 5 5 5 5 12 12 4 7 4 6 2 2 4 6 4 5
M155 1 5 2 5 5 12 3 4 4 4 2 2 2 3 2 2
M156 4 5 5 5 12 12 5 8 5 5 2 4 4 5 4 4
M157 4 5 2 5 11 11 4 8 5 7 2 2 4 6 4 4
M158 5 5 5 7 5 12 4 4 5 6 2 2 5 9 2 4
M159 4 4 5 5 5 11 4 4 4 5 2 2 4 7 2 3
M160 1 5 5 5 11 12 4 5 4 5 2 4 4 4 2 6
M164 4 5 5 7 5 8 4 4 4 6 2 2 6 6 4 4
M166 4 4 2 5 5 12 4 4 5 6 2 4 3 5 2 2
M167 5 5 2 5 13 13 4 8 5 6 2 5 2 2 2 5
M168 5 5 5 7 5 12 3 5 3 4 2 2 2 6 2 4
M169 5 5 7 7 11 12 4 5 5 6 2 3 6 6 4 7
M170 5 5 5 5 5 13 4 5 4 5 2 4 3 4 2 4
M171 5 5 5 5 5 12 4 4 4 6 2 2 3 6 2 6
M172 5 5 5 5 5 5 3 3 5 6 2 4 2 2 2 6
M173 5 5 5 5 5 12 4 4 4 4 2 2 6 7 2 4
M174 5 5 5 5 5 5 4 4 6 6 4 4 4 4 2 2
M175 4 5 5 5 13 13 4 5 4 6 2 2 2 6 2 4
M177 4 5 5 5 5 5 4 5 6 11 2 4 6 7 2 6
M178 4 5 5 5 12 13 4 5 5 6 2 2 4 6 4 6
M179 5 5 5 5 5 11 4 4 4 5 2 4 5 7 2 2
M181 1 5 3 5 5 13 2 4 4 5 4 4 3 7 2 5
M186 5 5 5 5 12 12 5 9 5 11 2 2 2 2 2 5
M188 4 4 5 5 5 11 4 4 5 6 4 4 2 3 4 7
M193 4 5 5 5 12 13 3 7 3 6 2 3 3 6 2 4
M194 5 5 5 5 5 5 4 8 4 5 2 2 3 3 4 6
M195 4 4 2 2 12 12 4 4 4 6 2 2 2 2 4 5
M196 5 5 5 7 5 5 3 4 4 6 2 4 3 3 4 4
M197 4 5 5 5 5 12 4 5 5 6 4 4 2 6 4 4
M199 4 5 5 5 12 13 4 4 6 11 2 4 4 4 4 4
M201 5 5 2 5 13 13 3 4 5 5 2 2 4 11 2 4
M203 1 5 7 7 11 12 4 8 4 6 2 2 4 4 2 6
M204 5 5 5 5 11 11 4 8 5 6 2 2 2 2 4 5
M206 5 5 5 5 12 12 4 4 4 4 1 4 3 6 4 5
M209 5 5 5 5 5 5 4 4 5 6 2 2 4 4 2 6
M211 5 5 5 5 12 13 3 4 6 6 2 4 3 5 4 4
M212 5 5 5 5 5 12 4 8 5 5 2 4 6 9 4 4
M213 4 5 5 5 11 12 3 4 5 7 2 4 2 2 2 4
M214 5 5 5 5 12 12 4 8 4 5 2 4 2 3 4 4
M215 5 5 5 5 5 5 8 8 4 10 2 7 2 3 2 2
M217 4 5 5 7 10 10 3 3 6 6 2 2 3 4 2 4
M219 5 5 5 5 11 11 4 4 5 5 2 4 4 7 1 4
M220 5 5 3 5 5 13 4 4 4 4 2 2 2 2 2 4
M222 4 5 5 5 5 11 3 4 5 6 1 2 6 7 2 6
M223 5 5 6 7 5 12 4 5 4 5 2 2 4 6 4 7
M224 5 5 3 5 5 5 5 8 6 6 3 3 4 4 2 6
M227 1 5 5 5 12 12 8 8 4 5 2 4 2 6 4 6
M230 5 5 2 5 5 5 4 5 5 6 2 2 2 7 4 4
M232 5 5 5 5 5 13 3 4 5 5 2 2 2 7 2 2
M233 5 6 5 5 5 10 4 4 6 6 3 4 3 6 2 4
M234 4 5 5 7 5 11 3 8 5 7 2 3 3 7 4 6
M235 2 5 5 7 5 13 4 4 4 4 2 2 5 9 2 6
M236 5 5 2 5 13 13 4 4 5 5 4 4 3 4 2 4
M237 5 5 5 5 5 5 4 4 5 5 2 4 3 5 4 4
M238 5 5 5 5 5 12 4 5 4 6 2 2 2 7 5 6
M239 4 4 5 7 11 13 4 4 4 4 2 4 3 6 4 5
M245 4 4 3 5 11 12 4 4 5 6 2 2 2 2 3 4
M246 5 5 5 5 5 11 4 8 5 5 2 3 3 3 4 4
M250 5 5 5 5 10 12 3 4 5 6 2 2 7 7 2 4
M255 5 5 5 5 12 13 4 4 4 6 2 2 3 7 2 2
M256 5 5 2 5 12 12 4 4 5 6 4 5 2 4 3 4
M257 5 5 5 5 5 13 3 4 5 5 2 4 4 4 2 4
M259 4 5 5 5 5 5 3 8 4 6 2 2 4 5 2 7
M260 5 5 5 5 11 13 5 5 5 5 2 4 7 7 2 4
M261 4 5 5 5 11 12 3 5 6 10 2 4 2 3 2 4
M262 5 9 6 7 13 13 4 5 6 7 2 2 4 6 4 5
M263 4 4 5 5 12 13 4 4 5 6 2 4 3 4 4 4
M264 4 5 2 5 5 12 4 5 5 5 2 4 2 7 2 6
M266 5 5 5 5 5 11 4 7 5 6 2 2 10 10 2 2
M267 5 5 5 5 12 13 3 4 5 6 4 4 9 9 2 4
M268 4 5 5 5 5 5 4 8 5 6 2 2 2 2 2 4
M269 4 5 5 5 13 13 4 5 5 6 2 2 3 4 4 4
M271 5 5 5 5 5 13 3 4 5 6 4 4 4 7 5 5
M273 5 5 5 5 11 13 3 5 5 7 2 4 6 7 2 4
M274 4 5 2 2 5 5 3 4 5 7 2 2 2 6 2 6
M275 1 5 5 5 5 11 4 5 5 6 2 4 2 6 8 8
M276 5 5 5 5 5 11 4 4 5 6 2 2 3 4 2 3
M277 4 5 5 5 5 12 4 8 5 6 2 4 4 5 4 4
M278 5 5 5 5 12 13 2 3 5 6 2 2 7 7 5 6
M279 4 5 5 5 12 13 4 4 5 6 2 4 4 5 2 2
M280 4 5 5 7 12 12 4 8 6 6 4 4 4 5 4 4
M281 5 5 5 5 11 11 3 5 5 5 2 5 4 6 4 4
M282 4 8 5 5 5 11 4 8 5 6 2 2 4 4 2 4
M283 5 5 5 5 5 13 4 4 5 5 2 4 4 6 4 6
M284 5 5 5 5 5 5 4 7 5 5 1 4 4 4 2 4
M290 5 5 5 5 5 5 4 4 4 4 2 2 6 7 4 6
M291 4 5 5 5 5 11 4 4 5 7 2 4 3 3 4 7
M292 4 5 5 5 5 5 4 4 4 4 2 2 2 3 3 4
M293 5 5 5 5 11 12 4 4 4 6 2 2 3 4 4 6
M294 5 5 5 5 11 11 4 4 6 10 2 2 2 3 4 7
M297 1 5 2 2 5 13 3 4 5 5 2 2 4 6 2 4
M298 5 5 2 5 11 12 3 4 5 6 2 4 4 7 2 4
M300 5 5 2 5 11 13 4 8 4 6 4 4 3 4 3 4
M301 4 4 5 5 11 14 2 4 5 6 3 3 5 6 2 2
M302 4 5 5 5 12 12 4 4 6 6 2 4 3 7 4 4
M305 5 5 5 7 5 13 4 4 4 5 4 4 4 7 2 2
M306 5 5 5 5 5 5 3 3 5 7 2 5 2 6 2 3
M308 5 5 2 5 11 12 3 3 6 6 2 2 3 6 2 8
M309 4 5 5 5 5 13 4 5 4 6 2 2 4 4 2 7
M311 4 5 5 5 12 13 3 3 5 5 2 4 3 6 4 4
M312 5 5 5 5 11 12 3 5 5 8 2 2 1 2 2 5
M314 5 5 5 5 5 12 4 4 4 6 2 2 3 6 2 4
M315 5 5 2 5 12 13 4 4 5 6 2 5 3 5 4 4
M316 5 5 5 5 5 12 4 4 5 6 2 2 2 2 4 6
M317 5 5 3 7 5 5 3 3 4 5 2 2 4 4 4 4
M318 4 5 5 6 5 11 4 4 4 5 2 4 4 4 4 4
M319 5 5 5 5 11 12 4 5 6 6 4 4 5 6 3 4
M320 4 5 3 5 11 12 4 4 5 5 2 2 3 5 4 4
M324 5 5 5 5 5 13 4 4 5 7 2 2 3 4 2 4
M325 1 1 5 5 5 12 4 4 5 6 2 3 5 7 2 2
M327 5 5 5 5 5 5 3 4 5 6 2 4 2 5 4 4
M328 5 5 5 7 12 13 4 4 5 6 2 2 7 7 4 4
M329 5 5 5 5 12 12 4 4 4 5 2 2 4 6 4 5
M333 5 5 5 5 12 12 4 4 5 6 2 4 6 6 2 2
M336 4 4 5 5 13 13 4 4 4 6 2 3 6 6 2 2
M341 5 5 5 5 12 13 3 5 4 5 2 4 3 4 2 4
M342 5 5 5 5 5 11 4 4 6 6 2 4 3 3 4 4
M344 4 5 5 5 12 13 4 4 4 5 2 2 4 9 4 4
M345 4 5 5 5 12 12 2 4 7 7 2 2 2 2 2 2
M346 4 5 5 5 12 13 4 4 4 6 2 2 6 7 2 4
M347 4 4 5 5 5 12 4 5 4 6 2 2 9 9 2 6
M348 5 5 5 5 5 13 3 4 6 7 2 2 2 6 4 6
M353 4 5 5 5 5 5 4 4 5 11 3 4 2 3 2 4
M355 4 5 5 5 5 5 4 5 5 10 2 4 3 3 5 6
M357 5 5 5 7 12 12 4 4 5 6 3 4 3 6 4 4
M359 3 5 5 5 12 13 4 4 4 5 2 4 2 3 5 7
M360 4 5 2 5 13 13 4 4 5 10 2 2 2 3 4 7
M361 5 5 1 5 5 12 3 4 5 5 2 4 2 7 4 4
M362 5 5 5 5 12 12 3 5 5 5 2 4 2 6 2 4
M366 5 5 5 5 5 12 3 4 5 7 2 4 3 4 4 5
M369 5 5 5 5 5 13 3 4 5 6 4 5 4 6 4 5
M372 4 5 5 5 12 13 5 7 5 5 4 4 2 2 6 6
M374 5 5 5 5 12 12 3 4 5 5 5 5 3 6 2 8
M377 5 5 5 5 5 5 3 4 5 5 2 2 2 4 2 4
M383 1 5 2 5 5 12 4 4 5 6 2 2 6 7 2 4
M384 5 5 3 5 5 12 3 4 5 10 2 2 3 6 2 4
M385 5 5 3 5 5 13 4 4 5 5 2 2 4 7 4 4
M387 4 5 5 5 5 12 3 5 6 6 1 4 3 6 2 4
M388 5 5 5 7 11 12 4 4 4 6 2 4 2 4 4 4
M393 4 5 5 7 12 12 4 4 5 10 2 2 6 6 4 4
M394 5 5 2 5 5 12 3 5 4 5 2 2 3 3 2 4
M396 4 4 4 5 12 12 4 4 4 6 2 2 5 6 2 6
M397 5 5 5 5 5 12 3 8 5 6 4 6 3 4 4 4
M400 5 5 5 5 12 13 4 4 5 5 2 4 3 3 4 6
M401 5 5 5 5 10 12 4 8 4 4 2 4 3 4 5 6
M402 5 5 5 5 12 13 4 8 6 6 2 2 7 7 4 4
M403 1 5 5 5 5 5 4 4 4 5 2 2 4 4 3 4
M405 5 5 5 5 5 13 4 4 6 11 2 2 6 7 2 2
M407 5 5 5 5 11 12 3 8 3 6 2 4 3 5 4 4
M408 5 5 5 5 5 5 4 5 6 7 2 4 4 6 2 4
M410 4 5 5 5 5 5 2 5 3 5 4 4 6 7 2 5
M414 4 5 5 5 5 5 3 7 5 9 2 2 2 3 4 5
M416 5 5 5 7 11 12 3 3 4 5 2 2 6 6 2 4
M417 5 5 5 5 5 14 4 8 3 6 2 2 3 6 2 5
M419 5 5 5 5 11 11 4 4 4 5 2 2 3 6 4 4
M420 5 5 5 5 5 13 3 4 5 5 4 4 6 7 2 2
M421 5 5 3 5 5 12 4 4 6 6 2 4 3 6 2 4
M423 4 5 2 5 5 12 4 5 4 4 2 2 3 4 2 7
M426 4 5 5 5 12 14 4 4 5 6 2 2 3 3 2 4
M427 5 5 5 5 5 12 3 4 4 4 2 3 5 7 2 4
M431 5 5 2 5 5 12 3 4 5 6 4 4 2 4 5 6
M432 4 5 3 5 12 12 4 4 5 5 2 2 2 6 2 5
M433 5 5 5 5 12 13 3 4 6 7 2 2 3 6 2 2
M434 5 5 2 5 11 13 3 4 5 6 2 4 4 6 2 2
M440 4 5 5 7 11 12 4 4 6 7 2 2 4 4 4 4
M441 5 5 5 7 5 12 4 4 5 11 1 1 2 4 5 6
M445 4 5 5 5 5 13 4 7 4 6 2 2 4 6 2 6
M446 4 5 1 5 5 12 4 4 4 6 4 4 3 3 4 5
M447 4 5 5 5 11 12 3 7 4 6 2 4 4 4 4 6
M448 5 5 5 5 5 13 4 8 6 6 2 2 6 7 4 4
M449 1 1 5 7 5 5 3 4 6 6 2 2 6 6 2 4
M450 4 5 5 7 11 12 4 4 4 6 2 2 3 4 4 5
M451 5 5 5 5 12 12 3 4 5 5 2 2 5 6 2 6
M454 4 5 1 1 12 12 4 4 5 6 2 4 3 6 2 4
M456 5 5 5 7 5 13 3 4 5 6 4 4 3 3 2 4
M457 4 5 2 5 5 12 4 8 4 6 2 2 4 6 2 2
M459 4 5 2 5 12 13 4 5 5 6 2 2 4 5 3 3
M460 5 5 5 5 12 12 4 4 6 6 4 4 2 4 2 2
M461 5 5 5 5 5 13 3 4 5 6 2 4 4 7 2 4
M463 5 5 5 5 5 5 4 5 5 6 4 5 4 5 2 6
M467 4 4 2 5 12 13 4 8 4 6 2 3 4 7 4 4
M470 1 5 5 5 5 13 4 4 4 4 2 2 4 4 2 4
M472 5 5 2 5 5 5 4 5 6 7 2 2 5 5 4 7
M478 4 4 5 5 5 11 4 4 5 6 2 2 3 7 2 2
M481 4 5 5 5 5 5 3 8 4 4 2 2 4 6 2 2
M482 4 5 5 5 5 5 3 4 6 6 2 4 5 5 4 5
M483 4 5 5 5 5 5 4 5 6 6 2 3 3 4 4 4
M484 4 5 5 5 14 14 3 10 5 6 4 4 5 5 2 3
M488 1 5 5 5 5 13 4 4 3 6 2 4 2 4 2 2
M491 4 5 5 5 11 11 4 4 5 10 3 4 3 6 2 4
M492 4 5 5 5 5 13 4 4 4 6 4 5 3 5 2 6
M493 4 5 5 5 12 13 7 7 4 4 2 2 6 7 4 4
M497 5 5 5 5 12 12 3 4 5 6 2 2 7 7 2 2
M498 5 5 5 5 5 12 3 3 5 5 2 4 3 6 3 4
M501 4 5 5 5 12 13 4 4 4 6 2 2 4 6 6 6
M505 5 5 5 5 11 12 4 4 3 5 2 2 5 6 4 4
M508 5 5 5 7 5 13 3 4 6 6 2 2 3 6 2 4
M510 4 5 5 5 12 12 3 4 5 6 4 5 5 6 4 4
M511 4 5 5 5 5 12 4 4 4 4 2 4 3 6 4 4
M514 5 5 5 5 5 5 4 4 4 7 2 2 4 7 4 4
M519 4 4 5 5 5 13 4 5 6 6 2 4 2 6 2 4
M521 4 5 1 2 12 12 3 4 5 6 2 4 6 7 4 4
M522 4 5 5 5 12 13 4 4 6 6 2 5 6 9 4 7
M523 5 5 5 5 12 14 5 8 5 6 2 4 1 6 3 4
M524 5 5 5 5 5 12 4 4 5 5 2 4 3 4 4 6
M525 5 6 5 5 12 13 7 7 4 5 2 2 3 7 2 4
M526 5 5 5 5 12 12 4 6 6 6 2 2 1 3 1 2
M527 4 5 5 5 5 12 4 4 4 5 2 2 2 5 4 4
M528 5 5 5 5 12 12 4 8 4 4 2 4 6 6 2 4
M530 5 5 5 5 11 12 4 4 5 5 4 4 3 4 4 5
M534 4 5 5 5 5 13 4 4 6 7 2 8 3 4 4 5
M535 5 5 5 5 12 13 4 5 5 5 2 2 2 4 2 4
M537 4 4 2 6 10 13 3 8 5 6 2 4 3 7 2 6
M541 4 4 2 5 11 12 4 4 4 5 2 4 2 6 4 4
M544 5 5 7 7 12 12 4 4 5 6 2 2 2 6 4 8
M546 5 5 5 5 5 13 4 4 5 5 2 4 4 4 2 4
M548 5 5 3 5 5 10 4 4 4 5 2 2 3 6 2 8
M549 5 5 3 5 13 13 3 3 6 6 3 4 2 3 4 6
M554 5 5 5 5 5 5 4 4 5 12 2 5 2 2 4 6
M555 1 4 5 5 5 5 4 4 4 4 5 5 5 7 4 6
M556 5 5 5 5 5 13 2 4 6 6 4 4 3 9 4 4
M558 5 5 5 5 12 13 4 4 7 7 2 4 3 4 4 4
M560 1 5 5 5 11 11 5 5 6 6 2 2 3 7 4 7
M563 5 5 5 5 5 11 4 4 5 6 2 4 2 3 2 4
M568 5 9 2 5 5 12 3 3 4 5 2 2 3 4 2 4
M570 5 5 5 5 12 12 4 4 3 3 2 5 4 7 1 4
M572 1 5 5 5 12 12 4 4 4 4 4 4 2 9 4 7
M573 4 5 5 5 11 12 4 8 4 4 4 5 3 3 2 4
M576 5 5 3 5 12 12 1 4 5 5 2 2 2 4 4 4
M578 1 5 5 5 5 14 3 4 6 6 4 4 3 7 2 4
M585 5 5 5 5 13 13 4 4 4 6 1 2 6 7 2 2
M586 2 4 5 5 5 11 3 8 5 6 2 4 7 7 4 4
M587 4 5 2 5 12 13 4 5 4 5 4 4 3 5 2 4
M588 5 5 5 7 5 13 3 4 4 6 2 4 4 4 4 5
M589 5 5 5 5 12 13 4 4 5 5 2 4 3 11 4 4
M590 4 5 2 5 11 13 5 8 4 4 2 4 4 7 2 2
M592 4 5 2 5 13 13 3 7 5 6 2 4 3 5 6 7
M593 4 5 5 5 5 5 3 3 4 5 4 4 6 8 4 5
M595 5 5 5 5 12 12 4 4 5 5 2 2 2 4 2 5
M597 4 4 5 5 5 11 8 8 4 5 4 4 4 4 4 4
M598 5 5 2 2 5 5 4 4 5 7 2 2 3 6 5 5
M599 5 5 5 5 5 5 4 8 4 5 2 2 2 4 4 5
M601 4 4 5 7 5 11 4 4 5 5 2 2 4 6 4 4
M604 5 5 5 5 4 12 4 4 5 8 2 5 2 6 4 5
M605 4 5 2 2 5 5 3 5 4 6 2 4 3 6 4 4
M606 5 5 5 5 5 13 4 4 4 9 2 4 6 6 4 5
M607 5 5 5 7 5 12 4 4 4 5 2 3 6 7 4 4
M608 5 5 5 5 5 5 5 8 6 6 2 2 3 4 4 4
M609 4 4 5 5 12 13 3 4 5 5 2 2 6 7 4 8
M610 4 5 7 7 12 12 4 7 2 4 2 4 3 6 2 2
M611 4 4 1 5 13 13 2 4 6 6 2 4 2 6 2 3
M616 1 5 5 5 5 5 9 9 6 7 2 4 3 6 2 4
M617 4 4 5 5 12 12 4 4 6 6 2 4 4 4 2 4
M618 4 5 2 7 5 12 3 5 5 5 2 3 5 6 2 2
M619 1 5 5 5 12 13 4 4 4 6 4 4 6 9 2 4
M620 5 5 5 5 12 12 3 4 3 5 2 2 4 6 4 5
M621 5 5 5 5 12 13 3 4 5 6 2 4 3 4 2 6
M623 5 5 2 2 12 12 4 4 5 6 3 4 4 9 4 8
M624 4 5 5 5 5 11 4 7 4 6 2 5 6 9 2 2
M625 5 5 3 5 5 12 3 4 5 6 2 4 2 3 5 6
M626 5 5 3 5 12 12 3 3 5 7 2 2 2 4 5 7
M630 5 5 2 5 5 13 4 4 5 12 2 2 2 4 4 5
M631 4 5 5 5 5 12 4 4 4 11 2 2 4 4 2 2
M632 5 5 1 5 5 13 3 4 4 4 2 5 2 6 2 6
M633 5 5 5 5 5 12 4 4 5 6 2 5 1 3 3 5
M634 5 5 5 5 5 13 4 4 4 6 2 2 5 9 2 2
M635 4 4 5 7 5 12 3 8 5 5 2 2 4 6 3 4
M636 5 5 5 6 12 13 2 4 4 6 2 4 4 6 4 6
M637 5 6 5 5 5 5 4 5 5 5 2 2 2 2 5 5
M638 4 5 5 7 11 12 4 4 5 6 2 2 3 9 4 4
M642 4 5 5 5 11 12 4 5 5 6 4 4 4 7 2 2
M645 4 5 5 5 5 12 3 4 4 5 2 3 2 7 2 2
M646 5 5 5 5 12 12 3 8 11 11 2 4 2 2 2 4
M649 4 5 5 5 12 12 4 4 5 6 4 4 4 6 4 4
M652 4 5 7 7 5 14 4 4 7 7 2 4 3 9 4 4
M654 1 5 5 5 5 12 4 7 4 9 2 2 6 7 2 2
M655 4 5 5 7 11 13 4 4 5 6 2 4 2 4 2 4
M659 4 5 5 5 5 12 3 4 5 6 2 2 3 4 4 5
M662 5 5 5 5 5 13 4 4 4 5 4 4 4 4 4 4
M663 4 4 5 5 12 12 4 4 6 6 2 3 2 6 2 4
M666 4 5 5 6 5 5 4 5 4 5 2 2 2 3 7 7
M667 4 5 5 5 12 12 4 4 4 6 2 2 3 4 6 6
M668 4 4 2 5 5 11 4 8 5 6 2 4 4 4 3 5
M669 5 5 5 5 12 13 3 4 6 6 2 4 3 4 2 2
M670 5 5 1 5 5 11 3 8 4 5 2 2 2 6 2 6
M672 4 5 5 5 5 12 3 4 4 5 2 2 2 9 4 6
M674 5 5 5 5 5 11 3 4 5 5 2 4 4 7 2 4
M675 5 5 5 5 11 12 4 4 6 6 2 2 3 7 5 5
M677 4 4 1 5 5 12 3 4 6 9 2 4 2 4 2 2
M680 5 5 5 5 5 12 4 8 5 6 2 5 4 6 2 4
M685 4 5 5 5 5 12 4 4 5 6 4 4 2 3 2 5
M686 4 5 5 5 12 13 3 4 4 5 2 2 2 6 4 6
M687 3 4 5 5 12 12 3 4 3 4 2 4 3 4 4 4
M689 4 4 5 5 12 12 3 4 7 9 4 4 7 9 4 6
M690 5 5 3 5 5 12 4 4 5 12 2 2 6 6 2 2
M693 4 5 5 7 5 5 3 4 3 5 4 4 2 4 2 4
M695 4 9 5 5 11 12 4 4 5 5 2 2 2 9 4 4
M696 4 4 3 5 5 5 4 4 6 6 2 2 3 6 2 4
M697 4 5 4 5 11 12 3 3 5 9 2 2 5 6 4 4
M700 5 5 4 5 12 12 4 7 5 5 2 2 3 4 2 2
M702 4 5 5 5 5 12 4 4 4 5 2 2 4 6 2 4
M704 5 5 2 5 5 12 4 4 4 4 2 2 4 4 2 4
M705 3 5 5 5 12 13 4 5 4 5 2 4 5 6 4 4
M706 1 4 5 5 12 12 4 4 3 6 2 2 5 6 2 6
M707 5 5 5 5 11 12 3 4 6 6 2 4 4 5 4 4
M711 1 5 5 7 13 13 3 4 4 6 2 4 3 4 4 7
M712 5 5 2 5 5 5 4 4 5 6 2 2 4 4 4 5
M713 4 5 5 7 5 13 2 4 6 6 3 4 6 6 4 6
M714 5 5 5 5 5 13 4 4 5 6 2 4 4 4 2 4
M715 5 5 5 5 5 14 4 4 5 6 2 2 2 5 2 6
M716 4 5 5 5 11 13 3 4 4 6 2 4 6 6 2 4
M718 4 5 5 5 5 5 4 7 5 6 2 4 7 9 2 6
M719 4 5 5 5 11 12 4 4 5 6 2 2 3 6 6 7
M721 4 5 5 5 12 13 4 7 4 5 4 4 4 7 2 2
M723 5 5 1 5 5 13 4 4 6 6 2 2 4 9 2 4
M728 4 5 5 5 5 12 3 3 4 5 2 4 4 6 2 6
M729 1 5 5 7 5 11 3 4 4 5 2 2 2 2 4 4
M730 5 8 5 5 5 12 4 8 4 5 2 5 3 4 2 4
M731 5 5 5 5 12 13 3 8 5 6 2 2 6 7 4 4
M732 4 5 5 5 12 14 3 8 5 5 2 4 2 4 2 4
M733 5 5 5 5 12 13 4 4 3 5 2 2 4 7 4 4
M734 4 5 5 8 5 5 3 3 4 6 2 2 4 5 2 3
M735 5 5 2 5 12 13 3 4 5 5 2 2 2 6 6 6
M737 5 5 2 5 5 12 4 5 5 6 2 2 3 7 3 4
M739 5 5 5 5 12 12 4 4 4 7 2 2 3 3 2 4
M740 5 5 5 5 5 13 4 4 4 5 4 4 5 6 4 5
M743 5 5 5 7 11 13 4 8 5 6 2 2 4 7 2 2
M744 5 5 3 5 5 11 4 4 5 8 2 2 3 9 2 4
M747 4 5 2 5 13 13 3 4 4 6 2 4 3 5 2 5
M750 5 5 5 5 12 13 4 5 5 5 2 4 2 9 2 6
M752 4 5 5 5 5 5 4 8 5 6 2 4 3 5 4 4
M755 4 4 1 2 12 13 3 7 4 5 2 4 4 5 4 6
M756 5 5 5 7 12 12 5 7 4 5 2 2 3 5 4 5
M758 5 5 5 7 12 12 4 4 5 5 2 2 3 9 2 4
M760 4 4 2 7 5 12 4 4 5 7 2 5 4 7 2 4
M761 5 5 5 5 5 5 3 4 3 5 2 5 3 3 4 4
M762 5 5 2 2 12 13 5 7 4 5 2 2 4 5 4 6
M764 1 5 5 5 13 13 4 4 4 5 4 5 3 4 4 4
M765 5 5 5 5 12 12 3 4 5 6 2 4 4 4 4 6
M766 5 5 5 5 10 13 4 4 5 6 2 4 3 3 5 6
M776 5 5 5 5 12 12 4 4 5 6 2 2 6 7 5 8
M778 4 5 5 5 5 12 4 5 4 5 2 4 3 9 2 4
M780 4 5 5 7 11 12 3 3 5 11 2 5 4 4 4 6
M781 5 5 5 7 5 12 4 5 6 7 2 4 2 7 4 6
M783 5 5 5 5 12 12 3 4 6 9 2 2 2 5 4 4
M784 5 5 5 5 5 12 4 4 4 6 3 4 4 6 2 4
M786 4 5 5 5 11 12 4 4 5 6 2 2 2 7 1 2
M791 5 5 2 5 5 5 3 3 5 5 2 4 4 6 2 4
M792 1 5 5 5 5 11 3 3 5 5 2 2 3 6 2 2
M794 4 4 5 5 5 12 4 5 4 6 4 4 2 2 2 8
M795 4 5 5 5 5 12 4 8 5 6 2 2 2 4 2 3
M798 5 5 5 5 5 12 3 7 6 7 2 2 3 4 4 4
M799 4 4 2 5 5 11 3 3 4 4 2 2 2 6 3 3
M801 1 5 5 5 5 12 3 4 4 5 2 4 2 7 2 4
M802 1 5 5 5 12 14 3 4 5 5 2 4 3 7 4 4
M803 4 5 3 5 5 11 4 4 5 5 2 2 2 7 4 4
M804 4 5 5 5 5 5 2 4 4 6 4 5 3 5 4 5
M805 5 5 5 5 12 12 4 4 5 6 2 2 4 4 2 4
M812 4 4 2 5 11 13 3 3 4 5 2 2 2 3 4 4
M813 4 5 5 5 5 11 3 7 4 5 2 4 4 5 2 2
M816 4 5 5 5 5 12 4 4 4 5 1 4 4 5 2 7
M817 4 5 5 5 5 11 3 4 4 5 2 2 6 6 2 4
M818 5 5 5 5 5 11 4 4 6 6 2 2 3 6 4 8
M819 4 5 5 5 5 12 4 4 6 6 2 2 6 7 2 4
M822 5 5 5 5 5 12 4 4 4 5 2 4 2 5 2 4
M823 5 5 5 5 5 12 4 8 5 6 2 4 6 7 4 4
M827 5 5 5 5 12 12 4 4 6 11 4 4 4 7 2 6
M830 5 5 5 6 5 12 4 4 5 7 2 2 2 3 4 4
M833 5 5 5 5 12 13 3 3 5 5 2 4 3 3 4 4
M837 4 5 5 7 12 13 3 7 5 5 2 4 4 7 2 5
M839 5 5 5 5 12 13 3 4 4 6 4 4 5 6 2 4
M842 1 5 5 5 12 13 4 4 6 7 2 3 4 4 2 4
M843 5 5 5 5 5 12 3 4 5 6 2 2 4 5 4 4
M844 4 5 5 5 5 12 4 8 5 5 2 4 2 5 5 5
M850 1 5 1 5 5 12 4 4 4 6 2 4 3 9 5 7
M852 4 5 5 5 12 12 3 4 4 6 1 4 1 1 4 4
M853 5 5 1 5 11 11 4 4 5 5 2 2 3 4 4 4
M854 5 5 5 5 5 12 3 4 4 6 2 4 6 9 2 4
M855 5 5 2 5 13 13 3 4 6 6 2 2 3 6 2 2
M858 4 5 1 5 5 13 3 4 5 6 2 2 7 7 2 4
M859 5 5 3 5 12 12 4 4 5 6 2 4 2 3 4 5
M861 4 4 3 5 12 13 4 4 3 3 4 4 4 4 6 6
M862 5 5 5 5 11 13 4 4 4 7 4 4 3 4 2 5
M866 1 5 5 5 5 12 4 5 4 4 2 3 4 7 2 2
M870 5 5 5 5 12 12 4 4 5 11 2 4 2 11 2 4
M872 5 5 5 5 5 12 3 3 5 6 2 2 2 6 4 6
M875 5 5 2 5 5 12 4 5 3 4 4 5 5 6 2 6
M877 5 5 5 5 5 13 4 4 5 6 2 2 3 5 4 5
M879 5 5 2 5 5 12 3 4 5 6 4 4 2 4 2 4
M880 4 5 2 5 12 12 5 8 5 6 2 4 3 4 4 4
M881 5 9 2 5 5 12 4 4 4 4 2 2 3 3 4 6
M884 5 5 5 5 5 5 3 3 5 5 4 4 5 6 2 5
M885 5 5 1 5 5 12 4 4 5 6 2 2 4 6 4 6
M887 4 5 5 5 12 12 4 4 5 6 2 2 4 4 2 2
M889 5 5 1 2 12 13 4 8 4 6 4 4 3 3 2 4
M890 4 5 2 5 5 13 4 4 4 4 2 4 2 4 4 4
M892 5 5 5 5 5 12 3 3 3 6 2 4 4 6 2 4
M895 5 5 5 5 11 11 3 4 5 5 2 4 4 4 2 4
M896 5 5 5 5 5 12 4 4 4 6 2 4 2 2 2 4
M898 4 4 5 5 12 12 3 3 5 5 2 2 3 5 5 5
M900 4 5 5 7 5 12 4 7 6 7 4 4 2 2 2 4
M902 4 8 5 5 5 12 4 4 5 7 3 4 1 7 2 4
M904 5 5 2 5 5 13 3 4 5 5 3 4 2 3 2 4
M905 4 5 2 5 12 12 4 8 4 6 2 4 4 4 2 2
M908 5 5 3 5 5 12 3 3 4 5 4 5 3 6 2 5
M909 4 4 2 5 13 13 3 3 6 6 2 4 5 6 4 6
M911 5 5 5 5 5 12 3 4 4 4 2 2 6 6 4 4
M916 5 5 5 5 5 12 3 3 4 5 4 5 5 5 4 4
M917 5 5 5 5 12 14 4 4 5 5 2 4 5 5 4 6
M918 5 5 3 5 5 13 3 4 6 6 2 2 3 10 2 2
M920 4 5 5 5 11 11 3 4 5 5 4 4 2 5 2 4
M921 5 5 2 5 10 10 3 3 5 5 2 2 3 7 4 5
M923 5 5 5 5 11 12 4 8 4 4 2 4 2 5 4 4
M929 5 5 5 5 11 11 4 4 5 5 2 2 3 5 3 6
M930 4 5 5 6 12 12 3 3 4 6 2 2 4 4 4 4
M931 1 5 5 7 5 5 3 4 5 6 2 2 5 7 4 6
M933 4 5 5 5 5 12 4 8 5 9 2 4 4 7 4 5
M934 4 5 5 5 12 12 4 8 4 5 2 2 4 5 2 5
M937 4 5 2 3 5 12 4 4 6 6 4 5 2 4 2 6
M940 4 4 5 5 13 13 4 4 6 8 2 4 4 7 4 4
M941 5 5 5 5 5 12 3 4 5 6 2 2 9 9 4 4
M942 5 5 2 5 5 12 4 5 4 11 2 2 3 6 5 6
M943 5 5 5 5 12 13 4 4 5 6 2 5 5 6 4 4
M944 5 5 5 5 5 12 3 4 5 7 2 2 4 6 2 4
M945 4 4 5 5 12 13 4 5 6 11 2 4 4 7 2 4
M946 5 5 5 5 10 12 4 8 5 11 2 2 2 6 4 4
M947 4 5 5 5 5 11 4 5 4 5 2 2 3 4 2 4
M954 1 5 3 5 5 12 4 4 5 11 4 5 3 4 2 4
M955 4 5 5 5 5 12 3 4 4 7 2 2 4 9 2 6
M957 4 4 5 5 5 12 3 4 4 6 4 5 4 5 2 4
M958 5 5 5 5 12 13 3 4 4 6 2 4 2 3 4 4
M960 5 5 5 5 5 5 4 5 4 6 2 2 4 6 2 8
M962 5 5 5 5 11 11 4 4 4 5 2 2 2 4 4 4
M966 4 5 3 5 5 12 4 5 5 6 2 2 5 6 2 2
M967 5 5 3 5 5 11 4 4 5 6 4 5 4 7 5 6
M969 5 5 5 5 12 12 3 8 5 6 2 4 4 7 2 4
M970 4 4 5 5 12 12 4 4 4 5 2 2 6 6 2 2
M971 5 5 5 7 11 12 3 4 6 6 2 4 2 6 2 4
M972 5 5 5 6 5 12 7 8 4 5 2 4 4 6 2 7
M974 4 5 5 5 12 13 1 4 6 6 2 5 3 4 2 5
M975 4 5 2 5 5 12 1 3 5 5 2 2 7 7 4 4
M976 5 5 3 7 5 13 4 8 5 5 2 2 5 5 2 2
M978 4 5 5 5 5 5 4 4 6 6 2 2 7 7 2 2
M979 5 9 5 5 5 12 5 7 4 7 2 2 4 4 2 4
M980 4 4 5 5 5 12 7 7 4 6 2 4 3 5 3 4
M981 4 5 5 5 5 5 4 5 4 6 2 4 2 6 4 4
M983 5 5 2 5 11 13 3 8 5 6 2 4 2 2 4 4
M985 5 5 5 5 11 12 3 4 5 6 3 4 5 7 2 4
M986 5 5 5 7 10 12 4 4 5 6 2 4 4 5 4 4
M989 5 5 5 5 5 13 4 4 5 5 2 4 3 7 2 5
M991 5 5 5 5 5 13 4 4 5 6 2 2 3 5 2 5
M992 5 5 2 2 12 13 4 4 3 6 2 2 5 6 4 4
M994 1 4 5 5 5 11 4 5 6 7 2 4 2 4 4 4
M995 5 5 5 5 11 12 7 8 4 6 2 4 4 6 2 4
M996 5 7 5 5 12 12 4 6 4 5 1 2 2 3 2 6
M1001 5 5 2 5 5 5 2 4 5 5 2 2 2 6 4 4
M1002 4 5 5 5 5 12 4 4 6 6 4 8 4 6 2 4
M1003 4 5 5 5 5 5 3 4 4 5 2 5 3 4 2 2
M1004 4 9 5 5 12 12 3 4 4 5 2 2 2 7 2 4
M1005 5 5 2 5 11 11 3 8 3 5 2 4 4 4 2 5
M1008 5 5 5 5 5 11 3 4 4 6 2 2 3 5 2 4
M1009 5 5 5 5 5 5 4 7 5 6 2 4 4 6 2 4
M1010 5 5 5 7 12 12 4 4 4 6 2 4 4 4 4 4
M1011 4 5 5 5 5 5 3 7 5 6 2 4 3 4 4 6
M1014 4 5 3 5 5 12 4 4 3 10 2 4 4 6 3 5
M1015 5 5 5 5 11 11 4 7 5 7 2 4 4 4 2 4
M1016 4 4 5 5 12 13 3 4 4 4 2 4 3 4 2 4
M1017 5 5 5 5 5 5 4 4 4 6 2 2 1 3 6 6
M1023 5 5 5 5 5 14 3 4 5 7 2 2 3 7 2 5
M1027 5 5 5 5 5 12 3 5 4 5 2 2 3 6 4 6
M1028 4 5 5 7 5 12 4 4 4 11 2 4 2 4 4 6
M1029 5 5 2 5 5 12 3 4 4 5 2 4 2 4 4 4
M1030 4 5 5 5 5 12 3 4 5 6 2 2 2 3 2 4
M1031 4 5 2 5 11 12 4 5 4 6 4 4 2 3 2 2
M1032 5 5 5 7 5 12 3 4 4 5 2 4 5 6 4 6
M1033 4 5 5 5 12 12 4 5 4 5 2 4 4 4 4 6
M1036 5 5 5 5 12 13 4 4 5 6 4 4 2 2 4 5
M1040 5 5 2 5 12 13 3 4 5 6 2 4 4 4 6 7
M1042 5 5 5 5 12 13 4 4 4 6 4 4 6 6 4 4
M1044 5 5 5 5 12 12 3 3 6 6 2 4 6 7 3 4
M1048 5 5 5 5 5 5 4 4 4 5 4 4 4 4 4 5
M1049 5 5 5 5 5 12 3 4 5 6 4 4 2 5 5 6
M1050 5 5 5 7 12 12 5 7 6 11 2 4 4 7 4 5
M1051 4 5 5 7 5 10 4 4 5 5 2 4 5 6 2 4
M1056 5 5 5 5 5 13 4 5 4 5 3 5 4 7 2 4
M1057 5 5 5 5 5 12 4 4 4 6 2 4 5 7 4 7
M1058 4 5 5 5 12 13 3 4 6 6 4 4 4 6 2 8
M1059 4 5 5 5 5 5 5 5 5 5 2 2 4 6 2 2
M1063 5 5 5 7 5 12 3 4 5 6 4 5 6 6 4 8
M1064 5 5 5 7 11 12 4 4 6 6 2 4 3 4 2 4
M1065 5 5 5 5 5 12 4 5 6 6 2 2 3 7 4 4
M1066 4 5 2 5 5 12 4 8 5 5 2 2 4 6 2 4
M1067 4 5 5 5 5 12 4 4 4 5 2 4 5 6 2 4
M1068 5 5 5 5 5 5 3 4 6 10 2 2 4 4 4 4
M1071 5 5 5 5 10 12 3 4 5 5 2 2 3 5 2 8
M1072 5 5 5 5 5 11 4 5 4 5 4 5 2 9 4 4
M1073 4 5 5 5 11 11 3 4 6 6 2 2 2 6 2 6
M1075 4 5 5 5 5 12 4 4 4 6 2 3 2 6 4 4
M1076 5 5 5 6 12 12 4 5 5 5 2 3 3 4 4 4
M1078 4 5 5 5 5 11 4 8 5 12 2 4 2 7 5 5
M1080 5 5 2 5 5 12 3 5 6 6 2 2 3 7 5 5
M1083 5 5 5 5 5 12 4 8 5 6 2 2 3 3 4 7
M1084 5 5 1 5 5 13 4 4 4 5 2 2 3 7 2 5
M1086 5 5 5 5 5 12 8 8 5 6 4 5 5 6 2 4
M1089 5 5 5 5 10 11 4 5 4 6 2 2 4 7 4 6
M1091 4 5 5 5 5 6 3 4 6 7 2 5 2 7 2 8
M1093 5 5 5 5 5 13 4 4 5 6 2 4 2 3 4 4
M1095 4 5 5 5 5 13 3 4 5 5 2 2 3 7 2 2
M1096 4 5 5 7 12 12 4 4 5 6 2 4 2 5 2 7
M1097 5 5 5 5 11 12 3 5 4 5 2 4 5 7 2 4
M1098 4 5 5 5 12 13 4 4 6 6 2 2 4 6 4 4
M1099 5 5 5 7 5 12 3 4 5 6 2 2 2 5 4 4
M1100 4 5 3 5 5 12 3 5 5 5 2 4 4 7 2 4
M1101 5 5 5 7 12 12 4 4 4 5 2 2 3 6 5 6
M1102 4 5 2 5 5 12 3 4 5 6 2 2 3 3 2 4
M1104 5 5 5 5 12 12 3 4 5 11 2 4 3 4 2 4
M1105 4 5 2 5 12 13 3 4 5 5 2 2 2 5 2 2
M1106 4 5 5 5 5 10 7 8 3 5 2 2 6 9 2 6
M1108 4 5 5 5 13 13 4 8 4 5 2 2 5 6 4 6
M1109 4 4 5 7 5 12 4 4 6 10 2 2 3 4 4 8
M1112 1 5 5 5 10 12 4 4 3 6 2 3 3 6 2 4
M1115 2 5 5 5 11 12 4 4 4 6 2 2 4 5 2 6
M1116 5 5 5 5 5 12 3 4 4 5 4 4 4 4 4 4
M1119 5 5 5 5 12 13 4 4 4 5 2 4 2 6 4 4
M1121 4 5 2 5 5 5 3 4 4 6 2 5 4 7 4 4
M1122 5 5 5 7 5 13 4 4 5 6 3 4 5 6 4 5
M1125 2 5 5 5 11 11 4 4 6 6 2 5 3 6 2 4
M1126 4 5 5 5 12 12 3 4 5 6 2 4 7 7 2 4
M1127 5 5 2 5 12 12 4 4 6 6 2 2 6 6 2 6
M1128 5 5 5 7 13 13 3 3 4 6 2 2 4 4 2 4
M1130 5 5 5 5 5 5 4 8 4 6 2 3 2 6 2 4
M1131 5 5 3 7 12 13 4 8 4 5 2 5 5 9 4 4
M1133 4 5 5 5 5 12 4 8 5 6 4 4 4 7 2 6
M1138 4 5 5 5 11 12 4 4 6 6 2 2 2 6 4 5
M1140 5 5 5 5 11 13 4 8 5 7 2 2 2 4 4 7
M1141 5 5 3 5 13 13 4 4 11 11 2 4 4 7 4 5
M1142 5 8 5 7 11 12 4 4 4 6 2 2 2 2 4 6
M1144 5 5 5 5 11 12 4 4 5 5 4 4 3 4 2 4
M1145 5 5 5 5 12 13 4 4 5 6 2 4 3 6 4 4
M1150 5 5 5 7 12 13 4 4 5 6 2 2 3 4 2 4
M1152 5 5 5 5 5 12 4 4 6 7 1 4 4 4 2 7
M1153 4 4 2 5 12 12 5 7 6 11 2 4 2 5 2 4
M1154 5 5 2 5 5 12 3 4 5 6 2 4 2 4 2 3
M1155 4 5 3 5 12 12 3 4 5 5 4 4 6 6 4 5
M1157 5 5 2 5 12 12 5 8 3 6 2 2 4 7 2 4
M1158 5 5 5 5 11 13 4 4 6 6 2 4 3 4 4 6
M1159 5 5 5 5 12 13 4 4 4 6 2 4 9 9 4 5
M1161 5 5 5 7 11 12 3 8 6 6 4 4 3 6 2 4
M1162 5 5 5 5 5 13 3 4 4 5 4 4 2 6 2 4
M1163 5 5 5 5 5 11 4 4 6 6 2 2 3 3 4 4
M1164 5 5 1 5 12 12 3 4 4 6 2 4 2 4 4 4
M1165 5 5 5 5 12 13 4 7 4 5 2 2 3 6 3 4
M1166 4 5 3 5 11 12 3 5 5 6 2 2 4 5 4 6
M1167 4 4 5 7 11 12 4 8 5 5 4 4 6 6 1 4
M1168 5 5 5 7 5 12 4 4 4 6 2 2 3 5 2 2
M1169 5 5 5 5 12 12 3 4 11 11 2 2 6 6 4 5
M1170 5 5 2 5 11 12 7 8 5 6 2 4 2 5 2 5
M1171 5 5 5 5 5 5 3 3 5 11 1 1 3 3 4 4
M1172 5 5 5 5 5 12 4 4 5 5 2 4 2 3 2 5
M1174 5 5 5 5 12 12 4 7 6 7 2 2 2 5 4 4
M1175 4 5 5 5 12 12 3 4 6 6 2 4 2 6 5 5
M1179 1 4 1 3 5 12 3 4 6 6 2 4 6 9 4 6
M1180 4 5 5 5 5 13 4 4 4 5 4 4 6 7 2 4
M1181 5 5 5 5 5 13 4 4 4 5 2 4 3 5 4 6
M1182 4 5 5 5 5 13 4 5 5 5 2 4 3 6 2 4
M1183 5 5 5 5 5 11 4 4 4 5 2 2 5 5 2 2
M1185 4 5 5 5 5 5 3 3 5 6 1 4 5 6 2 2
M1187 4 5 5 5 5 11 4 5 6 6 2 2 4 7 4 4
M1188 5 5 5 6 12 12 4 4 5 6 2 4 1 4 4 5
M1190 5 9 1 5 5 5 4 4 4 6 2 4 7 7 2 4
M1191 4 4 5 5 12 13 3 4 4 4 2 2 3 4 4 4
M1192 1 5 5 5 10 12 4 8 6 6 2 2 6 6 2 4
M1193 4 4 1 1 12 13 4 4 4 5 3 4 1 3 2 2
M1194 5 5 2 5 5 13 5 5 5 6 2 2 6 7 2 4
M1195 4 4 5 5 12 14 4 7 5 5 2 4 3 3 2 5
M1197 5 5 5 5 12 12 4 7 5 5 2 4 4 4 4 5
M1198 4 4 5 5 13 13 4 4 5 5 2 4 4 5 4 5
M1201 4 5 4 7 5 12 3 4 6 6 1 2 3 6 2 4
M1202 4 5 5 5 5 11 4 4 6 6 2 4 4 5 4 6
M1203 5 5 5 5 5 12 3 9 6 6 2 4 3 4 2 4
M1204 5 5 2 5 11 12 3 5 6 6 2 4 2 4 6 6
M1205 4 5 5 5 13 13 4 5 5 6 2 4 6 7 2 4
M1210 4 5 5 5 5 12 4 7 5 6 2 4 4 5 2 6
M1211 5 5 2 5 5 13 4 4 4 5 1 2 4 6 4 5
M1212 5 5 5 5 11 12 3 7 4 5 2 2 4 9 2 4
M1213 5 5 5 5 12 12 4 4 5 5 2 2 2 2 1 4
M1214 1 7 5 5 5 12 3 8 5 5 2 2 3 4 6 6
M1215 5 5 5 5 5 13 5 5 4 6 4 4 4 6 4 5
M1216 4 5 2 5 13 13 3 4 5 7 2 2 2 7 2 4
M1218 5 5 5 5 12 12 3 3 6 6 4 4 6 6 2 6
M1220 5 5 5 5 5 12 4 4 4 6 2 2 2 9 2 2
M1221 5 5 5 5 5 12 4 5 5 5 4 4 2 6 4 6
M1224 4 5 5 5 12 13 5 8 4 11 2 2 4 9 4 6
M1225 4 5 5 5 5 13 4 4 5 5 2 2 2 4 2 2
M1227 4 5 5 5 5 13 4 4 4 5 2 4 3 7 2 2
M1228 5 5 5 5 11 13 3 4 4 5 2 4 4 6 4 4
M1229 4 5 5 5 11 12 3 4 4 6 2 2 4 6 4 8
M1230 5 5 5 5 12 13 4 4 4 5 2 5 3 6 2 5
M1235 1 5 5 5 5 11 3 5 6 6 2 2 6 6 4 4
M1237 3 3 5 5 5 13 4 4 4 4 2 2 3 6 2 4
M1238 4 5 5 7 10 13 4 5 5 5 2 2 6 7 4 4
M1239 5 5 7 7 5 12 5 8 4 6 2 4 5 6 4 4
M1240 5 9 3 5 12 12 4 4 5 5 2 4 4 7 6 8
M1241 5 5 5 5 5 12 4 4 4 4 2 2 1 3 2 2
M1243 5 5 5 5 13 13 4 8 5 6 2 2 5 5 2 4
M1244 4 5 2 5 12 12 4 8 4 5 2 2 5 7 4 4
M1245 1 5 1 1 11 12 4 4 5 5 4 4 2 7 4 5
M1246 5 5 5 5 5 13 4 4 5 5 2 2 2 5 4 5
M1249 4 5 3 3 5 12 4 8 3 5 2 2 5 5 2 4
M1250 5 5 5 5 5 12 4 5 4 6 2 4 6 7 2 4
M1252 5 5 5 5 5 12 3 4 4 5 2 2 3 5 4 4
M1253 5 5 2 5 5 11 4 4 5 5 2 2 6 6 5 5
M1255 4 4 5 5 11 12 4 4 4 5 2 4 6 6 2 4
M1260 5 5 5 5 5 12 4 4 6 6 2 4 2 6 2 4
M1262 1 5 5 5 12 13 5 5 4 5 5 5 6 6 2 4
M1267 5 5 5 5 12 12 3 4 5 6 2 2 4 6 4 6
M1270 4 5 5 5 12 13 5 5 5 6 2 2 3 4 4 4
M1274 1 4 5 5 5 14 4 4 4 6 2 2 5 6 4 4
M1275 1 5 3 8 5 14 4 4 4 6 2 2 6 6 4 5
M1276 5 5 2 5 5 13 3 8 6 6 2 4 3 6 4 6
M1277 5 5 5 5 10 11 4 4 5 6 2 2 4 7 4 5
M1281 1 7 5 5 5 5 4 4 5 5 2 4 6 7 2 2
M1282 4 8 5 5 5 12 4 4 5 7 2 2 5 5 2 5
M1284 5 5 5 5 5 12 4 4 5 6 2 2 2 4 2 2
M1285 5 5 5 5 11 12 4 8 5 11 2 2 5 6 2 5
M1287 4 4 5 5 5 5 4 8 4 5 2 2 4 6 2 4
M1291 5 5 5 5 13 13 4 4 5 5 2 4 3 4 4 5
M1292 4 5 5 7 5 12 4 9 5 5 2 4 2 3 4 5
M1293 4 5 2 5 12 12 3 3 4 6 2 4 4 4 2 2
M1296 4 5 5 5 12 12 4 8 5 5 2 5 5 9 4 4
M1297 4 5 3 5 12 12 3 4 6 7 2 2 7 9 4 4
M1298 5 5 5 5 12 13 4 4 6 6 2 2 5 7 4 6
M1300 4 5 5 7 5 12 4 4 5 6 2 4 6 7 4 6
M1301 5 5 5 6 8 12 4 5 6 6 4 4 2 4 4 4
M1304 5 5 5 5 5 12 4 4 4 11 2 4 6 7 4 5
M1306 5 5 5 5 5 13 3 4 5 6 2 4 4 4 2 6
M1309 5 5 5 5 11 13 4 8 5 5 2 4 2 3 2 4
M1310 5 5 5 5 11 12 4 4 5 6 2 4 3 3 2 4
M1312 5 5 3 5 10 12 4 4 4 5 2 4 4 4 2 5
M1313 4 4 5 5 13 13 4 4 4 4 2 2 2 5 2 2
M1314 5 5 5 5 5 11 4 4 4 5 2 4 6 6 2 2
M1315 5 5 5 5 5 5 3 3 5 5 2 2 4 6 2 2
M1316 5 5 1 5 12 13 3 3 4 5 2 2 2 4 2 2
M1317 5 5 5 5 5 12 7 8 6 6 2 2 7 7 4 5
M1322 4 5 5 5 11 12 4 4 4 5 2 2 3 6 4 4
M1326 5 5 5 5 5 12 4 5 4 6 2 2 3 6 4 5
M1327 4 5 2 5 12 12 3 8 5 5 2 4 3 6 2 4
M1328 4 5 3 3 5 12 4 4 6 6 2 2 2 5 2 4
M1329 5 5 5 7 5 11 3 5 6 6 2 5 2 3 4 4
M1330 5 5 5 5 11 12 3 4 5 6 2 8 3 9 4 4
M1331 5 5 5 5 5 13 4 8 4 4 2 2 5 9 5 5
M1332 5 9 5 5 12 13 3 5 6 6 2 4 2 5 4 5
M1334 5 5 5 5 5 12 3 4 4 6 2 2 4 4 2 2
M1335 5 5 1 5 5 5 4 5 5 6 4 4 7 7 2 2
M1337 4 5 2 7 12 12 4 8 5 5 2 2 3 4 2 4
M1338 5 8 5 7 5 12 3 3 5 6 2 2 2 6 4 4
M1340 4 5 5 5 5 12 4 8 5 5 1 2 2 4 2 4
M1342 4 5 5 5 12 13 4 4 4 6 2 2 3 9 2 4
M1344 5 5 5 5 12 12 4 4 4 7 2 4 3 7 2 2
M1345 5 5 5 5 11 13 4 5 6 6 2 2 6 7 2 4
M1346 5 5 5 5 11 13 3 4 5 6 2 5 6 6 2 8
M1347 5 5 3 5 12 12 3 3 5 6 2 2 5 7 2 2
M1350 4 5 5 7 5 5 3 4 4 5 2 2 3 6 2 2
M1351 4 5 2 7 5 13 3 4 5 5 2 4 2 4 4 4
M1352 5 5 5 5 13 13 4 4 5 6 2 4 4 4 2 4
M1353 4 5 5 5 12 13 4 4 5 5 2 4 4 6 4 8
M1354 5 5 2 5 5 12 4 4 4 11 2 4 4 7 2 6
M1355 5 5 2 6 5 12 4 4 6 6 2 4 2 4 2 4
M1357 4 5 5 5 5 13 4 4 5 5 2 2 4 6 4 4
M1359 5 5 5 7 5 11 3 3 4 4 2 2 2 4 2 5
M1365 5 8 5 5 5 12 7 8 4 6 2 4 2 3 2 8
M1368 1 4 2 6 11 12 5 8 6 6 2 4 4 4 2 7
M1369 4 5 5 5 5 12 3 4 6 7 2 4 3 4 2 4
M1370 5 5 5 5 12 12 4 8 4 6 2 4 6 6 4 6
M1371 5 5 5 5 5 12 3 5 11 11 2 2 2 11 2 4
M1373 5 5 5 5 12 12 3 3 6 6 2 5 4 4 4 6
M1375 5 5 5 5 12 12 4 4 6 6 4 4 3 6 2 4
M1377 4 5 5 5 12 12 4 8 4 5 4 4 3 7 4 4
M1378 4 4 5 5 11 12 3 4 5 6 4 4 3 6 2 4
M1380 5 5 2 5 12 13 4 5 4 4 4 5 2 7 5 8
M1381 5 5 5 5 12 13 4 8 4 4 1 5 4 7 4 7
M1383 5 5 5 5 5 12 3 5 5 6 2 4 3 4 4 6
M1385 4 5 5 5 10 13 5 7 4 6 2 2 5 6 3 5
M1386 5 5 5 5 12 12 3 4 3 5 2 4 2 6 2 5
M1388 4 5 5 5 12 13 4 8 5 6 2 2 3 3 2 4
M1389 5 5 5 5 5 12 4 4 6 6 2 5 6 6 4 7
M1393 1 5 5 5 12 13 4 5 5 5 2 2 2 3 2 7
M1394 5 5 5 5 11 12 3 5 4 6 4 4 5 6 5 7
M1397 5 5 3 3 5 12 4 5 5 6 2 2 5 6 4 5
M1399 4 5 4 5 12 12 4 4 4 5 2 2 4 6 2 4
M1402 1 5 3 5 5 5 3 4 4 6 4 4 2 3 7 7
M1404 1 5 5 5 5 12 3 3 6 6 2 4 6 6 4 4
M1406 4 5 5 5 5 5 4 4 5 6 2 5 3 4 2 6
M1409 4 5 2 2 5 12 4 5 7 9 2 2 6 6 4 4
M1410 4 5 2 5 12 13 4 4 6 7 3 3 4 4 4 5
M1411 4 5 5 5 12 12 7 7 5 5 2 2 2 7 2 5
M1412 4 5 5 5 5 5 4 7 6 6 4 5 4 6 2 4
M1413 5 5 2 5 5 12 4 9 4 5 2 2 2 4 4 5
M1415 5 5 5 5 12 13 3 4 5 5 2 4 3 4 4 4
M1417 5 5 5 5 5 12 4 4 4 4 2 4 3 7 2 4
M1418 4 5 5 5 13 13 3 3 5 5 2 4 3 6 4 6
M1419 5 5 5 5 11 13 4 4 4 6 2 4 6 7 4 4
M1426 4 5 1 5 12 13 4 5 3 6 2 2 6 7 4 4
M1428 2 4 5 5 12 14 3 4 5 6 2 4 2 6 2 6
M1430 4 4 5 5 11 12 3 4 5 6 2 4 4 6 4 4
M1432 4 5 5 5 5 14 4 4 6 6 4 5 3 5 4 7
M1433 5 5 5 5 5 12 4 4 5 5 2 2 3 3 2 4
M1434 4 5 5 5 5 5 3 4 5 6 4 4 2 6 4 4
M1435 5 5 5 7 5 5 3 3 3 4 2 2 2 6 2 2
M1438 5 5 5 7 10 13 3 4 6 6 2 3 3 5 2 4
M1440 5 5 5 5 12 12 4 5 4 5 2 2 6 9 2 4
M1443 5 5 5 7 5 12 4 4 5 6 5 5 4 7 4 4
M1444 4 5 1 5 5 12 8 8 5 6 2 2 3 6 4 6
M1446 5 5 5 5 12 12 3 7 5 6 2 4 2 3 4 6
M1448 4 5 2 5 5 12 4 9 6 6 2 2 6 6 3 4
M1449 5 5 5 5 5 12 5 5 4 6 3 4 4 7 3 4
M1451 4 4 5 5 11 13 4 5 6 6 2 3 4 6 2 4
M1452 5 5 5 5 11 11 3 4 5 6 2 4 3 6 2 5
M1454 5 5 5 5 11 11 3 4 4 5 2 2 6 6 3 4
M1456 4 5 5 5 5 5 4 5 4 4 2 4 3 4 2 2
M1458 4 5 5 5 5 11 3 4 6 6 4 5 6 9 2 4
M1460 5 5 5 5 12 12 4 8 5 6 2 2 3 4 4 4
M1461 5 5 1 5 5 12 4 4 5 5 2 2 3 6 2 4
M1462 5 5 3 5 13 13 8 8 5 7 2 2 3 3 2 5
M1466 5 5 5 5 12 12 3 4 6 11 2 2 6 7 2 4
M1467 4 5 5 5 5 12 3 4 4 5 2 2 2 7 2 2
M1469 5 5 3 5 11 11 4 8 6 6 2 4 2 2 2 4
M1471 4 5 5 5 5 9 3 4 4 5 4 4 5 7 5 5
M1472 4 5 5 7 13 13 4 4 5 5 2 4 4 4 4 6
M1473 1 5 5 7 5 12 4 4 5 6 5 5 2 9 2 4
M1477 5 5 5 5 5 11 7 7 5 6 2 2 2 6 4 4
M1478 5 5 2 5 5 12 3 5 5 5 3 4 3 6 4 4
M1480 4 5 5 5 5 5 4 5 4 4 2 2 2 5 2 2
M1481 4 5 2 5 12 13 3 7 4 5 3 4 1 6 2 5
M1482 5 5 3 5 4 10 4 4 3 6 2 4 4 7 4 5
M1484 4 5 5 5 11 12 4 4 4 5 2 4 3 7 2 4
M1485 4 5 5 5 5 5 4 8 1 5 2 4 5 5 5 5
M1486 4 5 3 5 12 12 3 8 4 4 4 4 2 5 4 7
M1488 4 4 5 5 5 5 4 4 3 6 2 2 5 5 4 4
M1489 5 5 5 5 12 13 4 4 4 6 2 2 4 4 2 6
M1491 5 5 5 5 5 12 4 5 4 4 2 4 6 7 2 6
M1492 5 5 3 6 5 5 4 4 4 5 1 4 4 7 2 3
M1493 5 5 5 5 5 12 3 4 5 5 2 4 4 7 4 4
M1494 5 5 1 5 5 13 4 8 4 6 2 4 3 6 2 4
M1495 4 5 1 5 5 13 4 4 5 5 2 2 2 3 2 4
M1496 5 5 5 6 5 12 4 4 6 6 4 6 4 7 4 4
M1497 5 5 5 5 5 11 4 5 5 6 2 5 2 7 6 6
M1498 4 5 5 5 5 13 7 7 5 5 2 2 4 6 4 6
M1499 5 5 5 5 12 15 3 8 5 5 3 4 4 4 2 4
M1500 5 5 5 5 5 5 4 4 5 5 2 4 3 6 2 5
M1501 5 5 2 5 5 5 3 5 5 5 2 4 5 6 4 4
M1502 5 5 7 7 11 12 4 8 4 5 2 5 4 6 4 7
M1504 5 5 5 5 5 12 4 4 5 5 2 3 4 7 2 4
M1507 5 5 5 7 12 13 4 8 5 6 2 2 3 5 3 4
M1511 5 5 3 5 5 12 3 4 5 7 2 2 2 4 3 4
M1512 4 5 5 7 5 12 4 4 5 6 2 2 5 7 2 4
M1514 5 5 5 5 12 12 3 4 4 6 2 2 4 7 5 5
M1516 4 5 3 5 5 12 4 7 5 6 2 4 7 7 2 4
M1518 5 5 2 5 5 13 3 4 6 6 2 2 4 6 2 4
M1519 5 5 5 5 5 12 3 3 5 6 2 2 2 3 2 2
M1520 4 5 5 5 13 13 4 4 5 5 2 2 4 7 2 2
M1521 4 5 5 5 11 13 4 5 6 7 2 2 3 7 2 2
M1522 5 5 5 5 5 12 3 4 4 6 4 5 3 5 4 6
M1523 4 5 7 7 5 12 4 7 5 6 2 2 3 4 2 5
M1525 5 5 5 5 5 5 4 4 5 6 2 2 6 6 2 6
M1528 5 5 5 5 12 13 4 5 4 5 2 4 2 4 2 5
M1530 5 5 5 5 5 12 3 4 5 5 2 4 4 6 2 2
M1535 5 5 5 5 5 12 4 9 6 7 2 2 2 7 4 4
M1536 5 5 3 5 13 14 4 4 5 5 2 2 6 6 4 6
M1537 5 5 5 5 5 12 4 4 5 5 2 2 3 4 2 4
M1538 4 5 2 7 5 5 4 8 4 4 2 2 7 7 2 4
M1539 4 5 5 5 11 13 4 5 6 6 2 4 2 4 4 4
M1540 4 5 5 5 5 5 4 4 4 6 2 5 3 4 2 6
M1542 5 5 5 5 5 12 3 4 5 5 2 4 6 6 5 5
M1543 4 5 5 5 5 12 4 4 6 10 2 2 6 9 2 4
M1544 5 5 5 5 5 5 3 3 5 5 2 4 3 4 4 4
M1546 5 5 2 7 5 12 3 8 5 6 3 4 2 4 5 6
M1547 4 4 2 5 12 12 3 4 5 5 2 5 4 4 4 5
M1550 5 5 5 5 11 13 3 3 6 10 4 4 5 9 2 4
M1553 5 5 5 5 12 14 4 8 6 6 2 2 6 6 2 6
M1555 4 5 5 5 5 12 1 4 5 6 4 5 3 3 4 4
M1557 4 5 5 5 5 12 3 4 5 8 2 2 6 6 4 7
M1558 5 5 1 5 12 12 4 7 5 5 2 4 4 6 4 4
M1560 4 5 2 5 5 13 3 4 5 5 2 4 3 7 2 5
M1561 5 5 5 5 5 12 4 5 6 6 2 4 6 7 4 4
M1563 5 5 7 7 5 11 4 4 6 6 2 2 3 5 2 4
M1565 5 5 5 5 11 13 4 4 6 6 2 2 3 4 4 4
M1566 4 5 5 5 5 12 4 4 5 5 2 5 4 6 2 4
M1568 5 5 2 5 5 13 3 4 5 5 2 2 2 4 2 4
M1569 5 5 5 5 12 12 3 5 5 5 2 4 3 6 2 4
M1570 4 5 5 5 5 11 3 5 4 12 4 5 2 2 2 4
M1572 5 5 5 5 11 12 4 8 6 6 2 2 2 7 4 4
M1574 4 5 3 3 5 5 3 5 4 5 2 2 3 4 2 6
M1575 5 5 5 5 12 13 4 8 4 5 2 4 4 5 2 6
M1577 4 4 5 5 11 12 4 4 6 6 2 2 3 3 2 4
M1579 5 5 5 5 12 12 4 4 5 5 2 2 4 6 2 4
M1580 4 5 5 5 5 5 4 8 3 9 2 3 3 6 6 6
M1582 5 7 5 5 5 12 4 4 6 6 2 4 3 6 4 6
M1583 4 5 5 5 8 12 3 5 5 6 1 2 6 6 4 6
M1585 5 7 1 5 9 12 3 3 5 6 2 2 3 4 2 2
M1586 5 5 3 7 11 12 3 4 4 5 3 4 7 7 4 4
M1588 4 5 1 5 5 5 3 5 4 5 4 4 2 2 2 2
M1589 5 5 3 5 11 13 3 8 5 5 2 4 2 6 2 2
M1590 4 5 5 5 5 12 4 5 5 5 2 4 2 3 3 4
M1592 4 4 5 5 5 12 4 8 6 6 4 4 5 7 2 2
M1593 4 5 5 5 5 12 4 8 4 4 2 4 2 7 4 6
M1596 5 5 5 5 5 5 4 4 5 6 2 4 2 3 2 4
M1598 4 5 5 5 11 12 4 4 3 5 2 2 2 5 4 4
M1599 5 5 1 2 5 5 3 3 5 5 2 4 4 6 2 4
M1603 5 5 5 5 12 12 3 3 5 5 2 3 4 9 2 6
M1604 5 5 5 5 12 12 4 4 4 4 2 2 6 6 6 8
M1606 4 4 5 5 11 12 4 8 4 5 2 2 5 7 2 2
M1611 5 5 5 5 12 12 4 4 5 5 4 4 3 6 2 4
M1615 5 5 5 5 7 12 4 5 4 5 2 4 2 4 4 5
M1616 5 5 3 5 12 13 3 4 6 11 4 4 3 4 4 4
M1618 5 5 5 5 11 11 3 5 4 4 2 2 3 6 4 4
M1621 1 4 2 5 5 13 4 10 4 5 2 4 3 5 2 4
M1622 4 5 2 7 5 12 3 4 4 6 2 3 2 4 2 4
M1623 4 5 5 7 11 13 4 4 5 6 2 2 5 5 4 4
M1625 5 5 5 5 11 11 4 4 4 5 2 4 2 7 2 2
M1626 4 5 2 5 5 13 4 4 4 4 2 2 3 4 2 5
M1628 5 5 5 5 5 13 3 4 4 5 2 2 3 6 2 2
M1630 4 5 5 5 5 11 4 4 5 5 2 4 4 7 2 4
M1632 5 5 2 5 12 12 4 4 5 5 2 2 4 5 2 7
M1634 5 5 5 5 5 11 3 4 5 10 2 2 6 9 5 6
M1636 4 5 2 5 5 12 4 5 4 12 2 2 3 5 2 4
M1639 1 5 2 5 5 12 4 4 4 4 2 2 4 6 2 4
M1641 5 5 5 5 5 12 4 5 4 5 2 5 3 4 2 5
M1642 5 5 5 5 13 13 4 4 4 5 2 4 4 5 2 4
M1644 1 5 5 5 5 5 3 5 5 6 2 2 2 4 2 6
M1645 5 5 5 5 5 11 3 4 6 6 2 4 4 7 4 5
M1646 5 5 5 5 5 12 4 8 4 11 4 4 4 6 2 6
M1647 4 5 2 5 5 12 3 7 4 7 2 2 1 4 4 4
M1648 5 5 5 5 12 13 3 4 4 5 4 5 4 7 4 4
M1649 4 5 5 5 13 13 3 4 6 6 2 2 3 6 6 7
M1652 4 5 2 2 11 13 4 9 4 6 2 2 6 9 2 6
M1654 5 5 2 5 5 11 2 2 4 6 1 2 3 4 4 6
M1655 5 5 5 5 5 13 4 4 6 6 4 4 4 6 4 5
M1656 5 5 5 5 13 13 4 5 6 11 2 4 5 7 5 6
M1657 5 5 2 5 5 12 4 8 4 5 2 5 2 3 2 5
M1658 5 5 5 5 5 5 4 8 5 6 2 4 4 4 4 4
M1661 5 5 3 5 12 12 4 8 5 5 1 2 3 4 2 2
M1662 5 5 2 5 5 12 4 4 4 5 2 4 2 4 4 4
M1664 4 5 5 5 5 13 3 3 5 6 2 2 4 5 4 4
M1665 4 5 2 5 11 12 4 4 5 6 2 2 3 3 4 4
M1666 5 5 5 5 5 5 4 7 6 6 2 2 2 7 6 7
M1667 5 5 2 2 5 13 4 5 3 4 4 4 5 9 4 4
M1669 5 5 3 5 11 13 4 4 4 4 2 4 2 2 2 6
M1670 4 5 5 5 5 11 4 4 5 6 2 2 3 3 6 6
M1671 4 5 5 6 11 12 3 4 5 5 2 2 3 4 4 5
M1672 5 5 2 5 5 5 4 8 4 6 2 2 3 6 3 4
M1674 4 5 2 5 10 12 4 4 5 6 2 3 5 5 4 5
M1676 5 5 5 5 5 5 4 4 5 5 2 2 2 5 2 7
M1678 5 5 5 7 12 12 7 8 6 6 4 4 2 5 2 2
M1679 4 5 5 5 11 12 4 5 4 5 4 4 2 5 4 7
M1680 5 8 5 5 12 12 4 4 6 6 2 2 3 5 2 4
M1681 4 5 3 5 5 12 3 5 3 3 2 3 3 7 2 8
M1682 1 5 1 5 5 12 4 4 4 5 2 4 4 4 4 4
M1683 3 4 3 5 5 11 4 5 5 7 4 4 3 6 2 3
M1684 4 5 5 5 5 11 4 5 4 4 2 4 5 7 6 6
M1685 1 5 5 5 5 12 4 4 6 10 2 2 5 6 2 4
M1690 5 5 2 5 12 12 4 4 4 6 2 4 2 7 2 6
M1691 4 5 3 7 5 5 3 4 4 6 2 4 3 5 2 2
M1693 4 5 2 2 12 13 4 4 5 6 2 2 5 5 4 4
M1694 4 5 5 5 12 13 4 4 3 6 2 2 2 2 2 4
M1695 5 5 5 6 12 13 4 4 6 6 2 2 3 5 4 6
M1696 5 5 5 5 12 12 3 4 7 11 2 2 2 4 2 5
M1697 5 5 5 7 5 12 4 5 5 7 2 4 3 5 2 4
M1698 5 5 1 5 5 12 3 4 4 5 2 4 4 9 6 8
M1699 5 5 5 5 5 11 4 4 6 6 4 4 5 5 2 4
M1702 5 5 2 5 12 12 3 4 4 5 2 2 6 7 4 4
M1706 4 5 5 5 5 5 3 3 4 6 4 4 2 5 2 4
M1707 5 5 7 7 5 5 4 8 5 6 2 2 4 6 2 2
M1708 1 4 5 5 5 5 3 4 6 6 2 2 5 5 4 4
M1711 4 9 5 7 12 12 4 4 5 6 4 4 2 3 4 4
M1712 2 4 5 5 12 12 3 3 4 5 2 4 5 6 2 3
M1713 5 5 4 7 13 13 3 4 5 6 2 2 4 6 4 4
M1714 5 5 5 5 5 12 4 5 4 5 2 4 6 6 2 6
M1716 5 5 5 5 11 11 4 5 5 6 3 4 3 6 2 4
M1718 5 5 5 7 5 12 3 9 5 5 4 5 6 9 2 2
M1719 4 5 5 7 11 11 3 3 5 5 2 2 5 6 2 5
M1722 5 5 5 5 5 5 3 4 6 6 2 2 3 7 2 6
M1723 5 5 2 5 5 12 4 8 4 5 2 4 2 2 4 4
M1724 5 5 5 5 5 13 4 4 5 5 2 2 4 4 3 8
M1725 4 5 5 5 5 5 4 4 5 7 2 2 2 6 2 4
M1726 5 5 5 7 5 12 3 4 6 6 4 4 3 4 2 4
M1727 4 5 5 6 12 12 3 4 5 6 2 4 2 5 2 2
M1729 5 5 5 5 12 12 3 3 4 5 2 6 3 5 2 4
M1730 4 5 5 5 5 13 4 4 3 6 2 2 2 2 2 8
M1731 5 5 3 5 12 13 4 4 3 6 2 4 4 7 4 4
M1732 4 4 2 2 5 11 2 4 5 7 2 4 3 8 6 6
M1734 5 5 2 5 12 12 4 5 6 6 5 5 2 2 2 2
M1736 1 4 1 5 12 13 4 7 4 6 2 4 7 9 6 6
M1741 4 5 5 5 5 11 4 7 5 6 2 4 6 9 2 5
M1742 4 4 5 5 6 13 3 4 5 11 2 2 5 5 2 4
M1743 5 5 2 5 13 13 3 4 5 6 4 5 5 7 2 2
M1745 4 5 5 5 12 12 4 4 5 6 2 4 3 4 2 2
M1746 1 5 5 5 5 13 4 8 5 6 2 4 4 4 2 4
M1748 5 5 5 5 12 13 4 5 4 4 1 1 3 3 2 4
M1749 4 5 5 5 5 11 4 5 5 6 4 4 4 5 2 4
M1751 4 5 5 5 5 12 4 4 5 5 4 5 3 6 2 7
M1754 5 5 5 5 13 13 3 8 4 5 4 5 2 4 4 4
M1755 4 5 2 5 12 12 4 4 4 5 2 2 2 5 2 2
M1756 4 5 5 5 5 13 3 8 5 6 2 2 4 4 2 4
M1757 5 5 5 7 12 13 3 5 5 6 2 4 3 11 2 6
M1759 1 4 5 5 12 13 3 4 4 6 4 4 4 6 2 4
M1760 4 5 5 5 12 12 3 4 4 6 2 4 4 4 4 4
M1764 4 5 5 5 12 12 3 4 5 6 2 2 2 7 4 4
M1765 5 5 5 5 5 12 4 5 4 4 4 4 6 7 3 7
M1766 5 5 5 5 5 13 4 4 5 6 2 5 1 3 5 5
M1769 1 4 5 5 5 12 4 4 5 5 2 2 2 3 4 7
M1770 5 5 5 5 5 12 3 4 6 11 4 5 3 5 2 4
M1772 5 5 5 7 11 11 3 4 3 6 2 4 3 4 4 5
M1773 4 5 2 5 5 12 4 4 5 6 2 2 3 7 2 7
M1776 4 4 5 5 11 12 4 4 5 5 4 5 3 6 4 4
M1777 4 5 5 5 5 5 4 4 6 6 4 4 4 5 3 7
M1778 5 5 5 5 12 12 4 4 4 6 2 2 4 4 2 4
M1780 5 5 2 5 7 13 4 8 4 6 2 4 2 4 2 4
M1782 4 5 5 5 12 12 3 4 4 6 2 4 2 6 4 5
M1789 4 5 5 5 12 12 4 4 5 6 2 4 7 9 2 8
M1791 4 5 5 5 5 12 3 5 4 6 2 7 3 4 2 4
M1793 4 5 5 5 5 13 3 4 4 5 2 2 3 7 4 4
M1795 5 5 5 5 5 12 4 4 4 5 1 2 6 7 3 4
M1797 4 5 2 5 11 11 4 4 2 5 2 4 3 7 4 6
M1802 5 5 5 5 5 12 8 8 5 6 2 2 5 6 4 4
M1808 5 5 5 7 12 12 3 4 5 5 2 4 5 6 2 2
M1809 5 5 2 5 12 12 4 4 5 5 2 4 3 7 4 4
M1811 1 5 5 7 5 5 5 8 5 5 2 4 3 6 2 4
M1812 5 5 3 5 5 12 4 5 5 5 2 2 2 3 2 4
M1813 4 5 5 5 5 5 3 4 6 6 2 2 4 6 4 6
M1814 4 5 5 5 12 12 4 5 5 6 2 2 5 5 4 6
M1815 4 5 3 5 5 13 3 7 5 6 2 4 2 5 2 4
M1816 4 5 3 5 5 11 4 4 5 11 4 4 5 6 2 6
M1817 4 5 5 5 5 13 4 4 5 5 2 5 2 6 2 6
M1818 4 5 5 5 5 5 4 4 6 6 2 2 3 4 3 5
M1820 4 5 5 5 10 12 4 4 4 5 2 2 3 6 2 5
M1822 4 5 5 5 5 11 3 4 5 6 2 5 2 4 2 4
M1824 5 5 2 5 5 13 3 3 5 5 2 4 2 2 4 4
M1826 1 4 5 5 5 12 3 4 6 6 2 2 4 6 2 6
M1827 1 5 2 5 11 13 3 4 6 7 2 4 3 4 2 4
M1829 4 5 1 1 11 13 4 8 4 10 2 4 3 6 2 6
M1830 4 5 6 7 12 13 4 4 6 6 2 2 3 6 4 5
M1831 5 5 5 5 5 5 4 4 4 5 2 3 5 7 4 6
M1832 4 5 5 7 11 12 4 4 6 6 4 7 4 6 4 5
M1834 4 5 2 5 5 5 4 4 5 6 2 2 6 6 2 4
M1836 1 5 5 5 5 12 3 4 4 5 2 2 6 7 4 8
M1838 4 5 2 3 12 14 3 4 4 6 2 4 3 6 2 4
M1842 5 5 5 5 12 13 4 4 4 6 2 4 2 3 4 4
M1847 5 5 7 7 13 13 4 7 4 6 4 4 3 4 4 5
M1849 4 5 5 5 12 12 3 4 5 6 2 2 9 9 2 2
M1851 5 5 5 5 5 13 4 4 5 6 2 5 7 7 4 4
M1852 4 5 5 5 5 13 4 4 6 6 2 2 5 5 4 4
M1853 5 5 5 5 11 12 4 5 6 6 2 4 3 4 2 6
M1855 4 4 5 7 13 13 3 4 4 6 4 5 9 9 2 4
M1857 4 4 5 5 5 5 4 4 5 6 2 4 4 6 2 4
M1858 5 5 5 5 11 12 3 4 4 5 2 2 6 6 2 4
M1859 5 5 2 5 12 12 5 5 4 6 2 4 4 4 2 4
M1860 5 5 2 2 5 5 2 4 4 6 4 4 5 5 2 2
M1861 4 5 5 7 12 13 4 7 4 4 2 2 5 5 4 6
M1862 4 5 2 5 12 13 4 4 5 5 2 4 3 7 4 5
M1863 5 5 3 5 5 13 8 8 5 5 4 5 4 7 2 4
M1864 4 4 2 5 12 13 4 4 5 6 2 4 4 6 2 5
M1867 4 4 5 7 5 11 2 4 4 6 2 4 3 3 2 4
M1868 5 5 2 5 5 12 3 4 4 5 2 4 3 4 2 4
M1870 4 4 5 5 12 12 4 8 5 11 2 4 6 7 2 2
M1872 5 5 5 5 12 13 3 7 4 4 2 2 6 6 2 6
M1874 4 5 5 5 5 12 3 8 4 6 4 4 5 6 2 2
M1875 5 5 5 5 12 12 3 4 5 5 2 2 2 6 4 6
M1877 5 5 5 5 12 12 4 8 4 5 2 2 3 6 4 4
M1878 4 5 5 5 11 13 3 4 11 11 2 4 7 7 2 4
M1879 5 5 5 7 5 12 4 4 4 5 4 5 2 4 2 4
M1880 4 4 5 5 5 5 3 5 4 6 2 4 5 7 2 5
M1881 5 5 5 5 11 12 3 8 4 8 2 4 3 4 2 2
M1883 5 5 5 5 5 11 4 4 6 9 2 2 6 6 4 4
M1885 4 9 5 5 5 12 4 4 6 6 4 4 2 6 4 7
M1889 5 5 5 5 5 11 4 4 5 5 2 2 4 4 6 6
M1890 4 5 5 5 5 11 3 3 6 6 2 2 6 7 2 2
M1891 4 5 5 5 5 13 4 4 5 6 2 4 2 2 5 8
M1894 4 5 3 5 5 12 4 4 4 5 2 2 4 6 5 6
M1895 1 4 5 5 5 5 4 4 5 6 4 4 2 3 4 4
M1897 5 5 5 5 5 12 4 4 6 6 2 2 3 7 2 4
M1898 5 8 5 5 11 13 4 4 4 6 2 2 4 7 4 5
M1899 5 5 5 5 13 13 4 5 4 4 2 2 3 6 2 4
M1903 5 5 5 7 11 13 3 5 5 5 2 4 5 6 4 4
M1905 4 5 5 5 5 11 5 5 3 4 2 2 2 4 2 6
M1907 4 4 5 5 12 12 4 5 5 5 2 2 4 7 2 4
M1909 5 5 5 5 5 13 3 4 6 10 2 2 3 7 2 5
M1910 5 5 5 7 5 12 5 5 3 5 2 2 3 4 2 6
M1912 4 5 5 5 12 13 4 4 4 6 2 3 3 4 2 4
M1916 5 5 5 5 12 13 4 4 5 6 1 2 3 5 2 6
M1918 1 5 7 7 12 14 3 4 6 6 2 2 2 6 4 4
M1919 4 4 5 5 5 12 4 8 4 4 2 5 3 6 4 8