M1 5 5 5 5 5 5 3 3 6 6 2 4 2 5 2 5
M4 4 4 2 5 12 13 4 4 5 7 4 4 4 7 2 4
M5 0 5 5 5 12 12 3 4 5 6 2 0 3 3 2 4
M7 4 5 5 5 12 13 4 7 4 5 2 2 6 6 4 6
M10 5 5 3 3 10 11 4 4 5 6 2 4 3 6 2 4
M13 0 5 5 5 5 11 4 5 5 6 0 4 3 4 4 6
M15 5 5 3 5 12 12 0 4 4 5 4 4 4 6 2 0
M17 0 5 5 5 5 02 3 4 6 6 2 4 2 3 7 7
M18 5 9 5 5 12 12 4 7 5 6 2 2 2 7 2 3
M19 4 5 0 5 5 11 3 5 0 6 2 2 3 3 2 5
M23 5 5 5 5 5 12 4 10 5 5 2 4 2 2 1 2
M24 5 5 0 5 12 02 4 5 4 5 2 4 3 7 6 8
M25 4 5 2 7 12 12 3 4 5 6 0 0 2 3 4 4
M26 4 5 5 5 11 12 4 4 5 5 2 2 3 4 2 2
M27 4 4 5 5 5 5 4 9 6 6 4 4 3 5 4 6
M28 5 5 5 5 12 12 3 3 5 6 2 4 4 4 4 4
M30 5 5 5 5 11 12 3 4 5 5 2 2 4 4 4 5
M32 5 5 5 0 12 12 3 4 4 0 2 8 4 4 2 4
M34 4 5 5 7 5 12 4 4 6 6 2 5 6 7 4 6
M35 5 5 5 5 12 13 4 4 0 0 2 4 3 9 5 6
M36 4 5 5 5 5 12 3 7 5 5 2 3 2 7 4 4
M37 4 5 5 5 12 04 4 8 5 6 2 4 4 6 4 0
M38 5 7 5 5 5 5 4 4 6 6 2 3 4 5 2 4
M41 4 5 5 5 5 12 4 8 0 6 2 4 5 0 2 6
M42 0 5 0 5 5 5 4 4 4 4 2 2 7 7 2 4
M47 4 7 5 5 5 12 4 4 5 6 2 4 4 4 2 4
M48 4 4 3 5 12 12 3 0 5 5 0 5 3 4 4 6
M49 4 4 5 5 5 5 3 3 6 6 4 5 3 6 2 4
M50 5 5 7 7 12 12 3 4 4 6 2 2 4 4 4 4
M53 5 5 2 5 5 5 4 8 5 5 2 4 3 6 2 4
M54 4 0 5 5 12 12 4 4 4 6 0 4 2 4 3 4
M55 1 4 5 5 5 11 3 4 5 7 2 4 5 7 4 4
M56 4 5 5 5 5 12 4 4 4 6 4 7 6 6 2 5
M58 4 5 5 5 11 12 4 4 5 6 2 3 3 5 2 5
M60 5 5 2 5 11 12 3 8 11 11 2 2 3 7 0 0
M61 4 0 5 5 5 5 4 4 5 12 2 2 4 4 4 0
M62 5 5 5 7 5 12 4 4 2 5 2 4 2 3 2 4
M63 4 4 5 7 5 13 3 4 4 6 2 2 2 2 2 5
M64 5 5 5 5 12 13 3 3 5 6 1 2 3 4 4 4
M66 5 5 2 5 5 12 4 4 5 8 2 2 6 6 0 0
M75 5 5 5 5 5 5 3 4 5 5 2 4 2 9 2 4
M78 4 5 5 5 11 12 3 4 4 4 2 2 2 4 2 4
M79 1 9 5 5 5 5 3 4 5 5 2 4 2 6 4 5
M81 0 5 5 5 0 12 3 8 5 7 2 2 4 6 2 7
M82 4 5 5 5 13 13 3 4 4 5 4 4 4 4 6 6
M83 5 5 7 7 13 13 3 3 5 5 2 2 6 6 2 2
M84 0 0 5 5 13 13 2 4 4 4 2 2 6 6 2 4
M85 5 5 0 5 12 12 4 4 5 0 2 2 1 3 4 6
M87 5 5 5 5 11 12 3 4 4 4 4 0 0 4 2 4
M93 5 5 5 0 12 12 3 4 0 6 4 4 2 4 2 4
M95 0 5 5 5 5 13 3 4 5 5 2 4 5 6 0 5
M97 5 5 5 5 5 10 3 4 5 6 2 2 4 6 2 4
M98 5 5 2 5 5 12 4 5 6 6 2 4 5 6 2 4
M100 5 5 5 7 5 12 0 4 0 6 2 3 3 5 4 4
M103 5 5 5 5 12 12 3 3 4 4 2 4 1 6 2 2
M104 4 5 5 5 01 12 0 8 2 6 2 2 7 7 2 4
M105 4 5 5 5 12 13 4 5 6 6 2 4 6 7 2 4
M107 4 4 5 5 12 13 5 5 5 6 2 4 2 2 4 6
M108 1 5 2 2 5 5 4 4 4 6 4 4 6 7 4 8
M109 5 5 5 7 5 12 4 8 7 7 2 4 3 4 4 4
M110 5 5 5 5 5 10 4 5 6 6 2 2 4 6 2 3
M112 4 5 1 5 1 5 3 4 6 0 6 6 3 0 2 4
M113 5 5 5 5 12 12 5 5 6 7 4 4 5 5 4 4
M114 5 5 1 5 12 13 4 4 4 4 4 4 2 4 4 6
M117 5 5 5 5 11 13 4 8 4 6 2 2 3 6 5 6
M119 4 5 5 5 12 12 4 8 11 11 2 2 2 10 4 6
M120 4 5 5 7 5 5 4 8 5 5 2 2 2 6 3 6
M121 0 5 5 5 5 13 4 4 4 6 4 7 4 0 2 4
M123 1 5 4 5 11 12 4 4 4 5 2 2 6 6 2 4
M124 5 5 2 5 5 5 3 4 4 6 2 2 2 5 2 2
M125 1 1 1 0 5 5 0 8 5 6 2 2 5 6 2 2
M126 5 5 5 5 5 12 4 4 4 7 4 4 2 3 4 4
M127 4 5 5 7 12 13 4 8 4 0 2 2 0 4 4 4
M132 4 5 5 5 5 11 3 8 0 7 2 2 3 4 0 7
M134 5 5 5 5 12 12 2 0 4 6 2 4 2 7 4 0
M135 4 5 0 5 5 13 0 4 6 6 2 2 3 6 2 2
M136 1 1 2 5 5 12 3 7 6 6 2 4 3 4 2 2
M137 4 4 5 0 5 5 0 4 5 6 4 4 4 7 4 4
M138 0 0 5 5 5 12 4 4 6 6 2 2 2 4 2 5
M139 5 5 5 5 02 03 4 4 4 6 2 2 3 9 3 4
M142 5 0 5 5 5 11 3 4 0 6 2 4 7 9 4 4
M143 5 5 5 5 5 11 3 4 4 5 2 2 2 9 4 6
M146 5 5 5 5 12 13 4 4 5 6 2 4 4 4 4 5
M148 4 5 5 5 12 12 4 5 4 5 2 4 4 4 2 4
M149 1 4 5 7 5 12 4 4 6 6 2 4 5 6 2 4
M154 5 5 5 5 12 12 4 7 4 6 2 2 4 6 4 5
M155 1 5 2 5 5 12 3 4 4 4 2 2 2 3 2 2
M157 4 5 0 5 11 11 4 8 5 7 2 2 4 6 0 4
M158 0 5 5 7 5 12 4 4 5 6 2 2 5 9 0 4
M160 1 5 5 5 11 12 4 5 4 5 0 0 4 4 2 6
M162 4 5 5 5 5 12 0 4 5 6 0 4 2 4 1 2
M163 5 5 5 5 5 12 4 9 6 10 2 5 4 9 2 5
M164 4 5 5 7 5 8 4 4 4 6 2 2 6 6 4 4
M166 4 4 2 5 5 12 4 4 5 6 0 4 3 5 2 0
M168 5 5 5 7 5 12 3 5 0 4 2 2 2 6 0 4
M170 0 5 5 5 5 13 4 5 4 5 2 4 0 4 2 4
M176 4 9 0 5 5 11 4 8 5 0 4 4 3 5 4 5
M178 4 5 5 5 12 13 4 5 5 6 0 2 4 6 0 6
M179 5 5 5 5 5 11 4 4 4 5 2 4 5 7 2 2
M180 5 5 5 5 11 12 4 4 5 5 2 4 7 9 2 4
M181 1 5 3 0 5 13 2 4 4 0 4 4 3 7 2 5
M184 0 5 5 6 11 11 4 4 5 9 2 0 3 4 2 5
M185 5 5 5 5 11 13 3 7 6 6 2 4 3 4 5 6
M186 5 5 5 5 12 12 5 9 5 01 2 2 0 2 2 5
M187 4 5 5 5 5 12 4 4 6 7 2 2 4 4 2 6
M188 4 4 5 5 0 11 4 0 5 6 4 4 2 3 4 7
M189 5 5 5 5 5 13 4 5 6 6 2 2 2 3 2 4
M190 5 5 5 5 5 11 3 4 4 11 2 4 3 4 2 3
M194 5 5 5 5 5 5 4 8 4 5 2 2 3 3 4 6
M195 4 4 2 2 12 12 4 4 4 6 2 2 2 2 4 5
M196 5 0 5 7 5 0 3 4 4 6 2 4 3 3 4 4
M197 4 5 5 0 0 12 4 5 5 6 4 4 2 6 4 4
M199 4 5 5 5 12 13 4 4 6 11 2 4 4 4 4 4
M200 5 5 5 5 5 12 4 5 5 6 2 4 4 5 4 8
M201 5 5 2 5 13 13 3 4 5 5 2 2 4 11 2 4
M203 1 5 7 0 11 12 4 8 4 6 2 2 4 4 0 6
M212 5 5 5 5 5 12 4 8 5 5 2 4 6 9 4 4
M214 5 5 5 5 12 12 4 8 4 5 2 4 2 3 4 4
M216 5 5 5 5 5 13 3 4 4 6 2 4 5 6 2 5
M217 4 5 5 7 10 10 3 3 6 6 2 2 3 4 2 4
M218 4 4 2 5 5 5 3 4 5 6 2 4 4 5 4 6
M219 5 5 5 5 11 11 4 4 5 5 2 4 4 7 1 4
M222 4 5 5 5 5 11 3 4 5 6 1 2 6 7 2 6
M224 5 5 3 5 5 5 5 8 6 6 3 3 4 4 2 6
M225 4 4 5 5 5 13 4 4 5 5 5 5 2 6 2 3
M227 1 5 5 5 02 12 8 8 4 5 2 0 2 6 4 6
M228 4 5 3 5 5 12 4 4 4 5 2 4 3 4 2 2
M231 4 5 5 5 5 12 0 4 5 6 2 4 2 2 2 0
M232 5 5 0 5 5 13 0 4 5 5 2 2 2 7 2 2
M240 4 5 2 0 5 5 3 4 6 6 4 4 2 2 0 4
M242 5 5 3 5 12 13 4 4 3 5 2 2 2 4 2 4
M244 5 5 5 5 5 8 4 8 0 0 2 2 4 4 2 6
M245 4 4 3 5 11 12 4 4 5 6 2 2 2 2 3 4
M248 5 5 5 5 3 5 3 5 0 5 2 2 0 11 4 4
M250 5 5 5 5 10 12 3 4 5 6 2 2 7 7 2 4
M255 5 5 5 5 12 13 4 4 4 6 2 2 3 7 2 2
M256 5 5 2 5 12 12 4 4 5 6 4 5 2 4 3 4
M257 5 5 5 5 5 13 3 4 5 5 2 4 4 4 2 4
M259 4 5 5 5 5 5 3 8 4 6 2 2 4 5 2 7
M260 5 5 5 5 11 13 5 5 5 5 2 4 7 7 2 4
M261 4 5 5 5 11 12 3 5 6 10 2 4 2 3 2 4
M262 5 9 6 7 13 13 4 5 6 7 2 2 4 6 4 5
M263 4 4 5 5 12 13 0 4 5 6 2 4 3 4 0 4
M265 1 0 2 5 5 12 4 4 4 5 0 3 6 7 2 2
M267 5 5 5 5 12 13 3 4 5 6 4 4 0 0 2 4
M269 4 5 5 5 13 13 4 5 5 6 2 2 3 4 4 4
M275 1 5 5 5 5 11 4 5 5 6 2 4 2 6 8 8
M277 4 5 5 5 5 12 4 8 5 6 2 4 4 5 4 4
M278 5 5 5 5 12 13 2 3 5 6 2 2 7 7 5 6
M281 5 5 5 5 11 11 3 5 5 5 2 5 4 6 4 4
M283 5 5 5 0 5 13 4 4 5 5 2 4 4 6 4 0
M284 5 5 5 5 0 0 4 7 5 5 1 4 4 4 2 4
M285 5 5 5 5 12 12 3 7 4 6 2 4 1 3 2 4
M286 5 5 6 6 12 13 0 5 3 5 0 4 4 6 2 2
M287 5 9 5 5 5 13 8 8 5 6 4 4 7 7 2 5
M290 5 5 5 5 5 5 4 4 4 4 2 2 6 7 4 6
M292 4 5 5 5 5 5 4 4 4 4 2 2 2 3 3 4
M293 5 5 5 0 11 12 4 4 4 6 2 0 3 4 4 6
M295 5 5 5 5 5 11 3 5 4 6 4 5 2 3 2 5
M297 1 5 2 2 0 13 0 4 5 5 2 2 4 6 2 4
M304 5 6 5 5 5 5 5 7 3 4 3 3 2 3 4 5
M305 5 5 5 7 5 13 4 4 4 5 4 0 4 7 0 2
M306 5 5 5 5 5 5 3 3 5 7 2 5 2 6 2 3
M308 5 5 2 5 11 12 3 3 6 6 2 2 3 6 2 8
M311 4 5 5 5 12 13 3 0 0 5 2 4 3 6 4 4
M312 5 5 5 5 11 12 3 5 5 8 2 2 1 2 2 5
M313 4 5 2 5 5 12 4 4 6 6 3 4 6 7 4 4
M314 5 5 5 5 5 12 4 4 4 6 2 2 3 6 2 4
M315 5 5 2 5 12 13 4 0 5 6 2 5 3 5 0 4
M316 5 5 5 5 5 12 4 4 5 6 2 2 2 2 4 6
M317 5 5 3 7 5 5 3 3 4 5 2 2 4 4 4 4
M320 4 5 3 5 11 12 4 4 5 5 2 2 3 5 4 4
M321 4 5 5 5 5 12 3 3 5 5 2 4 4 5 2 5
M323 5 5 0 5 0 12 4 4 4 5 4 5 2 7 4 5
M325 1 1 5 5 5 12 4 4 5 6 2 3 5 7 2 2
M326 4 5 5 5 5 12 4 4 6 6 2 2 4 6 4 5
M327 5 5 5 5 5 5 3 4 5 0 2 4 2 5 0 4
M329 0 5 5 5 12 12 4 4 4 5 0 2 4 6 4 5
M330 5 5 5 5 12 13 4 4 6 6 2 3 4 4 4 4
M331 5 5 5 5 12 13 3 4 5 5 0 2 6 7 0 4
M332 5 5 5 5 5 12 3 4 5 6 2 2 3 4 2 2
M333 5 5 5 5 02 12 4 0 5 6 2 4 6 6 2 2
M335 4 5 5 5 12 12 4 5 4 5 4 4 3 6 4 4
M336 4 4 5 5 13 13 4 4 4 6 2 3 6 6 2 2
M337 4 5 5 7 12 13 3 4 5 6 2 2 6 6 4 5
M338 5 5 2 5 12 12 0 8 6 0 2 2 2 6 4 5
M339 4 4 5 5 11 02 4 8 4 0 2 5 3 4 4 6
M343 5 5 5 5 12 13 4 4 3 5 2 4 2 2 4 6
M344 4 5 5 5 12 13 4 4 4 0 2 2 4 9 0 4
M346 4 5 5 5 12 13 4 4 4 6 2 2 6 7 2 4
M347 4 4 5 5 5 12 4 5 4 6 2 2 9 9 2 6
M348 5 5 5 5 5 13 3 4 6 7 2 2 2 6 4 6
M349 4 5 5 7 5 12 4 8 4 5 2 4 2 3 2 4
M350 4 5 5 5 13 13 3 4 5 7 2 2 4 5 6 6
M352 4 4 2 5 11 12 3 5 4 6 2 4 3 5 4 7
M354 5 5 5 5 5 12 4 7 4 6 2 4 3 4 2 2
M355 4 5 5 5 5 5 4 5 5 10 2 4 3 3 5 6
M358 5 5 5 7 5 11 4 8 5 6 2 5 5 5 2 2
M359 3 5 5 5 12 13 4 4 4 5 2 4 2 3 5 7
M362 5 5 5 5 12 12 3 5 5 5 2 4 2 6 2 4
M363 4 4 1 0 5 13 4 4 4 6 2 4 3 4 0 4
M367 5 5 1 7 5 5 4 4 5 6 4 4 3 6 4 5
M370 5 5 5 5 5 5 4 5 6 6 2 4 3 4 2 4
M372 4 5 5 5 12 13 5 7 5 5 4 4 2 0 6 0
M373 5 5 3 5 5 12 3 4 5 6 2 2 2 7 3 4
M380 5 5 2 5 12 13 0 0 6 6 4 5 3 9 4 4
M382 5 8 5 5 5 13 0 5 5 5 2 2 3 6 2 0
M384 5 5 3 5 5 12 3 4 5 10 2 2 0 6 2 0
M388 5 5 5 7 11 02 4 4 4 6 2 4 2 0 4 4
M390 4 5 5 5 02 13 3 3 6 6 0 4 3 4 2 5
M391 4 5 3 5 12 14 3 4 6 6 0 0 6 6 2 4
M396 4 4 4 5 12 12 4 4 4 6 2 2 5 6 2 6
M397 5 5 5 5 5 12 3 8 5 6 4 6 3 4 4 4
M401 5 5 5 5 10 12 4 8 4 4 2 4 3 4 5 6
M403 1 5 5 5 5 5 4 4 4 5 2 2 4 4 3 4
M405 5 5 5 5 5 13 4 4 6 11 2 2 6 7 2 2
M406 4 5 5 5 5 12 8 8 6 6 2 4 1 4 4 6
M407 5 5 5 5 11 12 3 8 3 6 2 4 3 5 4 4
M408 5 5 5 5 5 5 4 5 6 7 2 4 4 6 2 4
M409 4 5 5 7 11 13 4 5 4 6 2 2 3 3 4 6
M415 4 4 5 5 11 12 4 4 6 6 2 2 2 4 5 6
M416 5 5 5 7 11 02 3 0 4 5 2 2 6 6 2 4
M417 5 5 5 5 5 14 4 8 3 6 2 2 3 6 2 5
M418 5 6 5 6 12 13 4 8 4 5 4 4 2 5 2 4
M421 5 5 3 5 5 12 4 4 6 6 2 4 3 6 2 4
M423 4 5 2 5 5 12 4 5 4 4 0 2 3 0 2 7
M424 5 5 5 5 5 0 4 4 5 6 2 5 4 5 0 4
M425 5 0 2 2 5 02 4 4 5 6 2 2 2 4 2 4
M429 5 5 5 0 5 12 3 4 4 4 0 4 2 5 2 6
M430 5 5 5 7 5 13 4 4 4 6 2 4 4 7 4 4
M433 5 5 5 5 12 03 3 4 6 7 2 2 0 6 2 2
M434 5 5 0 5 11 13 3 4 5 6 2 4 4 6 0 2
M436 5 5 3 5 02 03 3 4 4 5 4 5 3 4 4 4
M438 5 5 5 5 12 12 3 4 5 5 3 4 3 4 4 5
M440 4 5 5 7 11 12 4 4 6 7 2 2 4 4 4 4
M441 5 5 5 7 5 12 4 4 5 11 1 1 2 4 5 6
M442 5 5 2 5 11 13 4 4 5 11 4 4 3 0 4 0
M443 5 5 5 5 5 12 4 4 6 6 2 2 5 7 5 5
M444 4 5 5 5 5 13 4 4 4 9 2 4 3 4 4 5
M445 4 5 5 5 5 13 4 7 4 6 2 2 4 6 2 6
M446 4 5 1 5 5 12 4 4 4 6 4 4 3 3 4 5
M450 4 5 5 7 11 12 4 4 4 6 2 2 3 4 4 5
M451 5 5 5 5 12 02 3 4 5 5 2 2 5 0 2 6
M453 5 5 5 5 11 13 3 0 4 5 2 0 4 6 2 6
M455 4 4 5 5 5 5 3 4 4 6 2 2 4 6 4 4
M459 4 5 2 5 12 13 4 5 5 6 2 2 4 5 3 3
M465 4 5 1 5 0 5 4 8 5 5 2 0 4 4 4 4
M466 4 5 5 5 12 12 3 4 4 6 2 4 2 4 2 3
M467 0 4 2 5 12 13 4 0 4 6 2 3 4 7 4 4
M468 4 5 5 5 11 12 3 4 4 6 2 2 3 4 4 6
M469 5 5 5 7 12 12 4 4 6 6 4 4 3 6 5 8
M470 0 5 5 5 5 13 4 4 4 4 2 2 4 4 0 4
M479 1 5 5 7 5 12 3 4 4 5 2 2 2 3 2 5
M480 5 5 5 5 5 11 4 5 5 6 2 2 5 7 6 6
M482 4 5 5 5 5 5 3 4 6 0 0 4 5 5 4 5
M483 4 5 5 5 5 5 0 5 6 6 2 3 0 4 4 4
M485 5 5 2 5 5 12 4 4 4 5 2 2 7 7 4 7
M488 1 5 5 5 5 13 4 4 3 6 2 4 2 4 2 2
M490 4 5 2 5 12 13 0 4 0 7 4 5 2 4 2 4
M492 4 5 5 5 5 13 4 4 0 0 4 5 3 5 2 6
M496 1 4 3 5 5 12 0 4 6 6 3 0 4 4 2 5
M497 5 5 5 5 12 12 3 4 5 6 2 2 7 7 2 2
M500 4 5 5 5 13 13 3 4 6 11 2 2 2 6 1 6
M502 5 5 5 0 5 13 3 5 6 6 4 5 6 6 5 0
M504 4 5 5 5 12 12 3 8 5 6 2 4 4 6 5 6
M506 4 5 5 5 12 12 4 8 5 11 2 4 3 7 2 5
M507 4 5 5 7 5 12 3 7 6 7 2 4 4 4 4 8
M508 5 5 5 7 5 13 3 4 6 6 2 2 3 6 2 4
M510 4 5 0 5 12 02 3 4 5 6 4 5 5 6 4 4
M511 4 5 5 5 5 12 4 4 4 4 2 4 3 6 4 4
M513 5 5 0 8 5 12 4 4 4 5 2 2 3 0 4 4
M514 5 5 5 5 5 5 4 4 4 7 2 2 4 7 4 4
M515 5 5 5 5 0 02 3 4 5 5 2 2 2 3 4 4
M516 4 5 3 7 12 12 4 4 5 5 2 2 4 4 2 7
M517 5 5 5 5 5 12 4 7 5 7 2 2 7 7 4 6
M518 5 5 1 5 12 12 4 4 4 4 2 4 3 4 4 5
M519 4 4 5 5 5 13 4 5 6 6 2 4 2 6 2 4
M520 5 5 5 5 12 12 4 5 4 5 2 2 4 7 3 6
M521 4 5 1 2 12 12 3 4 5 6 2 4 6 7 4 4
M522 4 5 5 5 12 13 4 4 6 6 2 5 6 9 4 7
M527 0 5 5 5 5 12 4 4 4 5 2 2 0 5 4 4
M528 5 5 5 5 12 12 4 8 4 4 2 4 6 6 2 4
M529 5 5 2 5 12 12 4 4 5 6 2 2 2 5 4 4
M530 5 0 5 5 11 12 4 4 5 5 0 4 3 4 4 5
M531 4 0 5 5 5 11 8 10 4 0 2 4 4 9 5 6
M532 0 5 5 5 0 12 3 4 3 7 2 4 3 4 4 4
M535 5 5 5 5 12 13 4 5 5 5 2 2 2 4 2 4
M536 5 0 5 5 12 13 8 8 5 6 0 4 2 7 4 4
M537 4 4 2 6 10 13 3 8 5 6 2 4 3 7 2 6
M538 4 5 2 5 5 5 4 5 4 5 2 4 5 7 2 4
M539 4 5 5 5 5 5 4 4 6 8 2 4 2 7 4 6
M540 5 5 5 5 5 12 3 4 6 6 2 4 2 2 4 5
M542 5 0 0 5 12 12 4 4 5 5 1 4 2 4 2 2
M543 4 5 5 5 5 12 4 4 4 6 2 2 5 6 4 4
M544 5 5 7 7 12 12 4 4 5 6 2 2 2 6 4 8
M546 5 5 5 5 5 13 4 4 5 5 2 4 4 4 2 4
M547 1 5 5 5 13 13 4 4 5 0 2 2 4 4 4 0
M548 0 5 3 5 5 10 4 4 0 5 2 2 3 6 2 8
M550 5 5 5 5 5 5 3 4 4 5 2 2 2 6 4 4
M552 5 5 5 7 5 12 3 4 2 5 2 4 5 7 2 6
M554 5 0 5 5 5 5 0 4 5 12 2 5 2 2 4 6
M555 1 4 5 5 5 5 4 4 4 4 5 5 5 7 4 6
M556 5 5 5 5 5 13 2 4 6 6 4 4 3 9 4 4
M560 1 5 5 5 11 11 5 0 6 6 0 2 3 7 4 7
M563 5 5 5 5 5 11 4 4 5 6 2 4 2 3 2 4
M564 4 4 5 5 11 12 3 4 5 6 4 4 4 4 4 4
M565 5 5 5 5 5 13 3 4 4 5 2 4 4 4 4 4
M567 4 5 5 0 12 13 0 4 6 6 2 2 3 7 2 2
M568 5 0 2 5 5 02 3 3 4 5 2 2 3 4 2 4
M569 5 5 5 5 5 12 4 9 5 5 2 2 3 6 4 5
M570 5 5 5 5 12 12 4 4 3 3 2 5 4 7 1 4
M573 4 5 5 5 11 12 4 8 4 4 4 5 3 3 2 4
M574 5 5 5 5 5 5 4 5 5 7 4 4 2 3 2 4
M575 5 5 5 5 12 12 4 7 5 6 2 4 4 4 2 2
M577 4 5 5 5 11 13 3 3 5 5 4 4 3 5 3 4
M578 1 5 5 5 5 14 3 4 6 6 4 4 3 7 2 4
M579 4 5 5 7 12 13 3 4 4 7 2 4 4 5 2 8
M584 4 5 3 5 5 5 3 3 6 6 2 0 4 7 4 0
M586 2 4 5 5 5 11 3 8 5 6 2 4 7 7 4 4
M589 5 5 0 5 12 13 4 4 5 5 2 0 3 11 4 4
M590 4 5 2 5 11 13 5 8 4 4 2 4 0 0 2 2
M591 4 5 5 5 03 13 4 4 6 10 2 4 2 3 2 0
M592 4 5 2 5 13 13 3 7 5 6 2 4 3 5 6 7
M593 4 5 5 5 5 0 3 3 4 5 0 4 6 8 4 5
M595 5 5 5 5 12 12 4 4 5 5 2 2 0 4 2 0
M597 4 0 5 5 5 11 8 8 4 5 4 0 4 4 4 4
M600 5 8 0 3 5 02 5 5 4 6 2 4 5 6 4 4
M603 5 5 5 5 5 11 4 4 5 6 2 2 3 6 4 6
M604 5 5 5 5 4 12 4 4 5 8 2 5 2 6 4 5
M605 4 5 2 2 5 5 3 5 4 6 2 4 3 6 4 4
M606 5 5 5 5 5 13 4 0 4 9 2 0 6 6 4 5
M607 5 5 5 7 5 12 4 4 4 5 2 3 6 7 4 4
M608 5 5 5 5 5 5 5 8 6 6 2 2 3 4 4 4
M609 4 0 5 5 12 13 3 4 5 5 2 2 0 7 4 8
M611 4 4 1 5 13 13 2 4 6 6 2 4 2 6 2 3
M613 5 5 5 6 5 13 4 5 6 6 2 4 0 4 2 0
M614 5 5 2 5 13 13 5 5 5 6 2 5 4 5 4 7
M619 1 5 5 5 12 13 4 4 4 6 4 4 6 9 2 4
M622 4 5 2 7 12 12 4 5 6 6 2 2 3 4 4 7
M623 5 5 2 2 12 02 0 4 5 6 3 4 4 9 4 8
M625 5 5 3 5 5 12 3 4 5 6 2 4 2 3 5 6
M627 0 5 5 7 0 12 4 4 4 5 2 4 4 5 4 7
M629 5 9 5 5 5 12 4 5 4 5 2 2 6 7 2 4
M630 5 5 0 5 0 13 4 4 5 12 2 2 2 4 4 5
M638 4 5 0 7 11 12 0 4 5 6 2 2 3 9 4 4
M639 4 5 3 5 5 11 4 5 5 6 2 4 4 4 2 4
M642 4 5 5 5 11 12 4 5 5 6 4 4 4 7 2 2
M644 5 5 5 5 5 5 4 4 5 5 2 2 3 6 2 4
M645 4 5 0 5 5 12 3 0 4 5 2 3 2 7 2 2
M646 5 5 5 0 12 02 3 8 11 11 2 4 2 2 2 4
M647 5 5 2 5 12 13 0 4 5 5 4 4 2 4 0 5
M648 4 0 5 5 12 13 3 4 0 10 4 5 7 7 5 6
M650 4 5 2 5 13 13 4 4 4 10 2 2 4 6 2 4
M651 5 5 5 5 5 12 3 4 5 6 2 2 6 7 4 4
M653 0 0 7 7 12 12 7 8 4 5 4 4 3 4 2 2
M655 0 5 0 7 11 13 4 4 5 6 2 4 2 4 2 4
M656 4 5 5 5 11 13 8 8 5 5 5 5 4 6 4 4
M658 5 5 5 5 12 13 5 7 4 6 2 2 4 6 2 4
M659 4 5 0 5 5 12 3 4 5 6 2 2 3 4 4 0
M660 5 5 5 5 02 13 0 5 5 6 2 2 4 6 4 6
M663 4 4 5 5 12 12 4 4 6 6 2 3 2 6 2 4
M665 4 5 5 5 5 12 3 4 5 11 2 2 3 4 4 6
M669 5 5 5 5 12 13 3 4 6 6 2 4 3 4 2 2
M670 5 5 1 5 5 01 3 8 0 5 2 2 2 6 2 6
M672 4 5 5 5 5 12 3 4 4 5 2 2 2 9 0 0
M673 4 5 3 5 5 11 4 4 6 6 2 4 2 6 2 2
M678 4 5 5 5 11 12 3 5 4 10 2 2 4 5 6 6
M679 0 5 5 5 5 13 3 4 4 4 2 4 0 9 2 4
M680 5 5 5 5 5 12 4 8 5 6 2 5 4 6 2 4
M682 5 5 5 5 5 12 3 5 5 6 2 2 3 3 0 0
M683 5 5 5 5 12 13 4 7 4 5 2 2 4 6 4 5
M686 4 5 5 5 02 13 3 0 4 5 2 2 2 6 4 6
M688 5 5 5 5 5 12 4 8 5 5 0 2 2 7 4 0
M689 4 4 5 5 02 12 3 4 7 9 4 4 7 0 4 6
M690 5 5 3 0 5 12 4 0 5 12 2 2 6 6 2 2
M692 5 5 0 5 11 13 5 7 4 9 0 2 4 4 4 4
M695 4 9 5 5 11 12 4 4 5 5 2 2 2 9 4 4
M697 4 5 4 5 11 12 3 3 5 9 2 2 5 6 4 4
M700 5 5 4 5 12 12 4 7 5 5 2 2 3 4 2 2
M702 4 5 5 5 5 12 4 4 4 5 2 2 4 6 2 4
M705 3 5 5 5 12 13 4 5 4 5 2 0 5 6 4 0
M706 1 4 5 5 12 12 4 4 3 6 2 2 5 6 2 6
M708 5 5 5 5 12 13 4 4 4 4 2 2 3 6 2 2
M710 4 5 3 5 11 12 4 4 6 6 2 4 3 4 3 5
M712 5 5 2 5 5 5 4 4 5 6 2 2 4 4 4 5
M714 5 5 5 5 5 13 4 4 5 6 2 4 4 4 2 4
M715 5 5 5 5 5 14 4 4 5 6 2 2 2 5 2 6
M716 4 5 5 5 11 13 3 4 4 6 2 4 6 6 2 4
M718 4 5 5 5 5 5 0 0 5 6 2 4 7 9 2 6
M719 4 5 5 5 11 12 4 4 5 6 2 2 3 6 6 7
M720 4 5 5 5 12 12 4 4 4 6 2 3 5 6 5 5
M724 5 5 5 5 12 12 3 4 4 6 4 5 6 7 2 7
M725 4 5 2 0 5 5 0 4 6 6 2 4 2 6 4 5
M727 5 5 1 5 12 12 4 8 5 6 2 4 3 3 2 4
M728 4 5 5 5 0 12 3 3 4 0 2 4 4 6 2 6
M731 5 5 5 5 12 13 3 8 5 6 2 2 6 7 4 4
M732 4 0 5 5 12 14 3 8 0 5 2 4 2 4 2 4
M733 5 5 5 5 12 13 4 4 3 5 2 2 4 7 4 4
M734 4 5 5 8 5 5 3 3 4 6 2 2 4 5 2 3
M737 5 5 2 5 5 12 4 5 5 6 2 2 3 7 3 4
M738 5 5 2 5 12 13 3 4 4 4 2 2 2 5 2 4
M740 5 5 5 5 5 13 4 4 4 5 4 4 5 6 4 5
M741 5 5 5 5 11 12 4 4 5 6 4 4 4 5 4 5
M745 4 4 5 7 5 5 4 0 6 6 0 5 7 7 2 4
M746 5 5 5 7 0 5 4 4 6 01 2 4 4 4 4 4
M747 4 5 2 5 13 13 3 4 4 6 2 4 3 5 2 5
M750 5 0 5 5 12 13 4 5 0 5 2 4 2 9 2 6
M751 4 5 5 5 5 12 4 5 2 5 4 4 3 4 4 8
M752 4 5 5 5 5 5 4 8 0 6 2 4 3 0 4 4
M753 5 5 5 7 12 12 2 2 6 6 2 2 3 6 4 4
M754 4 5 5 5 5 12 3 0 6 6 2 2 0 6 4 5
M755 4 4 1 2 02 13 3 7 4 5 2 0 4 5 4 6
M756 5 0 5 7 12 12 5 7 4 5 2 0 3 5 4 5
M757 4 5 5 5 5 02 4 8 4 4 2 2 3 0 4 5
M758 5 5 5 7 12 12 4 4 5 5 2 2 3 9 2 4
M759 5 5 1 5 5 13 2 4 5 5 2 2 3 4 2 3
M761 5 5 0 5 5 5 3 4 0 5 2 5 3 3 4 4
M763 4 5 5 5 11 13 4 4 6 6 2 2 5 6 2 2
M767 5 5 2 0 5 13 4 4 3 5 2 4 6 7 5 0
M771 5 5 5 7 5 12 3 4 6 6 2 4 4 4 2 4
M772 5 5 3 5 12 12 4 4 4 4 2 4 6 7 2 4
M774 1 5 5 5 5 5 3 4 6 6 2 2 4 5 4 4
M775 4 5 5 5 5 5 3 5 5 6 2 4 3 4 4 4
M776 5 5 5 5 12 12 4 4 5 6 0 2 0 7 5 8
M777 4 5 5 5 12 13 0 8 4 0 2 4 4 4 2 6
M779 0 5 5 5 0 11 3 4 5 5 2 4 6 9 2 4
M784 5 5 5 5 5 02 4 4 4 6 0 4 4 6 2 4
M785 5 5 2 5 5 12 4 5 5 6 2 2 3 4 2 4
M787 5 5 5 5 5 12 4 7 6 6 2 4 7 9 6 6
M789 4 4 5 5 11 11 4 4 6 6 2 4 3 3 2 4
M791 5 5 2 5 5 5 3 3 5 5 2 4 4 6 2 4
M793 4 5 5 5 5 13 3 4 5 6 5 5 3 5 2 2
M794 0 4 5 5 5 12 4 5 4 6 4 0 2 2 2 8
M797 4 5 5 5 5 12 4 8 5 6 2 2 2 3 6 7
M798 5 5 5 5 5 12 3 7 6 7 2 2 3 4 4 4
M799 4 4 2 5 5 11 3 3 4 4 2 2 2 6 3 3
M800 4 5 5 5 12 13 3 4 4 6 2 4 2 3 5 6
M801 1 5 5 0 5 12 3 4 4 5 2 4 2 0 2 4
M802 0 5 5 5 12 14 3 0 5 5 2 4 3 7 4 4
M803 4 5 3 5 5 11 4 4 5 5 2 2 2 7 4 4
M808 5 5 2 5 5 5 3 4 4 5 2 2 3 4 1 5
M810 1 5 5 5 5 11 4 4 5 6 4 4 4 5 4 4
M811 1 5 5 5 5 12 0 4 0 6 2 4 7 7 4 4
M812 4 4 2 5 11 13 3 3 4 5 2 2 2 3 4 4
M813 4 5 5 5 5 11 3 7 4 5 2 4 0 0 2 2
M814 5 5 5 5 12 13 3 4 5 6 2 2 4 9 2 2
M815 0 4 7 7 11 12 4 4 4 6 1 0 4 5 4 8
M818 5 5 5 5 5 11 4 4 6 6 2 2 3 6 4 8
M819 4 0 5 5 5 12 4 4 6 6 2 2 0 7 2 4
M821 1 5 5 7 12 12 4 4 4 6 4 4 6 6 2 7
M824 5 0 2 5 5 12 4 4 5 6 2 4 2 3 2 0
M825 5 5 5 5 12 13 4 4 5 6 2 2 6 6 4 4
M829 5 5 2 5 0 14 4 8 3 4 2 4 7 7 2 0
M835 4 5 5 5 11 11 4 4 5 6 2 2 4 4 4 5
M837 4 5 5 7 12 13 3 7 5 5 2 4 4 7 2 5
M840 5 5 3 0 12 12 3 8 3 0 2 4 3 4 4 4
M841 5 5 5 0 12 12 4 4 0 5 4 5 2 6 4 4
M842 1 5 5 5 12 13 4 4 6 7 2 3 4 4 2 4
M845 4 5 5 0 13 14 3 9 4 6 0 4 2 4 2 6
M846 5 5 5 5 11 12 3 4 4 5 2 2 3 4 5 6
M847 5 5 5 5 5 12 4 4 4 4 2 4 4 6 2 2
M851 4 5 5 0 5 12 3 0 6 7 2 2 3 3 2 7
M853 5 5 1 5 11 11 4 4 5 5 2 2 3 4 4 4
M854 5 5 5 5 5 12 3 4 4 6 2 4 6 9 2 4
M855 5 5 2 5 13 13 3 4 6 6 2 2 3 6 2 2
M857 4 5 5 5 01 12 3 8 5 6 2 0 2 6 4 4
M858 4 5 1 5 5 13 3 4 5 6 2 2 7 7 2 4
M859 5 5 3 5 12 12 4 4 0 6 2 4 0 3 4 5
M860 4 4 3 5 5 12 4 4 5 6 2 2 4 4 4 5
M861 4 4 0 5 12 13 4 4 3 3 0 4 4 4 6 6
M862 5 5 5 0 11 13 4 0 4 7 4 4 3 4 2 5
M866 1 5 5 5 5 12 4 5 4 4 0 3 0 7 2 2
M867 5 5 3 5 5 5 4 4 5 5 4 4 3 3 2 2
M870 5 5 5 5 12 12 4 4 5 11 2 4 2 11 2 4
M871 5 5 2 5 11 12 3 4 4 6 2 2 3 6 4 4
M872 5 5 5 5 5 12 3 3 5 6 2 2 2 6 4 6
M875 5 5 2 5 5 12 4 5 3 4 4 5 5 6 2 6
M876 5 5 5 5 12 12 4 4 5 5 2 4 4 6 2 2
M877 5 5 0 5 5 13 4 4 5 6 0 2 3 5 4 5
M878 5 5 5 5 02 02 4 4 5 6 2 4 4 9 4 6
M879 5 5 2 5 5 12 3 4 5 6 4 4 2 4 2 4
M880 4 5 2 5 12 12 5 8 5 6 2 4 3 4 4 4
M882 4 4 5 5 11 12 4 4 5 5 2 2 2 4 2 4
M883 4 5 5 7 5 5 7 7 6 6 2 4 2 3 2 2
M884 5 5 5 0 5 5 3 3 5 5 0 4 5 6 2 5
M890 4 5 2 5 5 13 4 4 4 4 2 4 2 4 4 4
M899 4 5 2 7 12 12 5 8 4 5 2 2 3 6 5 5
M900 4 5 5 7 5 12 4 7 6 7 4 4 2 2 2 4
M902 4 0 5 5 5 12 4 4 5 7 0 4 1 7 2 4
M903 4 5 2 5 5 5 3 4 4 4 2 4 3 6 2 5
M904 5 5 2 5 5 13 3 4 5 5 3 4 2 3 2 4
M906 4 5 5 6 12 12 5 7 5 5 2 2 6 7 2 4
M909 4 4 2 5 13 13 3 3 6 6 2 4 5 6 4 6
M914 5 5 5 5 12 12 3 0 5 5 0 4 3 6 4 4
M917 5 5 5 5 12 14 4 4 5 5 2 4 5 5 4 6
M919 4 5 5 5 11 12 5 8 4 7 2 4 4 4 4 4
M924 5 5 5 0 5 12 4 4 7 7 2 4 4 0 2 4
M925 5 5 5 5 12 14 4 8 6 6 4 4 4 6 4 4
M928 4 4 5 7 5 5 5 8 5 6 1 5 4 6 5 5
M930 4 5 5 6 12 12 3 3 4 6 2 2 4 4 4 4
M931 1 5 5 7 5 5 3 4 5 6 2 2 5 7 4 6
M932 4 5 5 5 0 5 4 4 5 5 4 4 4 0 2 5
M936 1 5 5 5 11 12 3 3 5 6 2 2 2 2 2 4
M938 5 5 2 5 02 12 0 8 4 5 2 2 5 7 2 4
M940 4 4 5 5 03 13 4 4 6 8 2 4 4 7 0 4
M941 5 5 5 5 5 12 3 4 5 6 2 2 9 9 4 4
M942 5 5 2 5 5 12 4 5 4 11 2 2 3 6 5 6
M945 4 4 5 5 12 13 4 5 6 11 2 4 4 7 2 4
M946 5 5 5 5 00 12 4 8 0 11 2 2 2 6 4 4
M948 5 5 5 5 5 11 4 4 4 6 4 4 4 7 2 2
M950 5 5 3 5 12 12 3 7 6 6 2 4 5 6 1 2
M951 5 0 5 5 5 12 0 4 3 4 4 5 3 6 4 4
M952 4 5 5 5 12 12 4 8 5 0 0 4 3 4 2 4
M955 4 5 5 0 5 12 3 4 4 7 2 2 4 9 2 0
M956 5 5 5 5 5 10 3 0 0 6 2 4 2 5 4 4
M957 4 4 0 5 5 12 3 4 4 6 4 5 0 5 2 4
M962 5 5 5 5 11 11 4 4 4 5 2 2 2 4 4 4
M969 5 5 5 0 12 12 3 0 5 6 2 4 4 7 2 4
M970 4 4 5 5 12 12 4 4 4 5 2 2 6 6 2 2
M972 5 5 5 6 5 12 7 8 4 5 2 4 4 6 2 7
M975 4 5 2 0 5 12 1 0 5 5 2 2 7 7 4 4
M976 5 0 3 7 5 13 4 0 5 5 2 2 5 5 2 2
M980 4 4 5 5 5 12 7 7 4 6 2 4 3 5 3 4
M982 5 5 5 5 5 12 4 4 4 5 4 4 4 6 2 4
M984 5 5 5 5 12 12 4 8 5 6 2 2 5 7 4 4
M985 5 5 5 5 11 12 3 4 5 6 3 4 5 7 2 4
M988 5 5 2 7 5 03 3 4 5 10 2 0 3 4 4 8
M990 4 5 5 5 5 12 4 7 6 6 2 2 4 6 4 5
M991 5 5 5 5 5 13 4 4 5 6 2 2 3 5 2 5
M993 0 5 5 6 5 13 3 4 5 6 2 0 3 3 2 4
M994 1 4 5 5 5 11 4 5 6 7 2 4 2 4 4 4
M996 5 7 5 5 12 12 4 6 4 5 1 2 2 3 2 6
M997 5 5 3 5 11 13 4 4 4 6 2 2 2 3 2 5
M998 5 5 3 5 12 12 4 4 5 5 4 4 3 4 4 4
M1001 5 5 2 0 5 5 2 4 5 0 2 2 2 6 4 4
M1003 4 5 5 5 5 5 3 4 4 5 2 5 3 4 2 2
M1004 4 9 5 5 12 12 3 4 4 5 2 2 2 7 2 4
M1005 5 5 2 5 11 11 3 8 3 5 2 4 4 4 2 5
M1006 1 1 5 7 5 12 4 4 5 6 2 2 4 5 4 4
M1007 5 5 5 5 5 12 4 4 3 5 2 2 3 4 2 6
M1008 5 5 5 5 5 11 3 4 4 6 2 2 3 5 2 4
M1009 0 5 0 5 5 5 4 7 5 6 2 4 4 6 2 4
M1011 4 5 5 5 5 5 3 7 5 6 2 4 3 4 4 6
M1012 4 5 5 5 12 13 4 4 5 6 2 5 3 3 4 5
M1017 5 5 5 5 5 5 4 4 4 6 2 2 1 3 6 6
M1019 5 5 5 5 12 12 3 0 4 11 2 4 2 3 0 4
M1020 5 5 5 7 12 12 3 4 5 6 2 4 6 6 2 5
M1023 5 5 5 5 5 14 3 4 5 7 2 2 3 7 2 5
M1024 5 0 5 5 5 11 4 4 0 6 4 4 2 6 2 2
M1026 4 5 5 5 11 12 4 4 6 0 0 2 2 4 4 4
M1027 5 5 5 5 0 12 3 5 4 5 2 2 3 0 4 6
M1028 4 5 5 7 5 12 4 4 4 11 2 4 2 4 4 6
M1030 4 5 5 5 5 12 3 4 5 6 2 2 2 3 2 4
M1031 4 5 2 5 01 12 0 5 4 6 4 4 2 3 2 2
M1032 5 5 0 7 5 02 3 4 4 5 2 4 5 6 4 6
M1033 4 5 5 5 12 12 4 5 4 5 2 4 4 4 4 6
M1034 5 5 3 5 12 13 4 4 5 6 4 4 2 3 2 5
M1035 5 5 5 5 2 14 4 5 4 5 2 2 0 5 2 0
M1037 5 5 5 5 5 15 3 4 4 5 2 4 5 7 4 5
M1039 4 5 5 6 5 13 4 8 5 5 1 2 3 6 2 5
M1040 5 5 2 5 12 13 3 4 0 6 2 4 4 4 6 0
M1042 5 5 5 5 12 13 4 4 4 6 4 4 6 6 4 4
M1044 5 5 5 5 12 12 3 3 6 6 2 4 6 7 3 4
M1046 4 5 5 5 5 13 4 8 4 6 4 4 5 6 4 4
M1051 4 5 5 7 5 10 4 4 5 5 2 4 5 6 2 4
M1052 5 5 5 5 12 12 0 8 6 0 2 2 3 6 4 4
M1054 5 5 3 5 5 11 3 8 4 6 2 4 3 6 2 2
M1056 5 0 5 5 5 13 4 5 4 5 3 5 0 7 2 4
M1057 5 5 5 5 5 02 4 4 4 6 2 4 5 7 4 0
M1058 4 5 5 5 12 13 3 4 6 6 4 4 4 6 2 8
M1059 4 5 5 5 5 5 5 5 5 5 2 2 4 6 2 2
M1060 5 0 5 5 5 5 3 4 6 6 0 4 4 6 2 4
M1063 5 5 5 7 5 12 0 4 0 6 4 5 6 6 4 8
M1065 5 5 5 5 5 12 4 5 6 6 0 2 3 0 4 4
M1066 4 5 2 5 5 12 4 8 5 5 2 2 4 6 2 4
M1067 4 5 5 5 5 12 4 4 4 5 2 4 5 6 2 4
M1068 5 5 5 5 5 5 3 4 6 10 2 2 4 4 4 4
M1069 5 5 2 2 11 12 3 3 5 5 3 4 3 7 2 6
M1070 4 5 5 5 5 0 3 5 5 6 2 2 0 5 5 5
M1071 5 5 5 5 00 12 3 4 5 5 2 2 3 5 0 8
M1072 5 5 5 5 5 11 4 0 4 0 4 5 2 9 4 4
M1074 4 4 5 5 5 5 5 8 5 5 2 2 3 3 2 4
M1077 5 5 5 5 5 11 0 5 0 7 2 2 3 10 4 5
M1079 5 5 5 5 5 5 3 4 5 5 4 4 4 6 2 4
M1081 5 5 5 6 11 14 3 4 6 6 2 2 2 6 4 6
M1082 5 5 5 7 0 11 3 4 7 10 0 4 2 7 4 5
M1085 5 5 5 6 02 12 4 4 3 5 2 0 4 4 2 2
M1086 5 5 5 5 5 12 8 8 5 6 4 5 5 6 2 4
M1087 5 5 2 5 11 12 3 4 5 6 2 2 3 5 2 4
M1089 5 5 5 5 10 11 4 5 4 6 2 2 4 7 4 6
M1091 4 5 5 5 5 6 3 4 6 7 2 5 2 7 2 8
M1092 5 5 2 5 5 13 3 4 4 6 2 2 3 7 6 6
M1093 5 5 5 5 5 13 4 4 5 6 2 4 2 3 4 4
M1094 5 5 5 0 11 13 3 3 4 5 2 4 3 3 4 0
M1095 4 5 5 5 5 13 3 4 5 5 2 2 3 7 2 2
M1096 4 5 5 7 12 12 4 4 5 6 2 4 2 5 2 7
M1099 5 5 5 7 5 12 0 0 5 6 2 2 2 5 4 4
M1101 5 5 5 7 12 12 4 4 4 5 2 2 3 6 5 6
M1102 4 5 2 5 5 12 3 4 5 6 2 2 0 3 0 4
M1103 4 5 5 5 5 13 0 4 4 6 2 2 3 4 2 0
M1105 4 5 2 5 12 13 3 4 5 5 2 2 2 5 2 2
M1107 5 5 7 7 12 12 4 4 5 6 2 2 3 4 2 4
M1109 4 4 5 7 5 12 4 4 6 10 2 2 3 4 4 8
M1111 5 5 5 5 11 11 3 5 4 10 2 4 3 4 4 4
M1112 1 5 5 5 10 12 4 4 3 6 2 3 3 6 2 4
M1114 4 5 7 7 10 12 4 5 4 5 0 4 2 0 4 5
M1115 2 5 5 5 11 12 4 4 4 6 2 2 4 5 2 6
M1116 5 5 5 5 5 12 3 4 4 5 4 4 4 4 4 4
M1121 4 0 2 5 5 5 3 4 4 6 2 5 4 7 4 0
M1123 4 5 3 5 12 12 5 5 5 5 2 2 3 4 2 4
M1124 4 5 2 2 11 12 4 8 4 6 2 2 2 11 5 5
M1125 2 5 0 5 11 11 4 4 6 6 0 5 3 6 2 4
M1126 4 5 5 5 12 12 3 4 5 6 2 4 7 7 2 4
M1127 5 5 0 5 12 12 4 4 6 6 2 2 6 6 2 0
M1130 5 5 5 5 5 5 4 8 4 6 2 3 2 6 2 4
M1131 5 5 3 7 12 13 4 8 4 5 2 5 5 9 4 4
M1134 5 5 3 5 5 14 4 7 5 5 2 5 0 0 4 4
M1135 5 5 5 5 5 5 3 4 5 6 4 4 4 6 2 2
M1136 1 5 2 5 5 5 4 4 4 4 2 4 3 8 3 4
M1138 4 5 5 5 11 12 4 0 6 6 2 2 2 6 0 5
M1140 5 5 5 5 11 13 4 8 5 7 0 2 2 4 4 0
M1143 5 5 2 5 12 13 4 5 5 6 2 2 2 7 4 4
M1148 4 4 0 5 12 12 5 8 3 3 3 4 0 9 4 5
M1151 5 5 5 5 5 12 3 4 0 0 2 2 3 4 4 4
M1152 5 5 5 5 5 02 0 4 6 7 1 4 4 4 2 7
M1156 4 0 2 5 12 12 4 4 5 6 2 4 0 7 2 6
M1159 5 5 5 5 12 13 4 0 4 6 0 4 9 9 4 5
M1160 4 5 1 5 5 13 4 4 4 5 1 2 2 6 2 4
M1161 5 5 5 7 11 12 3 8 6 6 4 4 3 6 2 4
M1163 5 5 5 5 5 11 4 4 6 6 2 2 3 3 4 4
M1164 5 5 1 5 12 12 3 4 4 6 2 4 2 4 4 4
M1166 4 5 3 5 11 12 3 5 5 6 2 2 4 5 4 6
M1167 4 4 5 7 11 12 4 8 5 5 4 4 6 6 1 4
M1168 5 5 5 7 5 12 4 4 4 6 2 2 3 5 2 2
M1169 5 5 5 5 12 02 3 4 11 01 2 2 6 6 4 5
M1170 5 5 2 5 11 02 7 8 0 6 2 4 2 5 2 5
M1171 5 5 5 5 5 5 3 3 5 11 1 1 3 3 4 4
M1172 5 5 5 5 5 12 4 4 5 5 2 4 2 3 2 5
M1174 5 5 5 5 12 12 4 7 6 7 2 2 2 5 4 4
M1178 4 5 5 5 5 13 5 5 4 10 2 4 2 3 2 4
M1180 4 5 5 5 5 13 4 4 4 5 4 4 6 7 2 4
M1181 5 5 5 5 5 13 4 4 4 5 2 4 3 5 4 6
M1182 0 5 5 5 5 13 4 5 5 5 2 4 0 6 2 4
M1186 1 5 2 5 5 5 3 4 6 6 4 4 2 4 4 6
M1187 4 5 5 5 5 11 4 5 6 6 2 2 4 7 4 4
M1189 5 5 5 5 5 12 4 4 5 6 4 4 4 6 2 4
M1190 5 9 0 5 5 5 4 4 4 6 2 4 7 7 0 4
M1191 4 4 5 5 02 13 3 4 0 4 2 2 3 4 4 4
M1192 1 5 5 5 10 12 4 8 6 6 2 2 6 6 2 4
M1194 5 5 2 5 5 13 5 5 5 6 2 2 6 7 2 4
M1195 4 4 5 5 12 14 4 7 5 0 2 4 0 3 2 5
M1196 5 5 5 5 12 13 3 4 5 6 3 4 3 6 3 4
M1198 4 4 5 5 13 13 4 4 5 5 2 4 4 5 4 5
M1199 4 5 5 5 5 12 3 5 4 5 2 2 5 6 4 4
M1200 5 5 0 7 12 12 3 0 5 6 2 2 7 9 4 4
M1201 4 5 4 7 5 12 3 4 6 6 1 2 3 6 2 4
M1203 5 5 5 5 5 12 3 9 6 6 2 4 3 4 2 4
M1204 5 5 2 5 11 12 3 5 6 6 2 4 2 4 6 6
M1206 5 5 5 5 5 12 3 7 4 4 4 4 2 6 5 7
M1207 1 5 2 7 5 12 4 8 5 10 2 2 6 7 2 2
M1208 4 0 5 5 12 13 3 8 6 6 4 6 3 4 4 0
M1209 5 5 5 5 5 14 3 4 4 5 2 7 2 5 1 4
M1210 4 5 5 5 5 12 4 7 5 6 2 4 4 5 2 6
M1214 1 7 5 5 5 12 3 8 5 5 2 2 3 4 6 6
M1215 5 5 5 5 5 13 5 5 4 6 0 4 0 6 4 5
M1219 4 4 3 5 5 5 4 4 6 6 2 5 6 9 6 6
M1220 5 5 5 5 5 12 4 4 4 6 2 2 2 9 2 2
M1221 5 5 5 5 5 12 4 5 5 5 4 4 2 6 4 6
M1222 5 5 5 5 12 03 3 3 5 5 2 0 3 7 2 5
M1223 5 5 3 5 11 12 4 4 4 0 2 4 6 6 6 0
M1224 4 5 5 5 02 13 5 8 4 11 0 2 4 9 4 6
M1227 4 5 5 5 5 13 4 4 4 5 2 4 3 7 2 2
M1229 4 5 5 5 11 12 3 4 4 6 2 2 4 6 4 8
M1231 4 5 5 5 11 13 8 8 5 5 2 2 3 3 4 4
M1233 5 5 3 0 12 12 4 4 5 6 2 2 0 6 2 7
M1234 5 5 5 5 5 12 4 8 6 0 3 0 4 6 2 2
M1235 0 5 5 5 5 11 3 5 6 0 2 2 6 6 4 4
M1236 4 5 5 5 12 04 4 4 4 5 4 5 4 0 2 4
M1237 3 0 5 5 5 03 4 4 4 4 2 2 3 6 2 4
M1238 4 5 5 7 10 13 4 5 5 5 2 2 6 7 4 4
M1241 5 5 5 5 5 12 4 4 4 4 2 2 1 3 2 2
M1242 4 0 0 5 12 13 3 4 5 7 4 4 5 6 2 4
M1245 1 5 1 1 11 12 4 4 5 5 4 4 2 7 4 5
M1246 5 5 5 5 5 13 4 4 5 5 0 2 2 5 4 0
M1248 4 9 4 5 11 13 3 4 5 5 2 4 4 5 2 2
M1251 5 5 5 5 5 13 3 4 5 6 2 4 3 4 5 5
M1252 5 0 5 5 5 12 3 4 4 5 2 2 0 5 4 4
M1253 5 5 2 5 0 11 4 4 5 5 2 2 6 6 5 0
M1254 0 5 5 5 11 13 4 0 4 5 2 4 2 2 4 4
M1256 4 5 5 7 5 5 3 4 4 6 2 5 4 5 4 8
M1258 1 5 5 5 11 12 4 5 4 6 2 2 3 6 2 2
M1261 5 5 5 5 5 12 4 8 5 6 2 4 4 6 2 2
M1262 1 5 5 5 12 13 5 5 4 5 5 5 6 6 2 4
M1263 4 5 5 5 02 13 4 9 5 5 2 4 4 4 4 0
M1266 5 0 2 5 5 13 0 4 6 6 1 2 3 3 6 8
M1268 4 5 5 5 11 13 4 5 5 6 2 4 6 6 2 5
M1269 5 5 5 5 11 12 4 4 4 6 2 4 0 0 2 4
M1270 4 5 5 5 12 13 5 5 5 6 2 2 3 0 4 0
M1271 4 5 5 7 01 13 3 0 5 6 2 2 3 6 4 5
M1272 4 4 5 7 5 13 3 4 4 6 2 2 6 7 2 4
M1274 1 4 5 5 5 14 4 4 4 6 2 2 5 6 4 4
M1276 5 5 2 5 5 13 3 8 6 6 2 4 3 6 4 6
M1280 1 5 0 5 5 12 4 4 5 0 2 4 2 6 2 4
M1281 1 7 5 5 5 5 4 4 0 5 2 4 6 7 2 0
M1282 4 8 5 5 5 02 4 4 5 7 2 2 5 0 2 5
M1283 5 5 5 5 13 13 3 4 0 6 0 4 4 5 4 6
M1286 5 5 1 5 12 12 4 4 5 6 2 2 3 6 2 2
M1290 4 5 5 5 5 03 3 4 5 6 2 2 4 6 5 0
M1291 5 5 0 5 13 13 4 4 5 5 2 4 3 4 0 5
M1293 4 5 2 5 12 12 3 3 4 6 2 4 4 4 2 2
M1297 0 5 3 5 12 12 3 4 6 7 2 2 7 9 4 0
M1298 5 5 5 5 12 13 4 4 6 6 2 2 5 7 4 6
M1302 4 4 5 5 12 12 4 7 4 5 2 4 5 7 4 5
M1305 4 4 5 6 5 12 4 4 4 6 2 2 2 3 2 4
M1307 4 5 5 5 12 12 4 4 5 6 2 2 3 7 2 3
M1311 0 5 2 5 11 11 3 3 6 6 0 2 3 6 2 6
M1313 4 4 5 5 13 13 4 4 4 4 2 2 2 5 2 2
M1314 5 5 5 5 5 11 4 4 4 5 2 4 6 6 2 2
M1315 5 5 5 5 5 5 3 3 5 5 2 2 4 6 2 2
M1318 5 5 0 5 12 12 4 4 4 6 0 2 2 7 2 2
M1319 1 5 5 5 5 12 4 4 5 5 2 4 2 2 2 4
M1320 4 5 5 5 5 11 3 4 4 5 2 2 4 6 4 4
M1321 4 5 5 6 5 11 4 4 4 5 2 2 2 4 5 6
M1322 4 0 0 5 11 12 4 4 4 5 2 2 3 6 4 4
M1323 4 0 5 5 11 02 4 7 5 6 2 4 3 4 4 6
M1324 4 5 5 5 5 5 4 4 4 4 2 4 2 6 4 6
M1327 4 5 2 5 12 12 3 8 5 5 2 4 3 6 2 4
M1328 4 5 3 3 5 02 4 4 6 6 2 2 2 5 0 4
M1329 5 5 5 7 5 11 3 5 6 6 2 5 2 3 4 4
M1332 5 9 5 0 02 13 3 5 6 6 2 4 2 5 4 5
M1333 5 5 5 5 12 13 3 8 6 6 4 4 3 6 4 4
M1334 5 5 5 5 5 12 3 4 4 6 2 2 4 4 2 2
M1335 5 5 1 5 5 5 4 5 5 6 4 4 7 7 2 2
M1338 5 8 5 7 5 12 3 3 5 6 0 2 0 6 4 4
M1339 5 5 5 5 13 13 4 5 5 6 2 2 2 3 2 4
M1341 5 5 5 5 5 5 4 7 6 7 2 2 3 4 3 5
M1342 4 5 5 5 12 13 4 4 4 6 2 2 3 0 2 0
M1343 4 5 5 5 5 13 3 4 5 6 2 2 4 7 2 4
M1344 5 5 5 5 12 12 4 4 4 7 2 4 3 7 2 2
M1347 5 5 3 5 12 12 3 3 5 6 2 2 5 7 2 2
M1348 4 5 5 5 0 11 3 4 5 6 0 4 4 5 2 4
M1349 5 5 5 5 4 12 8 8 5 6 2 5 3 6 2 3
M1350 4 5 5 7 5 5 3 4 4 5 2 2 3 6 2 2
M1353 4 5 5 5 12 13 4 4 5 5 2 4 4 6 4 8
M1354 5 5 2 5 5 12 4 4 4 11 2 4 4 7 2 6
M1357 4 5 5 5 5 13 4 4 5 5 2 2 4 6 4 4
M1358 5 5 5 5 5 5 0 8 6 6 2 0 6 7 4 5
M1359 5 5 5 7 5 11 3 3 4 4 2 2 2 4 2 5
M1360 5 5 5 0 12 12 0 5 4 5 2 4 4 6 2 4
M1361 5 5 5 5 5 14 4 4 4 5 2 3 3 6 0 0
M1364 4 4 3 5 12 13 4 4 0 6 2 2 6 0 2 4
M1366 5 5 5 5 0 0 4 4 5 7 2 5 6 6 2 6
M1367 1 5 5 5 5 13 4 0 3 0 2 2 4 6 4 4
M1369 4 5 5 5 5 12 3 4 6 7 2 4 3 4 2 4
M1370 5 5 5 5 12 12 4 8 4 6 0 0 6 6 4 6
M1371 5 5 5 5 5 12 3 5 11 11 2 2 2 11 2 4
M1372 4 5 5 5 12 12 3 4 4 6 2 2 5 9 2 4
M1373 5 5 5 0 12 02 3 3 6 6 2 5 4 4 4 6
M1374 0 5 1 5 12 12 4 8 3 6 2 4 0 4 4 8
M1375 5 5 5 5 12 12 4 4 6 6 4 4 3 6 2 4
M1376 5 5 5 5 03 13 2 5 4 5 0 2 4 4 2 4
M1377 4 5 5 5 12 12 4 8 4 5 4 4 3 7 4 4
M1379 5 5 5 5 12 12 4 5 6 7 2 2 6 6 2 2
M1380 5 5 0 5 12 13 4 5 4 0 4 5 2 7 5 8
M1382 4 5 5 5 5 11 5 9 4 5 2 2 5 6 2 2
M1385 4 5 5 5 10 13 5 7 4 6 2 2 5 6 3 5
M1387 5 0 5 5 11 11 4 5 5 6 2 0 6 6 4 4
M1389 5 0 5 5 5 12 4 4 6 0 2 5 6 6 4 7
M1390 4 4 3 5 11 14 3 3 4 6 2 4 4 4 4 6
M1391 5 5 2 5 12 12 8 8 6 6 2 2 4 6 2 4
M1393 1 5 5 5 12 13 4 0 0 5 2 2 2 3 2 7
M1394 5 5 5 5 11 12 3 5 4 6 4 4 5 6 5 7
M1396 1 4 2 5 5 12 3 4 5 5 2 0 3 3 2 0
M1398 5 5 5 5 12 12 4 0 0 10 2 2 5 6 4 4
M1400 5 5 5 5 5 5 4 8 4 5 2 4 4 6 2 4
M1401 5 5 3 5 12 13 3 4 4 6 2 2 4 6 4 4
M1402 1 5 3 5 5 5 3 4 4 6 4 4 2 3 7 7
M1403 4 5 5 5 5 14 3 8 4 6 2 2 3 4 5 6
M1404 1 5 5 5 5 12 3 3 6 6 2 4 6 6 4 4
M1405 5 5 2 5 12 12 3 4 4 6 4 4 6 7 2 4
M1407 4 5 5 5 12 13 4 7 4 5 2 4 2 6 2 4
M1408 5 5 3 5 5 9 3 8 5 5 2 4 3 4 4 5
M1409 4 5 2 2 0 12 4 5 7 9 2 2 6 6 4 0
M1411 4 5 5 5 12 12 7 7 5 5 2 2 2 7 2 5
M1412 4 5 5 5 5 5 4 7 6 6 4 5 4 6 2 4
M1413 5 5 2 5 5 12 4 9 4 5 2 2 2 4 4 5
M1414 5 5 2 5 0 12 4 4 6 6 2 4 3 6 0 5
M1416 4 5 5 5 5 12 4 4 6 6 4 4 2 7 4 6
M1417 5 5 5 5 5 02 4 4 0 4 2 4 3 7 2 4
M1420 5 5 5 5 5 5 4 5 6 6 2 4 3 3 2 4
M1421 5 5 0 7 13 13 4 4 4 5 2 2 0 4 4 4
M1422 0 5 5 5 00 12 4 5 5 6 2 2 3 6 4 4
M1423 4 4 5 5 5 13 4 5 6 6 2 4 2 3 4 4
M1424 5 5 5 5 12 12 3 5 4 4 2 2 3 5 2 2
M1425 4 5 1 5 12 14 3 4 4 6 2 4 5 5 2 2
M1427 5 5 3 7 5 12 3 3 5 6 2 4 3 3 5 6
M1429 5 5 5 5 5 13 3 4 3 6 2 2 4 6 2 4
M1431 4 5 5 5 5 12 4 4 5 6 0 0 2 6 2 4
M1432 4 5 5 5 5 14 4 4 6 6 4 5 3 5 4 7
M1433 5 5 5 5 5 12 4 4 5 5 2 2 3 3 2 4
M1435 5 5 5 7 0 5 3 3 3 4 2 2 2 6 2 0
M1436 4 5 5 5 12 13 4 4 4 4 4 4 3 4 4 4
M1438 5 5 5 7 10 13 3 4 6 6 2 3 3 5 2 4
M1439 5 5 0 5 12 12 3 4 5 6 2 2 2 3 3 0
M1440 5 5 5 5 12 12 4 5 4 5 2 2 6 9 2 4
M1442 4 5 2 5 12 12 4 4 0 6 2 0 4 7 2 5
M1443 5 5 5 7 5 12 4 4 5 6 5 5 4 7 4 4
M1444 4 5 1 5 5 12 8 0 5 6 2 2 3 0 4 6
M1449 0 5 5 5 5 12 0 5 4 6 3 4 4 7 3 4
M1451 0 4 5 5 11 13 0 5 6 6 2 3 4 6 2 4
M1453 1 5 5 5 5 12 3 3 5 6 2 4 3 3 2 4
M1455 5 5 5 7 5 12 3 4 6 6 2 4 4 4 2 4
M1456 4 5 5 5 5 5 4 5 4 4 2 4 3 4 2 2
M1457 5 5 5 5 12 12 3 3 5 6 2 2 2 3 2 5
M1458 4 5 5 5 5 11 3 4 6 6 4 5 6 9 2 4
M1459 4 5 5 5 11 02 4 7 5 0 4 4 6 6 4 4
M1460 5 5 5 5 12 12 4 8 5 6 2 2 3 4 4 4
M1461 5 5 1 5 5 12 4 0 5 5 2 0 3 6 2 4
M1463 4 5 5 5 02 13 4 4 3 4 2 0 4 6 4 5
M1465 4 5 5 5 12 13 0 4 5 6 0 2 4 6 4 4
M1466 5 5 5 0 12 12 3 4 6 01 2 2 6 7 2 4
M1468 5 5 5 5 12 14 4 4 4 4 2 4 2 2 2 5
M1469 5 5 3 5 11 11 4 8 6 6 2 4 2 2 2 4
M1470 5 5 7 7 5 11 4 4 6 6 2 2 4 6 2 7
M1472 4 5 5 7 03 13 4 4 5 5 2 4 4 0 4 6
M1473 1 5 0 7 5 12 4 4 5 6 5 5 2 9 2 0
M1475 5 5 5 7 12 12 4 4 4 4 2 4 2 4 2 4
M1477 5 5 5 5 5 11 7 7 5 6 2 2 2 6 4 4
M1482 5 5 3 5 4 10 4 4 3 6 2 4 0 7 4 0
M1483 4 5 5 5 5 5 4 5 5 6 2 2 3 5 4 6
M1484 4 5 5 5 11 12 4 4 4 5 2 4 3 7 0 0
M1485 4 5 5 5 5 5 4 8 1 5 2 4 5 5 5 5
M1486 4 5 3 5 12 12 3 8 4 4 4 4 2 5 4 7
M1487 4 5 2 5 2 12 3 0 5 6 2 2 3 0 2 4
M1488 4 4 5 0 5 5 4 4 3 6 0 2 5 5 4 4
M1489 5 5 5 5 12 13 4 4 4 6 2 2 4 4 2 6
M1490 5 5 5 5 5 12 4 4 5 6 2 4 5 6 4 4
M1492 5 5 3 6 5 5 4 0 0 5 1 4 4 7 2 3
M1493 5 5 5 0 5 02 3 4 5 5 2 4 4 7 4 4
M1495 4 5 1 5 5 13 4 4 5 5 2 2 2 3 2 4
M1496 5 5 5 6 5 12 4 4 6 6 0 6 4 7 0 4
M1497 5 5 5 5 5 11 4 5 5 6 2 5 2 7 6 6
M1500 5 5 5 5 5 5 4 4 5 5 2 4 3 6 2 5
M1501 0 5 2 5 5 5 3 5 5 5 2 4 5 6 0 4
M1502 5 5 7 7 11 02 4 8 4 5 2 5 4 6 0 7
M1503 1 0 5 5 12 12 3 5 4 6 4 0 4 4 4 4
M1507 5 0 5 7 12 13 4 8 5 6 2 2 0 5 3 4
M1508 5 5 5 5 11 12 3 4 5 6 2 4 4 9 7 7
M1511 0 5 3 5 5 12 3 4 5 7 2 2 2 4 0 4
M1516 4 5 3 5 5 02 0 7 5 6 2 4 7 7 2 4
M1517 4 5 5 5 5 12 4 5 4 5 2 2 3 4 4 7
M1518 5 5 2 5 5 03 3 4 6 6 0 2 4 6 2 4
M1519 5 5 5 5 5 12 0 3 5 6 2 2 2 3 2 0
M1520 4 0 5 5 13 13 4 4 0 5 2 2 4 7 2 2
M1521 4 5 5 5 11 13 4 5 6 7 2 2 3 7 2 2
M1522 5 5 5 5 5 12 3 4 4 6 4 5 3 5 4 6
M1523 4 5 7 7 5 12 4 7 5 6 2 2 3 4 2 5
M1527 5 5 2 0 5 5 3 4 5 6 0 2 2 3 4 4
M1528 5 5 5 0 12 13 0 5 4 5 2 4 2 4 2 5
M1532 5 5 1 5 5 12 3 4 5 5 2 2 1 3 2 7
M1533 5 5 2 5 5 12 4 4 6 6 2 2 3 4 6 6
M1535 5 5 5 5 5 12 4 9 6 7 2 2 2 7 4 4
M1537 5 5 5 5 5 12 4 4 5 5 2 2 3 4 2 4
M1538 4 5 2 7 5 5 4 8 4 4 2 2 0 7 2 0
M1539 4 5 5 5 11 13 4 5 6 6 2 4 2 4 4 4
M1541 5 5 5 6 5 12 4 4 5 6 4 4 4 9 2 6
M1545 0 5 5 5 5 02 4 5 5 6 4 4 4 7 2 5
M1546 5 5 2 7 5 12 3 8 5 6 3 4 2 4 5 6
M1548 4 5 5 5 5 12 0 4 4 11 2 0 4 5 4 4
M1549 5 5 5 5 5 13 4 4 4 5 2 2 2 3 4 6
M1550 5 5 5 5 01 13 3 3 6 10 4 4 5 9 2 0
M1551 5 5 5 7 5 5 4 4 5 6 2 4 6 7 2 4
M1555 4 0 5 5 5 12 1 4 5 6 4 5 3 3 0 4
M1556 5 5 5 5 12 12 4 4 6 6 4 4 5 6 2 4
M1559 4 4 5 5 5 10 4 8 6 6 2 2 4 4 4 4
M1560 4 5 2 5 5 13 3 4 5 5 2 4 3 7 2 5
M1561 5 5 5 5 5 12 4 5 6 6 2 4 6 7 4 4
M1562 5 7 5 7 5 12 4 4 4 5 2 2 5 9 2 2
M1564 5 5 5 5 12 13 4 4 4 5 2 2 6 6 2 3
M1566 4 5 5 5 5 12 4 4 5 5 2 5 4 6 2 4
M1568 5 5 2 5 5 13 3 4 5 5 2 2 2 4 2 4
M1570 4 5 5 5 5 11 3 5 4 12 0 0 2 2 2 4
M1572 5 5 5 5 11 12 4 0 6 6 0 2 2 7 4 4
M1573 5 5 5 5 12 12 0 5 4 5 2 0 2 4 2 2
M1574 4 0 0 3 5 5 3 5 4 5 2 2 3 4 2 6
M1575 5 5 5 5 12 13 4 8 4 5 2 4 4 5 2 6
M1577 4 4 5 5 11 12 4 4 6 6 2 2 3 3 2 4
M1581 4 5 5 5 11 12 4 4 4 6 3 4 2 9 2 4
M1582 5 7 5 5 5 12 4 4 6 6 2 4 3 6 4 6
M1583 4 5 5 5 8 12 3 5 5 6 1 2 6 6 4 6
M1587 5 5 5 5 5 01 8 9 4 4 0 2 2 4 2 4
M1589 5 5 3 0 01 13 3 8 5 5 2 4 2 6 2 2
M1590 4 5 5 5 5 12 4 5 5 5 2 4 2 3 3 4
M1591 5 0 2 5 5 12 4 0 5 6 2 2 6 7 2 6
M1593 4 0 5 5 5 12 4 8 4 4 2 4 2 0 4 6
M1595 4 5 5 5 12 12 4 4 5 5 4 4 4 5 4 4
M1596 5 0 5 5 5 5 4 4 5 6 2 4 0 3 2 4
M1597 4 5 5 5 0 12 0 8 10 10 2 4 2 2 2 2
M1602 5 5 1 5 5 13 3 4 6 11 4 4 4 5 4 8
M1603 5 5 5 5 12 12 3 3 5 5 2 3 4 9 2 6
M1604 5 5 5 0 12 12 4 4 0 4 2 2 6 6 6 8
M1605 0 5 5 5 0 11 4 4 5 6 2 4 2 2 2 2
M1607 1 5 5 5 5 12 7 0 5 6 2 4 3 6 2 0
M1608 5 5 3 5 5 13 4 4 4 5 3 4 4 4 2 4
M1614 1 5 5 5 13 13 3 4 5 5 2 2 6 6 4 4
M1615 5 5 5 5 7 12 4 5 4 5 2 4 2 4 4 5
M1616 5 5 3 5 12 13 3 4 6 11 4 4 3 4 4 4
M1617 5 5 5 5 5 13 4 4 4 6 2 2 2 3 2 2
M1619 4 5 3 5 12 14 4 0 6 6 2 2 0 6 2 2
M1620 4 5 5 5 5 12 4 8 5 6 2 4 3 4 4 4
M1621 1 4 2 5 5 13 4 10 4 5 2 4 3 5 2 4
M1624 1 5 1 5 5 11 4 5 3 0 2 0 6 6 4 4
M1625 5 5 5 5 11 11 4 4 4 5 2 4 2 7 2 2
M1627 5 5 5 5 11 13 5 5 4 5 1 5 3 5 2 2
M1629 4 5 5 5 5 12 4 5 4 5 2 4 4 6 2 6
M1630 4 5 5 5 5 11 4 4 5 5 2 4 4 7 2 4
M1631 5 5 5 5 12 12 3 4 6 11 2 4 2 2 2 4
M1633 5 5 5 7 5 10 4 8 5 6 2 2 4 7 2 2
M1634 5 5 5 5 5 11 3 4 5 10 2 2 6 9 5 6
M1635 4 5 5 5 12 13 4 4 5 6 2 4 4 7 5 6
M1636 4 5 2 5 5 12 4 5 4 12 2 2 3 5 2 4
M1638 5 5 5 5 12 12 7 7 5 5 2 4 4 6 2 6
M1639 1 5 2 5 5 12 4 4 4 4 2 2 4 6 2 4
M1640 5 0 5 0 12 12 3 4 4 6 4 4 4 4 2 2
M1641 5 5 5 5 5 12 0 5 4 5 0 5 3 4 2 5
M1646 5 0 5 5 5 12 4 8 0 11 4 4 4 6 2 6
M1647 4 5 2 5 5 12 3 7 4 7 2 2 1 4 4 4
M1648 5 0 5 5 12 13 3 4 4 5 4 5 4 7 0 4
M1651 4 5 5 5 5 11 3 4 5 6 2 3 2 7 2 6
M1653 4 5 5 5 5 11 4 4 5 6 2 4 4 6 4 7
M1654 5 5 2 5 5 11 2 2 4 0 1 2 0 4 4 6
M1655 5 5 5 5 5 13 4 4 6 6 4 4 4 6 4 5
M1658 5 5 5 5 5 5 4 8 5 6 2 0 0 4 4 4
M1659 0 5 2 5 5 14 4 4 3 0 2 5 3 6 4 4
M1660 5 7 2 5 5 5 3 3 4 5 2 2 7 7 5 5
M1663 5 7 2 5 5 5 3 4 6 6 2 4 4 6 2 4
M1664 4 5 5 5 5 13 3 3 5 6 2 2 4 5 4 4
M1666 5 0 5 5 5 5 4 7 6 6 2 2 0 7 6 7
M1668 5 5 5 5 12 02 3 4 3 4 2 4 4 4 2 0
M1669 5 5 3 5 11 13 4 4 4 4 2 4 2 2 2 6
M1670 4 5 0 5 5 11 4 4 5 6 2 2 3 3 0 6
M1676 5 5 5 5 5 5 4 4 5 5 2 2 2 5 2 7
M1677 5 0 2 5 12 13 3 5 6 6 2 0 2 4 2 5
M1681 4 5 3 5 5 12 3 0 3 3 2 3 3 0 2 8
M1682 1 5 1 5 5 12 4 4 4 0 0 4 4 4 4 4
M1685 1 5 5 0 5 12 4 4 6 10 2 2 0 6 2 4
M1687 4 5 5 5 5 10 0 5 6 7 2 2 0 5 2 4
M1688 4 5 5 5 5 13 3 4 4 6 2 4 6 6 2 4
M1692 5 5 5 5 5 11 4 4 4 6 2 2 2 3 2 5
M1698 5 5 1 5 5 12 3 4 4 5 2 4 4 9 6 8
M1700 5 5 2 3 5 12 3 4 5 6 2 4 4 0 2 0
M1701 0 5 5 5 12 12 3 4 4 4 2 0 4 9 4 6
M1702 5 5 2 5 12 12 3 4 4 5 2 2 6 7 4 4
M1703 4 5 5 5 12 12 3 4 6 6 2 2 5 7 4 4
M1708 1 0 5 5 0 5 3 4 6 6 2 2 5 5 4 4
M1709 4 5 2 5 5 5 4 4 6 6 2 4 3 6 4 4
M1711 4 9 5 7 12 12 4 4 5 6 4 4 2 3 4 4
M1714 5 5 5 5 5 12 4 5 4 5 2 4 6 6 2 6
M1720 4 5 2 3 12 13 4 5 4 5 2 4 6 7 4 5
M1721 4 5 3 5 12 12 3 4 6 10 2 4 2 7 4 5
M1722 5 5 5 5 5 5 3 4 6 6 2 2 3 7 2 6
M1723 5 5 2 5 5 12 4 8 4 5 2 4 2 2 4 4
M1725 4 5 5 5 5 5 4 4 5 7 2 2 2 6 2 4
M1728 4 5 5 5 11 12 4 4 3 3 0 2 0 5 2 4
M1729 5 5 5 5 12 12 3 3 4 5 2 6 3 5 2 4
M1730 4 5 5 5 5 13 4 4 3 6 2 2 2 2 2 8
M1732 4 4 2 2 5 11 2 4 5 7 2 4 3 8 6 6
M1733 4 5 5 5 12 13 2 4 0 5 0 2 2 5 4 4
M1741 0 5 0 5 5 11 4 7 5 6 2 4 6 9 2 5
M1742 0 0 5 5 6 13 3 4 5 11 2 2 5 5 2 4
M1743 5 5 2 5 13 13 3 4 5 6 4 5 5 7 2 2
M1746 1 5 5 5 5 13 4 8 5 6 2 4 4 4 2 4
M1752 5 5 5 5 5 10 4 8 6 6 2 2 3 7 2 4
M1753 4 4 0 5 13 13 4 4 0 5 2 2 6 9 2 4
M1754 5 5 5 5 13 13 3 8 4 5 4 5 2 4 4 4
M1758 5 5 1 0 12 12 4 4 6 6 2 2 2 0 2 2
M1759 1 4 5 5 12 13 3 4 4 6 4 4 4 6 2 4
M1761 4 5 2 5 5 5 4 7 6 11 2 2 1 7 2 3
M1763 5 5 5 5 4 12 3 8 6 6 2 2 3 3 2 6
M1765 5 5 5 5 5 12 4 5 4 4 4 4 6 7 3 7
M1766 5 5 5 5 5 13 4 4 5 6 2 5 1 3 5 5
M1767 4 5 5 5 5 5 4 9 4 6 2 2 4 6 4 4
M1769 1 4 5 5 0 12 4 4 5 5 0 2 2 3 4 7
M1770 5 5 5 5 5 12 3 4 6 11 4 5 3 5 2 4
M1771 5 5 5 5 01 03 4 4 5 6 2 4 3 4 2 5
M1772 5 5 5 7 11 01 3 0 3 6 2 4 3 4 4 5
M1773 4 5 2 5 5 12 4 4 5 6 2 2 3 7 2 7
M1775 5 5 5 0 12 12 3 3 5 5 2 4 4 5 5 0
M1776 4 4 5 5 11 12 4 4 5 5 0 5 0 6 4 4
M1777 4 5 5 5 5 5 4 4 6 6 4 4 4 0 0 7
M1778 5 5 5 5 12 12 4 4 4 0 2 2 4 4 2 0
M1780 5 5 2 5 7 13 4 0 4 6 2 4 0 4 2 4
M1782 4 0 5 5 12 12 3 4 4 6 2 0 2 6 4 5
M1783 5 5 5 5 5 12 4 4 5 6 2 4 6 7 4 6
M1784 5 0 5 5 5 12 4 4 0 6 2 4 4 4 2 2
M1785 5 5 5 5 12 13 3 3 4 5 2 5 3 7 2 4
M1786 5 5 3 5 5 5 4 5 5 5 4 4 4 4 3 3
M1787 5 5 5 5 5 12 5 8 5 6 2 4 4 6 2 5
M1788 5 5 5 5 03 03 3 4 5 6 2 2 2 6 2 4
M1789 4 5 5 5 12 12 4 4 5 6 2 4 7 9 2 8
M1792 4 5 5 5 5 5 3 4 5 6 2 4 4 5 4 4
M1793 0 5 5 5 5 13 3 4 4 0 2 2 3 7 4 4
M1795 0 5 5 5 5 12 4 4 4 5 1 2 6 7 0 4
M1796 0 5 3 5 01 11 3 4 5 5 2 2 3 4 2 4
M1799 4 5 5 5 5 11 4 0 6 6 2 2 4 7 0 2
M1801 4 4 5 5 12 12 4 4 5 5 2 0 3 6 4 0
M1804 5 5 5 5 5 12 4 4 5 7 4 4 4 7 4 4
M1805 1 4 3 5 12 12 3 0 4 6 2 2 4 0 5 6
M1809 5 5 2 5 12 12 4 4 5 5 2 4 3 7 4 4
M1810 5 5 5 5 12 12 4 0 5 5 2 2 0 6 2 2
M1811 1 5 5 7 5 5 5 8 5 5 2 4 3 6 2 4
M1812 5 5 3 5 5 12 4 5 5 5 2 2 2 3 2 4
M1813 4 5 5 5 5 5 3 4 6 6 2 2 0 6 4 0
M1814 4 5 5 5 12 12 4 5 5 6 2 2 5 5 4 6
M1815 4 5 3 5 5 13 3 7 5 6 2 4 2 5 2 4
M1816 4 5 3 5 5 11 4 4 5 01 4 4 0 6 2 6
M1818 4 5 5 5 5 5 4 4 6 6 2 2 3 4 3 5
M1821 5 5 5 5 5 5 3 0 4 7 2 2 3 4 2 0
M1823 5 5 2 5 5 12 4 4 5 6 2 2 3 4 2 4
M1825 5 5 2 5 13 14 4 4 6 6 2 3 2 6 2 4
M1829 4 5 1 1 11 13 4 8 4 10 2 4 3 6 2 6
M1832 4 5 5 7 11 12 4 4 6 6 4 7 4 6 4 5
M1834 4 5 2 0 0 5 4 4 5 6 2 2 6 6 2 4
M1835 4 6 5 5 11 12 4 8 4 11 2 4 2 4 2 4
M1836 1 5 5 5 5 12 3 4 4 5 2 2 6 7 4 8
M1837 4 5 5 5 12 12 3 4 4 6 2 2 6 6 2 2
M1838 4 5 2 3 12 14 3 4 4 6 2 4 3 6 2 4
M1839 4 5 7 7 12 13 4 4 6 6 2 2 3 5 4 6
M1840 5 5 5 5 5 00 3 0 4 5 2 3 3 7 5 5
M1841 5 5 5 5 12 12 3 4 4 6 2 2 4 5 2 2
M1842 5 5 5 5 12 13 4 4 4 6 2 4 2 3 4 4
M1843 4 5 5 5 5 12 3 4 5 5 2 2 4 4 2 5
M1846 5 5 5 5 5 13 4 0 5 5 2 3 4 0 6 6
M1849 4 5 0 5 12 12 0 4 5 6 2 2 9 9 2 2
M1850 4 5 3 5 3 12 4 5 6 11 2 2 4 5 4 7
M1851 5 5 5 5 5 13 4 4 5 6 0 0 7 7 4 4
M1855 4 4 5 7 13 13 3 4 4 6 4 5 9 9 2 4
M1856 5 5 5 5 5 12 4 4 7 7 2 2 3 4 4 4
M1857 4 4 5 5 5 5 4 4 5 6 2 4 4 6 2 4
M1858 5 5 5 5 01 12 0 4 4 5 2 2 6 6 2 4
M1860 5 5 2 2 5 5 2 4 4 6 4 4 5 5 2 2
M1864 4 4 2 5 12 13 4 4 5 6 2 4 4 6 2 5
M1865 1 9 2 5 5 12 3 4 4 5 2 4 4 7 0 0
M1866 4 5 5 5 12 13 4 8 5 5 2 2 3 6 2 2
M1870 4 4 5 5 12 12 4 8 5 11 2 4 6 7 2 2
M1875 5 5 5 5 12 02 3 4 5 0 2 2 2 6 4 6
M1876 5 5 5 7 5 12 3 3 4 4 2 4 3 5 2 4
M1877 5 5 5 5 02 12 4 8 4 0 2 2 3 6 4 4
M1879 5 5 5 7 0 12 4 4 4 0 4 5 2 4 2 4
M1880 4 0 5 5 5 5 3 5 4 6 0 4 5 7 2 5
M1881 5 5 5 5 11 12 3 8 4 8 2 4 3 4 2 2
M1882 5 5 5 5 12 12 3 3 4 6 2 4 3 0 0 4
M1885 4 9 5 5 5 12 4 4 6 6 4 4 2 6 4 7
M1886 5 5 2 5 5 5 3 5 5 6 2 5 4 4 3 5
M1887 0 5 3 7 5 12 4 4 4 0 4 4 6 6 5 5
M1889 5 5 5 5 5 01 0 4 5 5 2 2 4 4 6 6
M1891 4 5 5 5 5 13 4 0 5 6 2 4 2 2 5 0
M1894 4 5 3 5 5 12 4 4 4 5 2 2 4 6 5 6
M1896 4 4 2 5 5 12 3 3 6 6 2 2 4 4 2 2
M1898 5 8 5 5 11 13 4 4 4 6 2 2 4 7 4 5
M1899 5 5 5 5 13 13 4 5 4 4 2 2 3 6 2 4
M1900 5 5 5 5 12 13 3 7 5 6 2 2 3 6 2 4
M1901 5 5 5 5 5 5 3 3 4 5 2 4 4 7 2 4
M1902 4 5 5 7 5 11 3 7 4 4 2 5 6 7 4 4
M1903 5 5 0 7 11 13 3 0 5 5 2 4 5 6 4 4
M1904 4 5 0 5 5 5 4 4 6 0 2 2 4 6 4 4
M1909 0 5 5 5 0 13 3 4 6 10 2 2 3 7 2 5
M1911 4 5 0 0 5 12 4 4 6 6 2 2 4 5 4 4
M1912 4 5 5 5 12 13 4 4 4 6 0 3 3 4 2 0
M1913 5 5 3 3 12 12 3 4 4 6 2 2 6 8 4 5
M1915 5 5 2 5 11 12 4 4 4 4 2 2 2 6 4 7
M1916 5 5 5 5 12 13 4 4 5 6 1 2 3 5 2 6
M1918 1 5 7 7 12 14 3 4 6 6 2 2 2 6 4 4
M1919 4 4 5 5 5 12 0 8 4 0 2 5 3 6 4 8
M1920 5 0 2 0 11 12 3 4 5 6 2 4 2 3 4 4
 