F1 5 5 5 5 11 11 3 5 5 5 2 2 4 5 2 4
F2 5 5 5 5 5 11 4 4 6 6 2 2 4 6 4 4
F3 5 5 5 5 5 12 4 5 5 6 2 4 4 6 3 4
F4 5 5 5 5 5 12 3 3 4 5 4 4 5 5 4 6
F5 4 4 5 5 12 12 3 4 4 4 2 4 6 7 2 6
F7 5 5 5 5 12 12 4 4 5 5 2 4 6 6 2 4
F8 4 5 5 7 12 13 3 8 5 5 2 2 3 7 2 4
F9 5 5 5 5 5 11 3 4 6 6 4 4 2 2 4 6
F10 5 5 5 5 13 13 2 8 5 6 2 2 2 4 4 4
F11 5 5 5 5 12 13 3 4 4 5 2 2 7 10 4 4
F12 5 5 2 5 5 11 4 4 4 6 2 4 5 6 2 4
F13 5 5 5 5 14 14 3 3 4 6 4 4 3 7 2 2
F14 5 5 5 5 5 12 3 8 4 6 4 7 2 6 4 5
F15 5 5 5 5 5 12 4 4 4 6 2 4 4 6 2 2
F16 5 5 5 5 5 13 4 4 6 6 3 4 2 3 2 4
F17 5 5 5 5 5 12 4 8 5 6 2 4 7 9 4 4
F18 4 5 1 5 12 13 3 4 6 7 4 5 4 4 2 4
F19 5 5 2 5 5 12 3 3 4 4 4 4 2 7 4 4
F20 5 9 5 5 12 12 3 4 4 5 2 2 6 6 3 6
F21 5 5 5 5 12 12 4 4 4 6 2 2 4 5 2 2
F22 5 5 5 5 12 13 4 4 4 6 2 2 3 4 2 6
F23 5 5 5 5 5 11 4 4 4 6 2 2 4 4 4 4
F24 5 5 2 5 11 12 4 4 5 6 2 4 4 4 5 5
F26 5 5 2 5 5 13 3 4 4 4 2 2 6 7 4 5
F27 5 5 5 5 5 13 4 4 4 6 4 5 4 6 5 5
F28 4 5 5 5 12 12 4 8 6 6 2 2 4 4 2 4
F29 5 5 3 5 12 12 5 8 5 5 2 2 4 4 2 4
F30 1 4 5 5 11 12 3 3 5 5 1 2 3 6 2 4
F31 4 5 5 5 12 13 3 7 4 5 2 2 3 3 4 4
F32 5 5 5 5 12 12 4 4 6 6 2 3 2 6 2 6
F33 5 5 5 6 5 12 3 3 4 4 2 2 2 2 2 6
F35 5 5 3 5 5 5 4 4 6 6 2 4 6 7 2 8
F36 5 5 2 2 5 5 4 4 5 6 2 4 6 6 2 4
F37 4 5 5 5 5 13 3 4 4 7 4 5 2 5 7 7
F38 4 8 5 5 11 12 3 4 4 6 2 2 2 7 2 4
F39 4 5 5 6 12 13 4 8 6 6 4 5 4 4 2 4
F40 5 5 5 5 5 5 4 4 5 6 2 4 3 3 4 4
F41 5 5 5 5 12 13 3 4 4 5 2 4 3 5 2 5
F42 5 5 5 5 5 12 4 5 6 6 4 4 2 4 4 7
F43 4 5 5 5 11 12 5 7 4 6 2 2 4 7 4 4
F44 5 5 5 5 5 12 3 4 4 4 2 4 6 7 2 5
F45 5 5 5 5 5 13 4 4 5 5 4 4 4 4 2 4
F46 5 5 2 5 5 12 4 4 5 5 4 4 4 9 2 4
F47 5 5 5 5 5 5 4 5 4 4 2 3 6 6 4 4
F48 5 5 5 5 5 5 9 9 6 6 2 4 2 2 2 4
F49 5 5 5 5 5 12 4 7 4 6 2 4 4 6 2 2
F50 4 5 2 7 11 13 3 4 6 6 2 2 2 2 4 4
F51 5 5 5 5 5 12 5 8 6 6 2 4 6 6 3 6
F52 5 5 2 5 5 13 4 5 5 7 2 4 3 3 2 4
F53 5 5 5 5 12 12 3 4 6 7 4 4 6 7 2 6
F54 4 5 5 7 11 11 3 4 6 7 3 4 3 7 2 2
F55 5 5 5 5 5 13 4 8 5 6 2 4 3 6 2 4
F56 5 5 2 5 13 14 8 8 5 6 2 4 4 6 2 5
F59 4 5 5 5 5 5 3 7 5 5 2 2 3 11 4 4
F60 5 5 5 5 5 12 3 5 5 6 2 2 5 5 4 4
F61 4 5 5 5 5 12 4 8 6 6 2 4 3 9 4 5
F62 4 5 5 7 5 11 4 4 4 5 2 4 4 7 4 5
F63 5 5 2 5 5 5 4 4 7 7 2 2 5 6 2 4
F64 4 5 3 5 5 11 4 4 4 5 2 4 2 3 2 4
F65 1 1 5 5 12 12 3 5 4 5 4 4 2 3 3 4
F66 4 5 5 5 5 5 3 4 5 5 2 2 3 4 2 4
F67 5 5 1 5 12 13 3 4 5 6 2 2 6 6 3 8
F68 4 5 2 5 5 12 3 4 6 6 2 2 4 7 4 4
F69 4 5 2 5 5 12 4 4 5 6 2 2 4 4 2 4
F70 5 5 3 5 5 11 4 8 4 4 2 2 2 11 4 6
F71 4 5 3 5 5 13 4 7 6 6 2 5 3 4 4 6
F72 4 4 5 5 12 13 3 5 5 6 2 2 2 2 2 4
F73 5 5 2 2 11 12 4 8 4 5 2 5 2 7 2 2
F74 4 5 2 5 11 11 4 7 6 6 2 2 4 4 4 5
F75 4 5 5 7 5 12 4 4 6 7 2 2 2 7 5 5
F76 5 5 1 2 11 11 3 4 6 6 2 4 7 7 2 4
F77 1 4 5 7 5 12 4 4 6 6 2 4 2 4 4 5
F78 5 5 5 7 11 11 4 5 4 4 2 3 5 6 2 4
F79 4 5 5 5 5 12 4 4 4 4 2 2 2 4 2 2
F81 1 5 5 5 5 5 4 4 5 6 2 4 6 6 4 4
F82 5 5 5 5 3 12 3 5 4 5 4 4 3 3 2 2
F83 4 4 3 5 5 13 4 5 4 5 2 4 4 7 2 2
F84 5 5 3 5 11 13 3 4 4 4 2 5 4 5 2 6
F85 1 4 5 5 12 12 3 5 4 6 2 2 2 7 5 6
F86 5 5 5 6 5 12 4 8 6 11 2 4 4 7 4 5
F87 5 5 5 5 12 13 4 8 5 6 2 2 3 4 4 7
F88 1 5 5 5 5 13 4 4 6 10 2 4 6 6 2 2
F90 4 5 5 5 12 12 3 4 5 5 2 2 4 6 4 5
F92 5 5 5 5 11 11 4 8 4 4 2 2 6 7 2 6
F93 4 4 5 5 5 12 3 4 6 7 2 4 4 4 2 4
F94 5 5 5 5 11 12 4 8 6 7 2 4 4 5 2 2
F95 4 5 5 5 12 12 3 4 5 6 4 5 4 7 2 4
F96 5 5 2 5 5 12 4 8 3 6 4 4 4 6 2 4
F98 4 5 3 5 13 13 4 4 4 5 2 2 7 7 2 3
F99 5 5 2 5 5 11 4 5 6 6 2 2 2 3 2 2
F100 5 5 2 5 5 12 4 5 5 5 2 2 3 4 2 4
F101 5 5 5 5 12 13 3 4 4 4 2 2 5 5 2 4
F102 4 4 5 5 13 13 4 8 4 6 4 4 4 4 4 4
F103 5 5 5 7 5 12 4 4 5 6 2 2 3 7 2 4
F104 5 5 5 5 12 12 3 4 6 8 2 4 3 3 2 3
F105 5 5 1 5 11 13 4 7 4 6 2 2 2 4 2 2
F106 4 5 5 5 5 12 4 4 4 6 2 2 6 7 4 4
F107 4 5 5 5 5 12 3 4 5 5 2 4 2 6 4 4
F108 4 5 5 5 12 12 8 8 6 11 2 4 1 6 2 4
F109 4 5 2 5 5 12 4 5 6 6 2 4 10 10 4 5
F110 5 5 5 5 5 11 3 3 6 6 2 2 2 6 2 6
F111 5 5 3 5 12 13 5 5 4 6 2 4 4 6 2 4
F112 5 5 5 5 10 11 4 8 5 5 2 4 5 6 2 2
F113 4 5 5 5 11 12 4 4 4 6 2 4 2 3 2 3
F115 5 5 3 5 5 11 4 4 3 5 2 2 2 6 2 5
F116 4 5 5 5 5 5 4 4 5 6 2 2 4 6 4 6
F117 5 5 5 5 5 12 4 8 5 5 2 4 3 3 2 4
F118 4 5 5 7 12 12 4 4 5 5 2 2 6 9 2 7
F119 4 5 5 5 5 13 4 5 4 5 2 3 2 5 2 4
F120 4 5 5 5 12 14 7 7 5 5 2 2 2 4 4 4
F121 5 5 5 5 11 12 4 4 5 6 2 4 3 6 2 5
F122 5 5 5 5 5 12 3 4 5 6 2 2 3 4 2 4
F123 5 5 5 7 12 12 4 4 5 6 2 2 5 6 2 4
F124 5 5 5 5 11 13 3 4 5 5 2 2 3 7 2 4
F125 4 5 5 5 12 12 3 4 4 7 2 4 2 2 6 6
F126 5 5 3 5 12 12 3 5 4 6 2 2 6 7 2 2
F127 5 5 2 5 5 12 4 4 4 6 2 4 3 9 2 5
F128 5 5 5 5 5 12 4 4 4 6 2 2 4 6 2 3
F129 4 4 5 5 5 12 4 7 5 6 2 4 5 6 2 2
F130 5 5 5 5 12 13 3 4 4 7 2 4 2 5 4 4
F131 4 5 5 5 5 5 3 4 4 6 2 2 4 7 2 2
F133 5 5 5 5 12 12 3 4 4 6 4 4 4 4 2 4
F134 1 4 5 5 12 13 3 3 6 11 2 2 3 6 2 4
F135 3 5 5 8 5 5 4 8 4 6 2 4 3 4 2 6
F136 5 5 2 2 12 12 4 4 4 5 2 5 4 6 4 4
F137 5 5 5 5 5 5 4 4 5 6 2 2 2 3 2 5
F138 4 5 5 5 11 13 3 4 4 4 2 2 2 4 2 2
F139 5 5 5 5 5 11 4 4 6 7 2 4 2 4 4 5
F140 4 5 5 7 11 13 3 4 5 6 2 2 3 4 2 2
F141 4 5 3 5 5 11 5 5 6 6 2 2 2 4 2 6
F142 4 4 2 5 5 5 3 3 5 5 2 4 4 5 4 6
F143 4 5 5 6 11 13 4 4 4 5 2 2 7 7 5 6
F145 5 5 7 7 5 5 3 4 6 6 4 4 4 9 6 6
F146 4 5 2 5 5 13 3 4 5 5 2 4 6 9 2 4
F148 4 5 5 5 5 5 5 6 5 10 2 5 6 7 7 7
F149 4 5 4 5 11 12 3 8 4 5 2 2 4 6 5 5
F150 5 7 5 5 12 12 4 8 5 11 2 4 3 4 4 5
F151 4 5 5 5 12 13 3 4 5 6 2 3 2 6 2 2
F152 4 4 5 5 12 13 4 4 6 6 2 2 3 7 4 5
F153 4 5 5 5 12 12 3 7 5 6 2 2 3 6 4 5
F154 5 5 5 5 12 12 4 4 5 5 2 2 4 4 2 4
F155 5 5 5 5 5 12 3 3 8 8 2 2 2 7 2 4
F156 4 4 5 7 5 12 3 4 4 6 2 2 4 7 4 4
F157 4 5 5 5 5 12 4 5 4 5 2 2 2 3 4 4
F158 4 4 2 5 11 12 4 4 5 6 2 2 4 4 2 5
F159 5 5 5 5 5 12 4 4 5 5 2 2 6 6 2 4
F160 4 5 5 7 12 12 3 3 4 6 2 4 5 7 8 8
F161 5 5 5 5 5 11 4 4 6 6 2 4 2 4 2 5
F162 5 5 3 5 11 12 4 5 6 6 2 4 3 3 4 4
F164 5 5 5 7 11 14 4 4 4 7 2 4 3 7 2 5
F165 4 4 5 7 5 12 4 4 5 5 2 4 4 6 2 4
F166 5 5 2 5 12 13 4 4 5 5 2 4 2 3 2 2
F167 4 5 5 7 5 12 3 3 5 10 4 4 5 6 2 4
F168 5 5 3 7 12 12 4 4 6 6 4 4 3 4 4 4
F169 4 5 5 5 11 12 4 5 2 5 2 4 2 2 4 6
F170 4 5 5 5 6 12 4 4 6 7 2 2 6 7 4 5
F171 4 5 5 6 12 12 4 5 5 6 2 2 3 4 2 2
F172 5 5 5 5 12 14 4 4 4 6 2 4 2 4 2 6
F173 1 1 5 5 5 12 3 8 5 6 4 4 2 5 2 6
F174 4 5 2 5 11 12 3 5 4 6 2 4 4 4 2 4
F175 4 5 5 5 13 13 3 4 4 5 2 2 3 4 4 4
F176 5 5 5 7 5 12 4 4 5 5 2 5 4 7 2 4
F177 5 5 2 5 13 13 4 8 4 5 2 2 3 6 2 4
F178 4 4 3 5 5 12 4 5 5 11 4 4 3 4 2 4
F180 4 5 5 6 5 5 4 4 6 6 2 2 3 7 1 2
F181 5 5 5 5 12 12 5 8 5 5 2 4 5 6 5 6
F182 5 5 5 5 12 12 3 4 5 6 2 4 6 6 4 4
F183 5 5 5 5 11 11 1 4 6 6 2 5 7 7 2 4
F184 5 5 5 5 5 12 3 8 6 9 2 2 2 2 2 6
F185 1 5 5 5 12 13 4 7 5 5 2 2 3 7 2 6
F186 4 4 5 5 5 12 4 5 5 6 2 4 5 5 2 4
F187 4 4 3 5 12 12 3 4 5 6 2 2 2 6 2 4
F188 5 5 5 5 5 5 3 4 5 5 2 2 2 2 4 5
F189 5 5 1 5 5 12 3 8 6 9 2 4 4 5 4 4
F190 5 5 2 5 11 12 4 4 5 5 2 4 3 4 2 2
F191 5 5 2 5 12 13 3 5 4 6 2 2 2 3 2 2
F192 4 5 5 5 12 13 7 7 4 5 2 5 3 3 4 5
F193 5 8 2 2 11 12 4 4 5 5 2 2 6 6 2 2
F194 4 5 2 5 10 13 4 8 5 11 2 4 4 4 4 4
F195 4 5 5 5 5 12 4 4 4 6 2 2 7 11 4 4
F196 4 9 2 5 12 12 4 4 4 5 2 4 6 7 2 4
F197 4 4 5 5 12 12 3 4 4 6 2 2 3 4 4 5
F198 4 5 5 5 12 13 4 4 5 6 2 4 2 7 2 6
F199 5 5 2 5 5 10 3 4 5 7 2 4 3 4 4 6
F200 4 5 5 5 5 12 3 4 5 6 2 2 3 3 4 4
F201 4 4 5 7 5 12 3 3 4 4 2 2 3 3 4 5
F202 5 5 5 7 12 13 3 4 5 7 2 2 4 6 4 8
F203 5 5 3 5 5 12 4 4 4 4 2 4 4 6 2 3
F204 4 5 5 7 11 11 4 8 4 4 4 4 2 6 2 4
F205 5 5 5 5 11 12 3 4 4 6 2 4 3 5 2 4
F206 4 5 2 5 12 12 4 4 5 5 2 2 2 3 2 4
F208 4 4 5 5 12 13 4 4 3 6 2 4 4 6 2 2
F209 4 5 3 7 12 13 4 4 4 5 1 2 7 7 4 4
F210 5 5 3 5 5 12 4 8 3 5 2 2 2 9 2 4
F211 5 5 2 2 11 11 3 3 3 4 4 4 4 4 2 4
F212 5 5 5 5 5 13 4 8 4 7 4 4 3 7 2 4
F213 5 5 5 7 5 11 4 4 5 7 2 4 6 6 2 4
F214 5 5 5 5 5 5 4 4 4 5 2 2 3 6 4 4
F215 4 5 5 5 11 12 3 10 6 6 2 4 3 7 6 6
F216 4 5 5 5 5 13 3 4 4 6 4 5 2 6 4 4
F217 4 5 5 5 11 12 4 5 5 6 1 4 5 6 2 6
F218 5 5 5 5 12 13 4 4 6 6 4 4 2 7 2 6
F219 1 5 5 6 12 13 3 4 5 6 2 2 4 4 4 6
F220 5 5 5 5 5 13 4 4 5 6 2 4 3 6 4 4
F221 5 5 5 5 5 13 4 5 4 5 2 4 4 6 2 6
F222 4 5 5 7 5 13 3 4 3 6 2 2 4 6 4 5
F224 4 5 5 5 5 12 3 4 5 6 1 4 3 7 4 4
F225 4 5 5 5 12 12 4 4 6 6 4 5 7 7 4 6
F226 5 5 5 7 5 12 3 4 5 6 2 5 5 6 4 4
F227 1 5 5 5 5 12 4 8 6 11 2 2 2 11 2 4
F228 4 5 5 5 5 12 4 4 5 7 2 4 4 5 6 6
F229 5 5 5 5 5 13 3 3 5 6 2 2 6 7 4 4
F230 4 5 5 5 5 5 3 4 5 6 2 4 5 7 4 4
F231 5 5 5 5 10 12 3 5 6 6 4 5 2 4 4 4
F232 5 5 5 5 5 11 3 4 4 5 2 2 4 7 4 6
F233 4 5 3 5 12 12 4 4 4 5 4 4 2 2 4 5
F234 4 5 5 5 12 12 4 4 6 6 2 4 5 7 2 4
F235 4 5 2 5 5 5 4 5 3 6 2 5 3 4 4 4
F236 5 5 5 5 11 12 3 5 4 6 2 4 4 4 2 4
F237 4 5 5 5 11 12 4 4 5 6 2 2 4 7 2 4
F238 4 5 5 7 5 11 4 4 6 11 2 4 7 9 2 5
F239 4 4 5 5 5 11 4 4 4 10 4 4 3 4 2 4
F240 5 5 5 5 12 12 4 4 4 5 4 4 4 4 2 4
F242 4 4 2 5 5 13 3 4 5 9 4 4 3 4 2 6
F243 5 5 5 5 5 5 3 5 4 4 2 2 2 7 4 5
F244 5 5 5 5 13 13 4 5 5 6 2 4 3 4 2 4
F245 5 5 5 7 12 13 4 7 6 6 4 4 2 2 2 2
F246 4 5 5 7 11 11 4 4 6 8 2 4 3 4 5 5
F247 2 5 5 5 5 12 3 4 4 5 2 2 5 5 2 4
F249 4 5 3 5 5 13 3 4 5 6 2 2 7 7 4 5
F250 4 5 5 5 12 12 4 8 4 6 2 2 4 5 1 2
F251 5 5 5 5 5 12 4 8 6 11 2 2 3 3 4 6
F252 4 5 5 5 5 12 4 4 5 5 2 2 6 7 3 4
F254 5 5 2 7 12 13 4 8 3 5 2 2 2 4 2 4
F255 4 5 7 7 13 13 4 4 4 5 2 4 3 6 2 4
F256 5 5 5 5 5 12 3 4 4 5 2 4 4 5 4 4
F257 5 5 3 5 6 12 4 8 6 6 4 4 4 4 4 4
F258 4 5 5 5 12 12 4 4 5 6 2 2 2 2 4 5
F259 5 5 5 5 5 12 3 4 5 6 4 4 5 9 2 5
F260 4 5 5 5 5 5 4 4 4 7 2 2 4 5 2 6
F261 5 5 5 5 11 12 2 4 4 5 2 2 4 5 4 4
F262 4 5 5 5 11 11 4 4 5 6 2 4 2 7 3 4
F263 4 5 2 3 5 12 4 4 4 4 4 4 4 7 4 4
F264 4 5 5 5 5 5 4 5 5 5 4 4 3 4 2 4
F265 4 5 5 7 5 5 4 5 4 5 2 2 5 6 2 5
F266 4 5 5 5 12 12 3 4 4 4 2 2 2 7 2 7
F267 4 5 5 5 12 13 3 3 5 5 2 2 2 11 2 6
F268 5 5 5 5 12 13 4 6 4 6 2 2 4 6 2 4
F269 5 5 5 5 5 11 4 4 6 6 2 4 2 3 5 6
F270 4 5 5 6 5 13 4 4 5 5 2 2 2 2 4 5
F271 5 5 5 5 5 12 3 4 4 6 2 4 2 3 5 5
F272 5 5 5 5 5 11 3 4 4 4 4 4 2 4 4 6
F273 5 5 5 5 5 12 4 4 6 6 2 4 6 9 4 4
F274 4 5 5 5 11 12 3 4 5 6 4 5 4 4 2 6
F275 5 5 5 5 5 5 4 5 6 6 2 4 5 9 2 2
F276 5 5 5 7 5 12 4 7 5 5 4 4 3 9 4 4
F277 5 8 5 5 5 13 4 4 5 5 2 2 3 4 3 6
F278 4 5 5 5 5 13 4 5 4 6 2 4 1 7 3 4
F279 5 5 5 5 5 5 4 4 4 6 2 2 2 7 4 5
F280 1 4 2 6 5 13 4 4 5 6 2 2 2 3 4 5
F281 5 8 5 5 5 13 4 4 4 6 4 4 3 6 2 4
F282 5 5 5 5 5 13 4 4 6 7 1 2 6 6 4 4
F283 5 5 2 5 12 13 3 3 6 6 2 2 2 4 2 4
F284 5 5 5 5 5 5 4 5 5 6 2 2 4 4 2 6
F285 4 5 5 5 5 5 4 6 4 6 2 4 3 6 2 2
F286 1 4 5 5 12 12 4 4 5 5 2 2 2 3 2 4
F287 4 4 2 5 5 11 2 4 5 5 4 5 4 4 1 2
F288 4 4 5 5 13 13 4 4 5 6 4 4 4 5 4 4
F289 4 4 5 5 11 14 4 8 5 5 2 2 2 9 2 5
F290 4 9 1 3 5 12 4 5 5 6 2 2 4 6 4 4
F291 4 4 5 5 12 12 3 4 4 6 2 2 2 6 4 4
F292 5 5 5 5 13 13 3 3 4 4 2 4 2 5 2 2
F293 4 4 5 5 11 13 3 4 3 7 2 4 4 5 4 4
F294 4 4 5 5 11 12 4 8 3 5 2 4 4 6 4 5
F295 1 4 2 5 5 11 4 8 5 6 2 3 3 6 2 4
F296 5 5 5 5 11 12 4 4 5 7 2 2 4 5 4 4
F297 5 5 5 5 5 11 3 3 5 5 4 4 4 5 3 4
F298 4 5 5 5 12 12 4 4 6 6 2 2 3 3 2 5
F299 5 5 2 5 5 12 4 4 5 6 2 2 4 5 2 6
F300 5 5 5 5 12 12 4 4 5 5 2 4 3 4 2 2
F301 4 5 5 5 5 13 4 4 5 6 2 3 3 4 5 5
F302 4 5 2 5 11 12 3 3 4 6 2 5 6 9 2 2
F303 5 5 5 7 11 11 3 3 5 6 2 2 4 4 4 5
F304 4 5 5 5 12 13 4 4 6 6 4 4 6 6 4 4
F305 5 5 5 7 11 11 4 4 5 5 3 4 3 4 2 4
F306 4 5 5 5 12 12 3 4 4 6 2 2 2 6 5 7
F307 5 5 5 5 5 12 4 8 6 8 5 7 5 6 2 2
F308 5 5 5 8 12 13 4 4 5 5 4 4 4 4 2 4
F309 5 5 5 5 12 12 4 5 5 7 2 4 3 3 2 6
F310 4 5 1 1 5 13 3 3 4 6 2 4 3 7 4 4
F311 1 5 2 5 5 12 4 8 5 5 4 4 2 5 2 2
F312 5 5 5 5 11 13 4 4 5 7 2 4 2 6 2 4
F313 4 4 1 5 12 13 3 4 5 5 4 4 6 6 2 4
F314 5 5 5 5 5 12 4 4 4 6 2 5 6 6 4 5
F315 4 5 5 5 11 12 4 8 3 5 2 4 3 4 2 2
F316 1 6 3 5 5 5 4 7 5 6 2 2 3 7 4 4
F317 4 5 5 6 11 12 4 4 4 6 4 4 4 5 4 4
F318 4 5 2 5 5 12 4 7 5 5 2 4 3 6 4 4
F319 1 4 5 5 5 5 4 4 5 5 2 4 5 6 2 6
F320 5 5 5 5 5 11 4 4 6 6 2 4 4 7 2 4
F321 2 5 2 5 5 14 3 3 6 6 4 4 2 2 2 2
F322 5 5 5 5 12 12 4 4 5 6 2 4 2 6 4 4
F323 4 5 5 5 11 13 3 8 5 6 2 3 2 4 2 4
F324 5 5 5 5 11 13 4 5 5 5 2 5 4 9 4 4
F325 5 5 5 5 5 5 4 4 5 5 2 2 4 4 6 7
F326 1 1 5 5 12 13 4 4 5 6 2 2 3 7 2 4
F327 4 5 5 5 12 13 3 4 4 5 2 2 3 4 2 2
F328 4 4 5 5 5 5 3 4 4 6 2 4 3 4 4 6
F329 4 5 2 5 11 12 4 8 4 4 2 2 3 3 4 6
F330 4 5 5 5 12 12 3 5 4 8 2 4 4 5 2 4
F331 5 5 2 2 5 12 4 4 4 5 2 2 3 3 4 6
F333 5 5 5 5 12 12 3 4 4 5 2 2 4 5 4 4
F334 5 5 2 5 11 12 4 4 5 6 2 2 4 6 2 7
F335 5 5 5 5 5 12 2 5 4 4 2 4 2 2 4 5
F336 5 5 5 5 13 14 4 5 5 6 2 4 1 1 2 2
F337 5 5 3 5 11 12 3 4 6 6 2 5 2 6 4 4
F338 5 5 1 5 12 12 5 5 4 5 4 4 2 5 4 4
F339 4 4 1 5 12 12 4 4 6 6 2 4 3 6 2 4
F340 5 5 5 6 12 13 3 4 6 6 2 2 3 6 2 4
F341 5 5 5 7 12 12 4 8 5 6 2 4 2 6 2 4
F342 4 5 5 5 5 12 3 4 6 6 2 2 5 7 2 2
F343 5 5 5 5 5 12 3 4 5 6 2 4 2 5 2 6
F344 5 5 5 5 5 12 4 4 6 6 2 4 4 6 4 6
F345 4 5 5 5 5 12 4 4 7 7 2 4 2 7 2 2
F346 4 5 5 6 12 12 4 8 5 6 2 4 4 5 8 8
F347 4 5 5 5 5 12 4 4 6 7 2 2 2 4 2 2
F348 4 5 3 5 5 11 4 5 5 5 2 3 4 10 2 2
F349 5 5 5 5 5 12 4 4 4 4 2 2 2 7 2 4
F350 4 5 5 5 5 13 4 4 4 5 2 2 3 4 2 4
F351 4 4 2 5 11 12 7 7 4 6 2 5 2 7 3 3
F352 5 5 2 5 12 12 4 4 4 5 1 2 3 3 6 6
F353 5 5 5 5 12 12 4 4 2 6 2 2 2 2 4 5
F354 1 5 5 5 5 12 4 4 4 5 4 4 2 4 2 4
F355 5 5 5 5 13 13 4 5 5 6 2 6 2 3 2 4
F356 5 5 2 5 12 12 4 7 4 6 2 3 4 4 4 5
F357 4 5 2 5 5 13 4 4 5 6 2 4 6 6 4 6
F358 4 5 5 5 11 11 4 4 6 6 2 2 2 3 2 5
F359 5 5 2 5 12 12 3 5 6 6 2 2 4 4 2 2
F360 5 5 5 5 5 11 5 8 4 7 2 2 3 9 2 4
F361 4 5 5 5 13 13 7 7 5 8 2 4 4 11 2 2
F362 4 5 5 5 11 12 4 4 5 6 4 4 4 7 4 6
F363 5 5 5 5 5 12 4 7 4 6 2 4 3 5 2 4
F364 5 5 5 6 12 13 4 4 4 5 2 5 4 7 2 2
F365 4 5 2 5 12 13 4 4 4 5 2 4 4 6 4 4
F366 4 5 5 5 12 13 4 7 6 6 2 2 3 4 2 5
F367 4 5 5 5 13 13 4 8 5 7 2 2 3 5 2 5
F368 4 4 5 5 5 13 4 8 6 6 2 4 2 4 4 4
F369 5 5 5 5 5 5 4 4 5 5 4 4 2 6 4 4
F370 5 5 5 5 12 12 3 4 5 11 2 4 2 7 2 4
F371 5 5 2 5 10 11 4 9 4 6 2 2 3 6 4 4
F372 1 5 5 5 12 12 3 4 3 5 2 4 2 4 2 2
F373 5 5 5 5 12 12 3 4 5 6 2 2 4 4 4 5
F374 5 5 5 5 5 11 4 4 3 6 2 2 5 6 2 7
F375 5 5 4 5 5 12 3 4 5 6 1 2 5 5 4 6
F376 5 5 5 5 12 12 3 4 5 5 2 4 5 5 2 6
F377 4 5 5 5 12 13 3 4 6 6 2 2 4 4 2 5
F378 5 5 1 5 11 13 3 4 7 11 2 2 6 7 2 6
F379 4 5 5 5 5 5 3 5 6 6 2 2 3 4 4 5
F380 5 5 1 5 5 5 4 4 5 7 2 4 4 5 4 6
F381 4 5 3 5 5 12 4 4 4 6 2 2 7 7 4 5
F382 4 5 2 5 12 12 4 4 6 6 2 2 3 11 2 5
F383 5 5 7 7 12 13 4 4 5 6 2 4 6 11 2 4
F384 1 5 3 5 12 12 4 5 4 6 2 4 3 4 3 4
F385 4 5 5 7 12 12 4 9 4 4 4 4 4 5 4 6
F386 5 5 5 7 11 12 4 4 5 6 4 4 5 6 2 2
F387 4 5 5 5 5 12 4 4 4 5 2 4 3 7 4 4
F388 4 5 5 5 5 12 3 4 5 5 2 2 9 9 2 6
F389 4 5 5 5 5 13 4 4 5 6 2 2 4 4 2 6
F391 5 5 5 5 12 12 4 4 5 6 2 4 3 6 2 2
F392 5 5 5 5 11 12 4 4 6 6 2 2 7 11 2 2
F393 4 5 3 5 12 12 3 7 6 6 2 2 4 6 4 4
F395 4 5 1 6 5 13 4 4 5 5 2 2 3 5 2 4
F396 5 5 5 5 12 12 4 4 4 6 2 2 4 5 4 4
F398 4 4 5 6 5 5 4 4 6 6 1 5 6 7 4 4
F399 4 5 5 5 5 12 3 4 6 6 4 4 3 6 2 2
F400 5 5 5 7 5 5 4 4 5 5 2 3 2 7 4 4
F401 5 5 1 5 11 12 3 4 5 6 2 4 2 6 4 4
F402 5 5 5 5 11 13 3 9 4 10 2 2 3 3 4 4
F404 4 4 5 5 12 12 4 4 4 4 4 4 2 6 2 7
F405 5 5 5 5 5 11 4 5 5 5 2 4 2 4 4 4
F406 4 5 5 5 12 12 4 4 5 6 2 4 2 5 2 5
F407 4 5 5 5 5 12 4 4 4 5 2 2 4 6 4 4
F408 5 5 5 5 12 12 3 3 6 7 2 3 4 4 2 6
F409 1 5 5 6 11 12 4 4 5 5 2 5 4 6 4 4
F410 5 5 5 5 13 13 4 4 4 6 2 4 5 6 4 4
F411 4 5 5 6 5 12 3 4 3 4 2 2 2 7 2 4
F412 1 5 5 5 11 11 4 4 3 5 2 2 4 7 2 5
F413 5 5 5 5 11 12 4 10 6 8 2 2 3 3 4 4
F414 5 5 1 5 5 13 4 7 5 6 2 2 2 3 4 4
F415 5 5 5 5 5 12 8 8 5 5 2 4 6 6 2 4
F416 5 5 5 5 5 13 3 4 6 6 2 2 4 7 2 2
F417 4 5 5 5 5 11 4 4 4 5 2 5 4 9 2 5
F418 4 5 5 5 5 5 4 8 4 6 2 4 2 3 4 6
F419 4 5 5 5 5 12 4 5 4 6 2 4 3 3 2 7
F420 5 5 1 5 12 12 4 5 5 6 2 4 5 5 3 4
F421 5 5 5 5 11 13 3 4 5 5 4 4 2 6 4 7
F422 4 5 5 5 5 11 4 5 5 5 2 4 3 6 2 2
F423 5 5 5 5 12 12 4 4 6 6 2 2 4 4 2 6
F424 5 5 5 5 12 13 3 4 5 10 2 2 6 6 2 4
F425 4 5 5 5 5 10 3 7 4 6 2 2 2 3 2 4
F426 4 4 5 5 5 12 4 4 6 6 2 2 4 6 6 6
F427 4 5 5 5 12 12 4 8 3 3 3 4 2 4 5 5
F428 5 5 3 5 5 11 3 3 5 6 2 4 4 4 4 4
F429 5 5 5 5 12 12 3 4 4 6 2 4 2 6 2 5
F430 5 5 5 5 11 12 4 4 5 6 2 2 2 10 4 6
F431 4 5 5 5 5 13 4 4 4 6 2 4 4 4 4 5
F432 1 5 5 5 5 11 4 4 5 6 2 5 4 6 4 6
F433 5 5 5 5 5 13 3 4 5 6 2 4 2 6 2 6
F434 5 5 5 5 11 11 4 4 5 6 2 2 4 4 2 4
F435 1 5 5 5 12 12 4 7 4 5 2 2 3 4 2 2
F436 5 5 5 5 11 12 4 4 4 5 2 3 6 6 4 4
F437 4 5 5 5 12 13 3 4 5 6 2 2 2 3 6 6
F438 5 5 5 5 5 12 4 4 5 5 2 2 3 4 4 4
F439 1 5 5 5 12 12 3 3 5 5 2 2 6 6 4 5
F440 5 5 5 5 5 12 4 4 5 7 1 2 2 4 2 4
F441 4 5 3 7 5 12 4 7 4 5 2 2 4 6 2 6
F442 5 5 5 5 12 12 5 8 5 6 2 4 4 4 2 6
F443 4 5 5 6 11 12 3 4 4 8 2 2 2 4 2 2
F444 5 5 5 5 12 12 3 7 4 5 4 4 3 4 4 4
F445 4 4 5 5 11 13 4 4 4 6 4 4 5 7 2 5
F446 5 5 5 5 12 13 4 4 5 6 2 2 7 7 4 6
F447 4 5 3 5 12 12 4 4 4 6 2 2 6 6 5 8
F448 5 5 1 7 12 12 3 3 4 6 2 4 4 5 2 5
F449 5 5 5 5 5 13 3 8 6 6 4 4 2 4 4 5
F450 5 5 3 5 5 12 3 4 5 6 2 2 3 4 4 4
F452 4 5 5 5 5 13 4 4 4 5 2 2 4 6 2 7
F453 1 5 1 1 5 12 4 8 4 4 4 4 4 5 2 4
F454 4 4 5 5 5 12 4 4 5 6 4 4 4 6 2 6
F455 4 5 3 5 5 12 3 3 5 5 2 4 7 7 2 2
F456 5 5 5 5 5 11 4 8 5 11 2 4 3 4 4 4
F457 4 5 5 5 11 11 3 4 5 6 2 2 3 5 2 5
F459 5 5 5 5 12 12 2 4 4 6 2 2 4 5 4 6
F460 4 5 5 5 5 12 4 7 6 6 2 2 4 7 4 6
F461 5 5 3 5 5 5 3 4 5 5 2 4 2 4 2 2
F462 5 5 2 2 5 12 4 4 3 4 2 2 7 9 2 4
F463 5 5 5 5 5 11 4 4 4 5 2 2 3 6 2 4
F464 5 5 5 5 11 12 3 3 5 6 2 4 2 4 2 6
F465 1 5 2 5 5 5 3 4 4 5 2 2 6 6 5 6
F466 5 5 2 5 5 5 4 4 6 6 2 5 3 4 4 5
F467 5 5 5 5 13 13 3 3 5 6 2 4 4 4 2 5
F469 5 5 5 5 5 11 4 4 5 6 2 2 4 4 5 6
F470 5 5 5 5 5 12 3 3 5 5 2 3 2 6 2 4
F471 5 5 5 5 5 5 3 3 5 5 2 4 4 5 2 5
F473 5 5 5 5 5 5 2 4 5 6 2 2 2 6 4 5
F474 5 5 5 5 11 12 4 5 5 6 4 4 4 9 2 7
F475 5 5 5 5 5 11 2 8 5 5 2 2 2 3 2 4
F476 5 5 3 3 4 5 4 4 6 6 2 2 3 3 2 4
F477 4 5 5 6 12 12 4 4 4 4 2 2 3 3 2 4
F478 5 5 5 7 5 12 5 8 4 6 2 2 2 4 4 4
F479 5 5 5 5 5 12 3 4 5 6 2 2 6 6 6 6
F480 1 4 3 5 12 14 4 4 5 7 4 4 4 5 4 5
F481 1 2 5 5 5 12 4 4 5 5 2 4 4 4 2 4
F482 4 5 5 7 5 12 4 4 6 6 2 2 6 7 4 4
F483 4 5 5 5 5 11 5 8 5 5 4 4 2 4 1 4
F484 5 5 5 5 5 13 4 4 5 6 2 2 4 4 2 4
F485 5 5 5 5 5 11 4 4 4 5 2 4 4 6 4 6
F486 4 5 5 5 12 13 4 5 4 10 2 2 2 4 4 4
F487 4 5 5 5 5 12 3 8 3 6 2 2 3 6 4 4
F488 5 5 2 5 11 11 4 4 6 6 2 3 2 7 4 4
F489 4 4 5 5 5 11 4 4 5 5 2 2 3 6 2 2
F490 5 5 2 5 5 10 3 4 6 6 2 5 6 6 2 4
F491 4 5 5 5 12 13 4 4 5 7 5 5 3 5 2 6
F492 4 5 5 5 11 12 4 5 5 5 2 2 3 4 4 6
F493 4 4 3 3 12 13 3 4 5 5 2 2 3 3 4 4
F495 5 5 5 6 11 12 3 4 4 5 2 4 5 6 6 8
F496 5 5 5 5 5 12 4 4 4 6 2 4 3 6 2 2
F497 4 5 5 5 13 13 3 4 5 5 2 2 4 7 2 2
F498 5 5 5 5 11 11 8 8 4 5 1 5 3 5 2 6
F499 5 5 5 6 5 5 4 4 5 6 2 5 3 4 2 7
F500 5 6 5 5 12 13 4 4 5 11 2 2 2 4 2 4
F501 5 5 3 3 11 12 4 4 5 5 2 2 4 5 5 5
F502 1 5 5 5 5 12 4 4 5 6 2 4 4 6 2 2
F503 5 5 5 5 12 12 4 8 4 5 2 2 5 6 4 5
F504 5 5 2 5 5 5 4 4 5 6 4 4 3 4 4 4
F505 1 5 3 5 12 12 8 8 5 6 2 2 2 4 4 4
F506 5 5 5 5 12 12 3 4 5 5 2 2 6 6 4 4
F507 4 5 5 5 11 12 3 8 5 6 2 2 3 6 4 5
F508 4 5 2 5 11 12 4 4 4 6 2 4 2 4 2 6
F509 4 5 5 5 5 12 5 7 5 6 4 4 3 5 2 5
F511 3 4 5 5 12 12 4 4 3 4 2 4 6 6 2 4
F512 1 4 2 5 12 13 4 4 4 4 2 4 3 5 5 6
F513 4 5 5 5 11 14 3 5 4 6 2 2 4 6 2 2
F514 5 5 2 5 5 12 4 4 5 5 4 4 2 4 2 6
F515 4 5 5 5 5 12 4 4 4 5 4 4 4 7 2 4
F516 1 4 5 5 12 12 3 4 5 6 2 4 3 7 2 4
F517 5 5 5 5 5 12 3 5 6 8 2 2 7 7 2 6
F518 5 5 5 5 12 14 4 4 6 6 2 5 3 5 2 4
F519 5 5 7 7 12 12 4 4 4 5 2 2 4 6 2 6
F520 4 5 5 5 5 5 3 4 5 5 2 4 6 7 4 7
F521 5 5 5 5 5 12 2 8 4 4 2 4 3 4 4 4
F522 5 5 2 5 11 11 4 5 4 7 2 2 3 3 4 5
F523 4 5 5 7 11 12 4 4 5 6 2 4 4 7 6 8
F524 1 5 5 5 5 11 3 4 4 4 2 4 2 4 4 4
F525 5 5 5 5 12 12 3 8 6 6 2 2 5 6 4 4
F526 5 5 2 5 5 5 3 8 5 6 2 2 3 7 2 4
F527 4 5 5 5 12 13 3 4 5 5 4 4 2 4 5 6
F528 4 5 5 5 5 5 3 4 4 5 2 4 4 4 4 7
F529 4 5 5 5 5 11 4 5 5 6 2 4 3 3 2 2
F530 4 5 5 5 5 12 3 8 5 5 4 4 4 6 2 5
F531 4 5 1 6 5 12 3 8 4 7 2 7 2 2 2 2
F532 4 5 5 5 5 11 4 8 4 6 2 2 4 4 4 6
F533 5 5 6 7 12 12 3 4 5 5 2 4 4 9 4 4
F534 5 5 5 5 11 12 4 4 5 5 3 4 2 4 3 4
F535 5 5 5 5 5 12 4 4 4 5 2 2 5 6 3 4
F536 5 5 5 5 12 13 3 7 5 5 2 2 4 6 2 3
F537 4 5 2 5 12 12 4 4 5 6 2 4 3 6 4 4
F538 5 5 2 5 5 12 4 4 4 5 2 2 2 9 2 5
F539 4 5 5 5 11 12 4 4 5 5 2 2 2 7 2 7
F540 4 5 5 5 5 5 4 7 7 11 2 3 2 7 4 4
F541 4 5 5 5 5 12 4 4 4 5 2 2 4 4 4 6
F542 5 5 5 6 13 13 3 4 4 6 2 4 3 7 3 5
F543 5 5 5 7 11 12 4 4 4 4 2 2 4 4 4 4
F544 5 5 2 5 5 12 3 4 5 6 2 2 4 7 2 4
F545 5 5 2 7 12 12 4 4 5 6 3 5 3 6 4 8
F546 4 5 5 5 12 12 4 4 6 6 2 2 6 7 4 4
F547 4 5 2 5 5 5 3 4 4 5 2 2 3 3 2 6
F548 5 5 3 5 12 12 4 4 4 5 2 2 2 7 4 4
F549 4 5 5 5 5 5 3 4 4 9 2 4 2 6 2 2
F550 4 5 5 5 12 12 4 9 5 6 2 2 2 6 4 5
F551 4 5 5 5 5 12 4 5 4 4 4 5 2 6 4 4
F552 5 5 5 5 5 12 4 4 6 9 2 2 2 4 7 7
F553 5 5 5 5 5 5 4 4 5 6 2 3 5 6 2 4
F554 4 5 5 5 5 5 4 4 5 6 2 2 2 3 3 4
F556 5 5 5 5 12 13 4 4 6 6 2 4 4 6 2 4
F557 4 5 5 5 5 13 4 7 4 6 2 2 4 5 6 6
F558 5 5 2 5 5 11 4 4 4 5 2 4 4 7 2 2
F559 5 5 5 5 5 12 4 4 5 5 2 4 1 4 2 4
F560 5 5 5 5 5 12 3 3 6 6 4 4 2 3 4 4
F561 5 5 7 7 11 12 3 8 5 5 2 4 2 2 4 5
F562 5 5 3 5 5 5 3 4 5 11 2 4 4 6 2 4
F563 4 5 5 6 5 5 4 4 12 12 2 5 6 6 2 4
F564 4 5 5 5 5 11 4 7 5 6 2 4 4 5 4 4
F565 5 5 2 5 14 14 3 4 4 5 4 4 3 6 3 4
F566 4 5 5 5 5 12 3 8 3 6 4 4 4 6 4 6
F567 4 5 5 7 12 12 4 4 6 10 2 2 2 4 3 6
F568 4 5 5 5 5 12 3 5 6 6 2 2 2 7 4 4
F569 3 5 5 5 5 11 3 4 5 6 4 4 4 6 2 6
F570 4 5 5 5 5 13 4 4 4 5 2 4 4 5 2 4
F571 4 5 5 5 11 12 4 5 5 6 2 4 4 7 5 5
F572 5 5 2 5 5 11 4 5 4 6 4 8 2 4 2 2
F574 5 5 5 5 5 11 4 5 5 5 2 4 4 4 4 4
F575 5 5 5 5 11 13 3 9 5 5 4 4 3 4 6 6
F576 5 5 5 5 12 12 4 4 5 7 4 4 2 3 2 4
F577 1 4 5 5 12 13 3 4 4 6 2 2 5 5 4 4
F578 5 5 3 5 12 14 4 4 5 6 2 3 3 6 4 5
F579 1 5 5 5 12 12 3 8 4 6 2 5 5 6 2 2
F580 4 5 5 5 12 13 3 7 5 6 2 2 6 6 2 4
F581 5 5 5 5 5 13 4 4 6 7 2 2 2 5 2 2
F582 5 5 1 5 5 11 4 4 5 6 2 2 3 4 4 4
F583 5 5 2 2 5 12 4 4 4 4 2 2 2 4 2 4
F584 5 5 5 6 5 12 3 4 5 5 2 2 3 5 2 2
F585 5 5 5 6 5 5 4 5 5 5 2 4 4 6 5 5
F586 5 5 2 7 5 12 3 8 3 5 2 4 4 6 2 4
F587 5 5 2 5 11 13 5 5 4 4 2 4 2 3 2 2
F588 5 5 5 5 5 5 4 5 5 6 2 4 3 4 4 5
F589 5 5 3 5 5 12 4 4 4 5 2 5 5 9 4 4
F590 5 5 5 7 12 12 4 4 6 6 2 2 4 6 4 5
F591 5 5 2 5 12 12 4 4 4 8 2 2 2 4 2 4
F592 4 5 5 5 5 5 1 8 5 6 2 2 3 3 4 4
F593 4 5 5 5 5 12 3 4 5 6 2 2 4 4 5 5
F594 5 5 3 7 5 5 4 7 4 4 2 2 4 6 2 4
F595 4 4 5 5 12 12 3 4 5 5 2 4 3 6 2 2
F596 4 5 5 5 5 13 4 4 5 11 2 2 1 5 4 4
F597 4 5 5 5 11 13 4 8 4 6 2 4 4 4 4 4
F598 4 5 5 5 1 5 4 4 4 6 2 2 5 5 4 5
F599 4 5 5 7 5 12 3 4 6 7 4 4 3 4 2 4
F600 4 5 5 5 5 11 8 8 4 5 2 2 2 7 2 7
F601 5 5 5 5 5 14 4 4 4 5 2 5 2 3 2 5
F602 1 5 2 5 5 11 4 8 5 5 4 4 3 6 3 4
F603 3 6 5 5 5 12 4 4 6 6 2 2 3 5 4 5
F604 4 5 2 5 5 11 4 7 4 6 2 2 5 6 2 4
F605 5 5 5 5 12 12 4 5 5 6 2 4 9 9 3 3
F606 5 5 5 5 11 12 4 4 5 5 2 2 2 5 2 3
F607 4 5 5 5 5 12 4 4 5 6 4 5 1 3 4 5
F609 5 5 5 5 11 11 4 4 4 4 5 5 2 2 6 6
F610 4 4 5 5 5 12 3 4 5 5 4 4 4 6 2 6
F611 5 5 5 5 12 12 3 4 6 7 2 4 3 6 2 4
F612 4 5 5 5 5 12 4 4 5 5 4 4 6 6 2 4
F614 5 5 5 5 5 13 4 4 4 5 2 2 4 4 2 4
F615 5 5 5 5 12 13 5 5 4 4 2 2 6 6 3 4
F616 5 5 5 5 12 12 4 5 5 6 4 4 2 4 4 4
F617 5 5 5 7 11 11 3 4 4 5 2 2 2 7 2 4
F618 5 5 5 5 5 10 3 5 4 11 2 2 3 7 2 2
F619 4 5 5 5 5 13 4 5 4 5 2 2 2 3 2 6
F620 4 5 5 6 5 5 4 4 4 5 4 4 6 6 4 5
F621 5 5 5 5 5 12 4 4 3 6 2 4 2 5 2 5
F622 1 4 2 5 13 13 4 4 4 10 2 2 4 6 2 7
F623 5 5 5 5 5 5 4 5 6 6 2 5 6 7 4 4
F624 5 5 5 5 12 12 4 4 2 6 2 2 2 4 2 4
F625 4 5 5 5 5 12 4 8 5 6 4 4 2 4 2 4
F626 5 5 5 5 5 13 4 4 5 5 2 2 5 6 2 2
F627 4 4 3 3 5 7 3 4 4 5 4 4 3 4 4 4
F628 4 5 5 5 5 12 3 4 5 6 2 4 3 3 2 5
F629 5 5 5 5 5 13 3 4 5 6 2 3 3 3 2 8
F630 5 5 5 5 5 12 4 4 4 5 4 4 3 3 4 4
F631 4 5 6 6 5 5 4 4 4 5 2 4 3 4 2 6
F632 4 5 5 5 5 12 4 5 5 6 2 2 3 4 4 5
F633 5 5 5 5 5 12 4 4 5 6 2 2 6 7 2 2
F634 4 5 3 5 5 12 4 4 6 6 2 2 5 5 4 4
F635 4 5 5 5 5 12 4 4 6 6 1 4 3 5 2 4
F636 5 5 5 5 5 5 3 4 7 7 2 2 7 7 2 2
F637 1 5 5 5 5 5 4 5 4 5 2 2 2 3 2 2
F638 5 5 5 6 5 7 4 4 5 6 2 4 3 6 4 4
F639 1 4 5 5 12 12 3 5 5 5 4 5 3 6 4 5
F640 4 5 5 7 5 12 3 3 4 7 2 4 4 5 4 4
F641 1 5 5 7 5 12 4 8 5 5 2 4 2 2 2 5
F642 4 5 5 7 5 6 3 3 5 5 2 2 7 7 4 7
F643 5 5 5 5 12 12 8 8 4 5 2 2 3 4 4 4
F644 4 5 5 7 12 13 4 5 5 5 2 2 6 7 2 5
F645 4 5 3 5 5 12 3 3 5 8 2 4 6 7 2 2
F646 1 4 5 5 12 12 4 8 6 6 2 2 3 4 2 5
F647 5 5 5 5 5 12 3 4 3 5 2 4 2 7 4 4
F648 5 5 5 5 11 12 4 4 6 6 2 4 2 2 2 7
F649 4 5 5 5 11 13 4 8 6 6 3 4 2 2 5 5
F650 5 5 5 5 12 12 4 5 6 7 3 4 3 4 2 6
F651 5 5 3 5 12 13 2 4 5 6 2 4 4 6 2 2
F652 4 5 5 5 5 12 3 3 5 6 2 2 4 4 2 5
F653 5 5 5 5 5 12 3 4 5 6 2 2 2 6 4 4
F654 4 4 5 5 5 12 4 5 5 5 2 2 4 6 4 5
F655 4 5 1 5 10 11 4 4 6 8 1 2 2 7 4 4
F656 4 5 2 5 5 12 4 4 6 7 2 4 3 5 4 4
F657 4 5 5 7 12 13 4 4 4 5 2 5 2 2 5 5
F658 5 5 5 7 12 12 3 4 6 6 2 2 3 4 2 4
F659 4 5 5 5 5 12 4 7 5 7 2 4 3 4 2 5
F660 4 5 5 5 12 13 5 7 5 6 1 4 5 5 4 4
F661 5 5 5 5 11 12 4 4 5 5 2 2 6 6 4 8
F663 5 5 5 5 5 12 4 8 4 6 4 4 3 6 4 7
F664 4 5 5 5 11 12 3 4 5 6 2 3 3 3 5 5
F665 5 5 2 2 12 12 3 4 5 6 2 2 3 3 2 4
F666 5 5 2 5 5 10 3 5 5 6 2 4 3 3 2 4
F667 4 5 5 5 5 5 4 4 4 6 2 4 4 6 5 5
F668 4 5 5 5 11 13 3 8 6 6 4 4 3 4 1 4
F669 5 5 5 5 12 13 4 8 4 5 2 2 4 6 2 4
F670 4 4 5 5 12 13 4 4 4 4 2 2 3 4 2 4
F671 5 5 5 5 5 12 3 4 4 5 2 2 3 6 4 6
F672 5 5 5 5 12 12 4 4 5 5 4 7 4 6 3 4
F673 5 5 5 5 13 13 4 5 5 5 2 4 2 7 3 4
F674 5 5 7 7 5 11 4 5 5 5 2 4 2 2 2 4
F675 5 5 5 5 5 12 4 5 6 6 2 2 4 6 4 6
F676 5 5 5 5 5 5 4 4 6 6 2 2 4 6 4 4
F677 4 5 2 2 5 12 4 4 4 4 2 2 2 11 2 6
F678 1 5 2 5 13 13 4 4 4 7 2 2 4 6 2 6
F679 5 5 5 5 2 5 4 7 6 11 2 2 5 5 4 4
F680 5 5 5 5 11 13 4 4 6 7 2 4 5 5 4 4
F681 5 5 3 5 12 12 7 8 6 6 2 4 5 9 3 4
F682 5 5 5 5 12 13 4 4 7 11 2 4 4 4 2 2
F683 4 4 5 7 5 11 3 4 4 6 2 2 3 3 2 4
F684 5 5 3 7 12 12 4 8 5 5 2 4 2 7 4 4
F685 5 5 5 5 5 12 4 5 4 6 2 2 7 7 2 2
F686 5 5 3 5 5 5 4 4 5 5 2 2 3 6 2 4
F687 4 4 5 5 5 6 3 3 5 6 2 4 4 6 4 6
F688 5 5 2 6 5 5 4 4 4 5 2 2 3 3 4 6
F689 5 5 2 5 5 11 4 8 6 6 2 2 3 4 4 7
F690 5 5 5 5 5 13 4 4 5 6 2 4 3 6 2 4
F691 5 5 5 5 12 13 4 4 4 10 2 5 4 6 4 7
F692 4 5 2 5 5 12 4 4 5 6 2 2 3 6 4 6
F694 4 5 3 5 5 12 4 4 5 6 2 3 2 3 2 5
F695 4 5 2 5 12 12 4 4 5 5 2 2 5 5 2 4
F696 5 5 3 7 5 13 4 4 6 8 2 2 5 7 7 7
F697 5 5 5 5 12 13 4 4 5 5 2 2 2 6 2 2
F698 5 5 5 5 2 5 4 4 4 4 2 4 2 7 5 6
F699 4 5 5 5 5 5 3 4 4 5 4 4 2 3 4 4
F700 4 5 5 5 5 13 5 8 5 6 4 5 6 6 2 6
F701 4 5 1 5 11 12 3 4 5 5 2 4 3 6 4 5
F702 5 5 2 5 12 12 4 4 4 5 2 4 3 4 5 5
F703 5 5 2 5 5 10 3 4 5 5 2 4 4 5 4 6
F704 1 4 5 5 12 13 3 4 5 6 2 3 2 2 5 5
F705 5 5 5 5 5 11 4 4 6 6 2 4 3 4 4 5
F706 4 5 2 7 5 13 4 4 5 7 2 5 2 7 2 6
F707 5 5 5 5 12 12 3 4 4 5 2 2 5 5 2 7
F708 4 5 5 5 11 13 4 5 4 6 2 2 2 2 2 4
F709 4 5 5 5 5 5 3 4 6 7 2 4 4 4 2 4
F710 5 5 5 5 5 12 3 4 4 7 2 4 3 4 4 6
F711 5 5 5 7 5 5 3 5 4 6 2 7 2 5 4 6
F712 4 5 5 5 12 13 7 8 4 5 2 2 4 7 4 4
F713 1 5 5 5 5 12 3 4 4 6 4 4 4 5 4 4
F714 4 5 5 5 5 12 4 4 5 6 2 2 3 9 2 2
F715 5 5 5 5 12 13 4 4 5 5 2 4 3 3 2 6
F717 4 5 5 5 5 12 4 4 5 5 2 2 4 4 2 2
F718 1 5 2 3 12 12 4 5 5 6 4 4 5 5 4 8
F719 5 5 5 6 13 13 4 4 3 5 2 2 4 7 2 4
F720 4 5 5 5 5 12 4 4 5 5 2 4 4 4 4 5
F721 4 5 5 5 5 5 7 7 4 5 2 2 3 3 2 4
F722 5 5 2 5 11 12 3 4 4 5 2 2 3 3 4 5
F723 5 5 5 7 12 12 4 4 5 5 2 4 2 4 2 3
F724 4 5 5 5 11 13 3 4 4 5 4 4 3 4 4 5
F725 5 5 1 3 12 12 4 5 3 5 2 4 2 4 4 8
F726 4 5 5 5 5 5 3 4 6 6 2 4 4 4 2 4
F727 5 5 5 7 5 12 4 4 4 4 2 4 3 3 4 4
F728 5 5 5 5 10 12 4 8 6 6 2 2 5 6 2 4
F729 4 9 5 5 12 12 3 4 5 5 2 4 3 5 5 5
F730 5 5 5 5 12 12 3 3 6 6 2 2 2 6 2 4
F731 5 5 5 5 12 12 4 4 4 5 1 2 3 6 4 4
F732 5 5 5 5 11 12 3 4 5 6 2 4 4 4 2 4
F733 5 5 5 5 11 12 3 4 4 5 4 4 4 6 4 5
F734 4 5 5 5 12 12 3 3 5 6 2 4 5 6 4 4
F735 5 5 5 5 5 12 4 5 4 4 4 4 3 5 2 4
F736 5 5 5 5 5 12 3 3 5 5 2 2 2 5 4 5
F737 5 5 5 5 11 12 4 5 4 5 4 4 4 5 4 4
F738 4 5 5 5 5 12 4 8 5 6 2 2 4 6 4 4
F739 1 5 5 5 5 5 3 4 6 6 4 5 4 9 2 2
F741 1 5 1 5 5 12 4 8 5 6 2 2 3 4 4 4
F742 5 5 2 5 5 11 4 4 4 8 4 4 3 3 4 4
F743 5 5 5 5 5 12 4 4 3 6 2 2 2 6 4 5
F744 4 5 5 5 5 5 4 4 4 7 5 5 6 7 4 5
F745 4 4 5 5 11 13 3 7 4 4 2 5 7 7 4 4
F746 5 5 5 7 5 12 4 4 4 11 2 2 1 6 4 5
F747 5 5 2 5 13 13 4 4 5 6 1 2 4 6 2 5
F748 5 5 1 5 5 13 4 5 4 6 2 4 9 9 4 6
F749 1 5 2 2 5 13 4 4 3 6 2 2 3 8 4 4
F750 4 5 1 7 11 12 3 4 5 5 2 2 3 7 2 4
F751 5 5 3 5 11 13 4 4 5 6 2 2 3 4 2 7
F752 5 5 5 5 12 12 4 4 5 6 2 4 3 4 2 3
F754 5 5 1 7 12 13 4 4 5 6 4 4 3 6 2 4
F755 4 5 3 5 5 5 4 5 5 6 2 4 3 6 4 5
F756 4 4 2 5 5 12 4 4 5 5 2 4 4 4 2 2
F757 4 4 5 5 5 5 4 4 6 6 1 4 4 6 4 5
F758 5 5 5 5 12 12 4 4 5 5 2 2 5 11 4 4
F759 4 5 5 5 10 13 4 4 4 5 5 5 4 7 2 2
F760 5 5 5 5 5 12 4 4 5 6 2 4 3 9 2 5
F761 5 5 5 5 12 12 5 5 4 9 2 2 3 6 2 6
F762 5 5 5 5 5 5 3 4 4 6 2 4 7 9 4 4
F763 4 4 2 5 12 12 4 4 5 6 2 4 2 3 2 4
F764 4 5 5 5 5 13 5 5 5 6 2 3 2 4 4 6
F765 4 5 2 2 5 13 4 4 4 7 2 4 3 7 4 6
F766 5 5 5 5 5 12 4 4 5 6 2 4 4 5 2 4
F768 5 5 5 5 11 12 4 4 3 6 2 4 2 4 4 5
F769 4 5 5 7 12 13 4 4 5 5 2 2 4 4 5 6
F770 5 5 2 5 5 12 4 4 4 7 4 4 6 7 2 2
F771 4 5 5 5 11 12 4 5 3 6 4 5 2 6 4 4
F772 5 5 2 5 5 13 4 7 4 5 2 4 6 6 2 5
F773 5 5 5 5 5 12 4 4 4 4 1 4 3 4 4 5
F774 5 5 5 7 5 5 5 5 6 7 4 5 3 5 2 4
F775 1 9 5 5 5 12 3 4 4 6 2 4 3 4 2 5
F776 5 5 5 5 12 12 3 8 4 6 2 4 3 3 4 6
F777 5 5 5 5 5 13 4 5 5 6 2 2 4 5 5 6
F778 5 5 5 7 12 13 4 8 3 4 2 4 6 6 2 2
F779 4 5 5 7 5 5 3 4 4 5 2 4 2 9 2 4
F780 5 5 6 6 5 11 4 7 4 5 2 2 2 4 4 4
F781 5 5 5 5 5 12 4 5 5 6 2 2 5 5 4 5
F782 4 5 3 5 5 12 4 4 6 6 3 4 2 4 2 4
F783 4 5 5 5 5 5 3 3 5 6 4 5 6 11 2 4
F784 5 5 1 5 5 12 4 4 4 4 2 2 4 5 2 3
F785 5 5 5 5 5 12 3 4 4 6 4 5 4 4 2 6
F786 5 5 5 5 5 5 3 3 4 6 2 4 3 11 4 4
F787 5 5 5 5 5 13 4 8 5 7 2 4 2 2 2 3
F788 5 5 5 5 5 11 4 4 4 6 2 4 4 4 2 4
F789 5 9 5 5 12 12 4 4 6 6 2 2 3 9 4 4
F790 4 5 5 5 5 12 3 5 6 6 3 5 4 7 4 6
F791 4 5 2 5 5 5 4 5 5 5 2 2 4 4 3 4
F792 5 5 5 5 12 13 1 4 5 11 2 2 3 3 2 4
F793 5 5 5 5 5 12 3 3 4 5 2 2 5 7 2 4
F794 4 5 5 5 12 13 3 3 4 6 3 4 5 6 2 5
F795 5 5 5 5 5 12 3 4 6 6 2 4 7 7 2 6
F797 4 5 5 7 11 13 3 4 3 6 1 2 1 4 2 4
F798 4 5 2 3 5 11 3 4 6 7 2 4 6 6 2 4
F799 5 5 5 5 12 12 4 4 6 6 2 4 2 5 3 6
F800 5 5 5 5 5 13 3 5 5 6 4 4 3 3 2 4
F801 4 5 5 5 11 11 3 4 5 5 2 3 4 5 2 2
F802 5 5 5 5 12 13 4 4 2 5 2 2 2 3 4 4
F804 4 4 2 5 5 5 3 8 5 6 4 4 4 5 2 7
F805 5 5 5 5 2 11 4 4 4 6 2 2 4 6 4 6
F806 5 5 5 5 3 13 4 8 6 6 4 4 2 3 2 2
F807 4 4 5 5 5 12 3 4 4 6 2 4 5 6 3 4
F809 1 5 5 5 5 12 3 4 3 4 4 4 3 6 2 5
F810 5 5 5 5 11 12 4 4 6 6 2 2 2 4 4 6
F811 5 5 1 5 5 5 4 4 4 6 2 4 6 6 4 8
F812 1 5 5 5 5 13 4 4 4 6 2 4 4 5 4 4
F813 4 4 5 5 11 12 4 4 3 4 2 4 4 4 2 4
F814 5 5 5 5 12 12 5 5 4 4 2 4 2 3 4 4
F815 4 5 5 5 12 13 4 8 6 6 3 4 2 6 2 4
F817 1 5 3 5 5 12 4 8 6 10 2 4 2 4 2 3
F818 4 5 5 5 5 12 3 4 5 5 2 2 4 7 3 4
F819 1 5 5 5 12 13 4 8 5 6 2 2 4 6 2 2
F820 4 5 5 5 12 13 3 8 5 5 4 4 3 5 4 6
F821 4 5 2 5 4 4 4 4 5 5 2 4 4 6 2 4
F823 5 5 5 5 5 5 3 3 6 9 2 2 4 7 2 5
F824 5 5 2 5 5 5 3 3 5 5 2 2 4 7 5 6
F825 4 9 5 5 12 12 3 4 5 5 2 2 2 7 2 4
F826 4 4 2 5 5 11 3 4 4 6 3 5 2 3 2 4
F827 1 5 5 7 10 12 3 8 4 5 2 2 4 7 8 8
F828 4 5 5 5 5 11 4 4 4 4 4 4 5 5 2 4
F829 5 5 5 5 12 15 4 7 4 4 4 4 4 6 2 4
F830 4 5 5 5 5 5 4 4 4 6 2 2 3 9 4 4
F831 4 5 5 5 5 5 4 8 4 5 2 4 3 6 4 5
F832 5 5 5 5 5 5 4 8 4 6 2 2 4 7 2 5
F833 4 4 5 5 5 12 4 7 5 5 2 2 3 6 4 4
F834 5 5 5 5 5 12 3 4 5 6 2 4 2 6 4 4
F835 4 5 5 5 12 12 3 3 6 6 2 4 6 6 2 3
F836 5 5 5 5 5 11 4 4 5 6 4 5 2 4 2 2
F838 5 5 2 5 5 12 3 8 5 5 2 4 4 7 4 4
F839 4 4 5 5 5 13 4 4 5 6 5 5 5 6 2 6
F841 5 5 5 7 12 13 3 4 5 8 2 5 3 6 5 5
F842 5 5 5 5 5 12 3 5 4 6 1 2 5 5 4 4
F843 5 5 1 5 5 11 3 4 5 6 2 4 3 4 4 4
F844 4 4 3 5 13 13 7 7 5 6 2 2 4 7 2 4
F845 5 6 5 5 5 13 3 4 4 5 2 4 3 7 2 4
F846 5 5 5 5 12 12 4 4 4 11 2 4 6 6 4 5
F847 4 5 5 7 5 10 4 4 5 6 2 4 3 7 2 6
F848 5 5 5 7 12 12 4 4 4 5 2 2 3 4 4 4
F849 5 5 5 5 4 12 4 4 4 5 2 4 2 9 2 6
F850 5 5 5 5 13 13 4 8 4 6 4 4 6 7 2 3
F851 4 5 5 5 5 5 3 4 3 4 4 4 2 5 4 6
F852 5 5 5 5 12 13 4 4 4 4 2 2 4 7 2 2
F853 5 5 5 5 12 12 4 8 5 5 4 4 5 5 4 4
F854 4 5 5 7 5 12 4 8 5 6 2 2 3 4 4 6
F855 5 5 5 6 5 12 3 7 4 6 2 3 4 4 2 4
F857 5 5 3 5 12 12 3 4 5 6 4 4 5 11 2 4
F858 4 5 2 5 5 12 3 4 4 5 2 7 5 7 4 8
F859 5 5 5 5 5 5 5 5 6 6 2 2 4 6 4 4
F860 4 4 5 5 5 12 3 4 6 6 2 2 2 3 5 6
F861 5 5 5 5 12 12 4 8 6 7 4 4 4 10 4 5
F862 4 5 5 5 5 12 8 8 4 5 2 2 4 6 4 4
F863 4 4 5 5 5 5 3 4 6 6 2 4 5 6 4 5
F864 5 5 5 5 5 5 3 3 4 7 2 3 5 6 2 2
F865 5 5 5 7 5 12 3 3 5 5 2 2 6 7 2 4
F866 5 5 2 5 7 13 4 7 6 6 2 2 3 3 3 6
F867 5 5 5 5 5 12 4 4 5 9 3 4 4 9 2 2
F868 5 5 1 5 13 13 4 7 5 5 2 5 4 7 4 6
F869 5 5 2 5 12 12 4 4 5 5 2 4 4 6 2 4
F870 4 5 5 5 5 5 4 8 5 5 4 4 3 7 4 7
F872 4 5 5 5 12 13 1 9 4 4 2 2 3 3 2 2
F873 4 5 5 5 5 12 4 8 5 6 2 2 3 5 3 4
F874 4 5 5 5 11 12 4 4 5 6 4 4 4 9 3 6
F875 4 5 5 5 5 13 3 4 4 5 2 4 2 2 2 7
F876 5 5 5 5 5 11 3 4 4 5 2 5 3 6 2 4
F877 4 5 5 5 5 5 4 9 5 5 2 4 3 3 4 4
F878 5 5 3 5 5 12 3 3 4 9 2 4 5 7 2 4
F879 5 5 5 5 5 13 4 8 5 6 2 2 3 6 3 4
F880 5 5 5 7 5 5 3 4 5 5 2 4 4 6 2 3
F881 5 5 5 5 5 12 4 4 4 11 2 2 3 4 4 4
F882 5 5 5 5 11 13 4 8 6 6 2 2 4 4 2 6
F883 4 5 1 5 12 12 4 7 6 6 2 5 2 6 4 4
F884 5 5 5 5 5 11 3 9 4 6 4 4 3 3 4 5
F885 5 5 5 5 13 13 3 4 4 5 3 4 4 6 2 4
F886 4 5 5 5 5 5 4 7 5 6 2 2 6 6 2 2
F887 5 5 5 5 11 12 3 7 3 4 2 4 2 4 4 4
F888 4 5 5 5 12 13 4 4 4 6 2 5 3 4 2 5
F889 4 5 5 5 11 12 3 4 6 7 2 4 2 3 2 5
F890 4 5 5 5 5 13 4 8 4 6 4 4 4 5 4 5
F891 5 5 5 5 5 11 3 8 6 6 4 4 2 4 4 5
F892 5 5 5 5 5 12 4 4 5 6 2 4 2 3 2 2
F893 4 5 5 7 13 14 4 8 4 6 2 4 7 9 2 4
F894 5 5 5 5 12 13 3 4 3 6 2 2 2 3 4 4
F895 4 5 5 5 5 12 3 4 6 6 2 4 3 7 5 5
F896 5 5 5 5 5 13 3 3 6 6 2 2 3 4 2 5
F897 5 5 3 6 12 12 3 4 4 4 4 5 6 6 2 2
F898 4 5 5 7 5 12 3 4 5 5 4 4 2 6 4 4
F899 4 5 2 5 5 5 4 5 3 11 2 4 4 5 4 4
F900 5 5 2 7 12 12 3 4 4 5 4 4 2 2 4 6
F901 1 5 5 5 5 5 4 8 3 5 2 4 3 4 2 2
F902 5 5 3 5 11 12 4 4 4 6 2 2 4 9 2 4
F903 5 5 5 5 12 13 4 7 6 6 5 5 3 4 2 5
F904 5 5 5 5 5 12 4 4 5 5 2 2 2 9 5 8
F905 5 5 5 5 12 12 3 4 5 6 2 4 4 5 2 4
F906 4 5 5 7 5 12 3 4 6 11 4 4 3 9 2 2
F907 4 5 5 5 12 13 3 4 5 6 2 4 6 6 2 3
F908 5 5 5 5 12 12 3 5 5 6 2 4 2 4 2 4
F909 4 5 5 6 12 13 3 5 6 6 2 2 2 5 4 8
F910 5 5 5 5 5 5 3 4 5 6 2 2 4 6 2 4
F911 5 5 5 5 5 5 4 5 5 5 2 4 3 6 2 5
F912 5 5 3 3 11 12 4 4 6 6 2 2 2 3 2 4
F913 4 5 5 5 5 5 3 5 5 6 2 4 4 6 2 2
F914 5 5 2 5 11 12 8 8 6 6 1 3 3 6 2 7
F915 4 4 2 5 5 12 4 4 4 5 2 2 3 6 4 4
F916 5 5 5 5 5 5 1 5 6 7 2 4 4 6 2 5
F918 5 5 5 5 12 13 4 4 5 5 2 5 3 4 2 5
F919 4 5 5 5 5 12 3 4 5 5 2 2 2 7 2 4
F920 5 5 2 2 12 12 4 4 5 9 2 2 4 7 4 6
F921 5 9 5 5 5 12 4 4 4 5 4 4 3 6 4 4
F922 4 5 5 7 5 12 4 5 5 6 2 5 2 4 4 6
F923 4 5 5 6 5 13 3 7 4 5 2 4 4 4 2 2
F924 4 5 5 5 11 11 3 5 4 6 2 4 2 5 2 5
F925 5 5 1 5 5 13 3 3 6 7 2 4 3 6 2 2
F926 5 5 2 2 13 13 4 4 4 6 3 4 4 6 2 4
F927 5 5 5 5 5 12 5 5 4 5 2 4 3 3 4 4
F928 4 5 5 5 5 12 4 4 3 6 4 4 4 4 2 4
F929 4 5 2 7 5 13 5 5 7 7 2 4 2 4 4 5
F931 5 5 5 5 5 12 3 4 4 5 2 4 4 7 2 2
F932 5 5 3 5 5 8 4 4 3 6 2 2 4 6 2 4
F933 5 9 5 7 5 11 3 4 5 6 2 4 4 6 2 6
F934 4 4 5 5 12 12 5 5 3 6 2 4 4 7 4 5
F935 4 5 5 5 5 13 4 5 6 6 2 4 4 4 2 4
F936 4 5 5 7 5 5 3 8 6 6 2 4 2 4 4 5
F937 5 5 5 5 5 12 3 3 6 6 2 4 2 7 2 4
F938 5 5 1 5 5 11 4 4 4 6 2 2 4 4 4 5
F939 4 4 5 5 5 5 3 4 5 5 2 4 2 5 4 8
F940 4 4 5 7 12 13 4 8 7 7 2 2 4 7 2 4
F941 5 5 5 5 5 12 4 8 4 11 2 5 2 2 4 6
F942 4 5 5 7 11 13 4 5 5 5 3 3 2 4 4 5
F943 5 5 5 5 12 12 3 3 4 6 2 3 5 9 4 4
F944 5 5 3 5 5 5 4 4 5 5 2 4 2 3 2 2
F945 5 5 5 5 5 12 4 4 6 6 2 2 2 6 4 4
F946 5 5 3 7 12 15 4 8 4 4 2 2 2 6 3 4
F947 5 5 5 5 12 12 3 4 6 6 1 2 4 4 4 5
F948 5 5 5 5 5 13 4 5 6 6 2 2 2 6 2 4
F949 5 5 1 5 12 12 4 4 5 6 2 2 4 6 2 5
F950 4 5 5 5 12 12 3 4 6 6 2 2 3 6 2 4
F951 4 5 2 5 5 12 4 4 4 6 2 4 1 3 4 6
F952 1 5 5 5 5 12 4 4 5 6 2 4 4 4 6 6
F954 5 5 5 5 5 12 5 8 5 5 4 4 3 7 2 4
F955 5 5 3 7 13 13 3 4 4 5 2 4 3 3 4 4
F956 5 5 5 7 5 13 3 7 4 6 2 2 7 7 2 6
F958 5 5 5 5 5 12 4 4 5 6 2 4 3 7 4 7
F959 1 5 5 5 11 12 8 8 5 5 2 4 4 6 4 5
F960 5 5 2 5 5 13 4 4 5 10 4 4 4 6 4 4
F961 5 5 5 5 5 12 4 5 3 4 2 4 4 4 2 4
F962 1 5 2 5 12 13 2 3 5 6 2 4 3 4 4 4
F964 5 5 5 5 12 13 3 8 5 6 2 2 2 3 2 5
F965 4 5 5 5 11 13 4 4 4 6 2 4 3 4 2 5
F966 4 5 5 7 12 12 3 4 5 5 2 4 3 6 4 6
F967 4 4 5 5 5 13 4 5 4 6 2 2 4 7 4 5
F968 4 5 3 5 5 13 4 9 5 5 2 4 4 4 4 5
F969 5 5 1 5 12 12 4 4 4 6 2 4 6 7 6 6
F970 4 5 5 5 5 13 3 4 5 5 2 2 6 8 4 6
F972 4 5 5 5 12 12 4 8 5 6 2 2 4 5 4 5
F973 5 5 5 5 11 12 4 7 6 6 2 2 6 6 4 4
F974 5 5 5 5 12 13 3 4 4 6 4 4 5 6 4 4
F975 5 5 5 5 13 13 3 4 4 5 2 4 5 6 4 5
F976 4 5 4 5 12 13 4 4 6 7 2 4 9 9 4 4
F977 1 4 5 7 5 13 3 4 5 7 2 4 3 5 2 4
F978 5 5 5 5 11 14 3 5 6 6 2 4 2 6 4 6
F979 4 5 5 5 5 12 3 8 6 6 2 2 4 4 2 5
F981 4 4 5 5 12 12 4 4 5 7 2 4 6 6 4 4
F982 1 5 7 7 5 5 5 8 5 9 2 4 2 3 4 4
F983 5 5 5 5 5 5 4 4 4 5 2 2 3 7 2 6
F984 4 5 2 5 5 5 4 7 5 6 4 4 2 5 4 4
F985 4 4 5 5 12 12 3 4 4 6 4 4 4 6 3 5
F986 1 5 5 5 12 12 4 4 6 10 2 4 2 2 1 4
F987 5 5 5 7 12 13 3 3 5 5 4 4 6 9 2 2
F988 5 5 2 5 11 13 3 4 6 6 2 2 3 6 4 4
F989 1 5 5 7 2 5 4 4 4 6 2 2 5 7 4 5
F990 4 5 5 5 5 5 4 4 4 5 2 2 2 5 5 5
F992 5 5 2 5 12 13 3 4 4 5 2 4 2 4 2 4
F993 5 5 5 5 12 12 4 4 5 5 3 4 3 6 2 5
F994 4 5 3 5 12 12 4 4 5 6 2 2 1 3 2 3
F995 5 5 5 5 11 13 4 4 4 5 2 4 6 6 2 5
F996 4 5 5 5 5 5 4 4 4 5 2 2 4 4 4 5
F997 4 4 5 5 10 13 3 4 4 6 2 2 3 4 4 6
F998 5 5 3 5 5 12 4 5 4 6 2 4 3 7 4 5
F999 1 5 5 5 10 12 3 4 5 12 2 2 2 4 2 4
F1000 4 5 5 7 12 12 4 8 4 6 2 2 3 3 2 2
F1001 5 5 5 5 12 12 3 8 4 4 4 4 2 4 4 4
F1002 5 5 3 5 5 12 4 4 5 6 2 4 3 4 4 4
F1003 4 4 5 5 11 12 3 5 4 5 4 4 1 4 4 6
F1004 5 5 2 5 11 12 4 8 5 5 2 2 2 6 4 4
F1005 4 4 5 6 5 11 1 4 4 5 2 4 3 3 2 4
F1006 1 4 5 5 5 12 4 8 4 6 3 4 4 6 2 4
F1007 4 5 5 5 5 12 2 3 4 5 2 5 3 7 2 6
F1008 5 5 5 7 12 12 4 5 5 6 2 2 2 2 2 6
F1009 4 7 5 5 12 12 3 4 5 11 2 4 3 7 2 4
F1010 5 5 5 5 14 14 4 4 4 4 4 4 4 5 4 4
F1011 5 5 5 6 5 13 4 4 3 7 3 3 4 5 2 6
F1012 5 5 5 5 5 12 3 4 6 6 2 4 5 6 4 6
F1013 5 5 5 5 5 5 4 4 6 6 2 4 4 6 4 6
F1014 5 6 5 5 12 12 4 4 5 5 2 4 2 7 4 6
F1015 4 5 5 7 5 12 3 4 6 6 2 2 3 6 2 5
F1016 4 4 5 5 5 12 3 3 3 5 2 4 5 9 4 5
F1017 5 5 5 5 12 13 3 3 6 6 2 5 2 2 2 4
F1018 4 5 5 5 11 12 2 4 5 6 2 4 2 2 2 2
F1019 4 5 5 5 5 5 4 4 4 6 2 4 7 7 2 4
F1020 4 5 5 5 5 13 3 4 5 5 2 2 4 6 2 2
F1021 5 8 5 5 10 12 3 4 4 6 2 2 3 3 4 4
F1022 5 5 5 5 11 11 3 3 5 5 2 2 4 6 5 5
F1023 4 5 5 5 5 5 4 7 4 7 3 3 3 4 2 2
F1024 4 5 3 5 5 14 4 4 5 5 2 4 2 3 4 4
F1025 5 5 2 5 5 11 4 4 5 5 4 5 4 5 2 8
F1026 4 5 5 5 5 12 4 8 5 6 2 4 6 7 2 4
F1028 4 5 5 5 5 5 4 4 5 5 2 5 5 7 4 4
F1029 5 5 5 5 12 12 4 7 5 6 2 4 5 6 4 5
F1030 4 5 5 5 5 12 4 4 5 6 2 2 4 4 2 6
F1031 5 9 5 5 12 13 4 4 5 7 2 2 5 6 4 4
F1032 5 5 5 7 5 12 4 4 5 6 2 2 2 7 2 4
F1033 5 5 5 5 5 9 3 4 5 6 2 4 4 4 4 4
F1034 5 5 5 5 5 12 3 4 4 4 4 4 4 4 4 6
F1035 1 2 2 5 5 13 3 3 6 6 1 2 2 7 4 6
F1037 4 5 5 5 12 13 4 8 4 4 2 2 2 6 2 5
F1038 4 5 5 7 5 13 4 5 5 5 2 8 2 6 4 4
F1039 4 5 2 5 5 12 4 8 5 6 2 2 4 6 7 7
F1041 5 5 5 5 12 12 3 3 5 6 2 2 3 6 2 4
F1042 5 5 5 5 12 12 4 4 4 4 2 5 6 6 4 5
F1043 4 5 5 7 5 12 3 3 3 6 2 2 4 4 4 5
F1044 4 5 5 5 5 12 3 4 4 6 2 2 3 7 4 4
F1045 4 5 5 5 12 13 5 8 6 6 2 4 6 6 2 4
F1046 5 5 5 5 5 12 4 4 6 6 2 5 4 6 4 4
F1047 5 5 5 5 3 12 3 8 5 10 2 3 4 7 4 8
F1048 4 5 5 5 5 13 4 4 5 5 3 4 5 6 2 4
F1049 5 5 5 5 5 11 4 8 4 6 2 4 4 4 4 6
F1051 5 5 3 5 12 12 3 4 5 11 2 4 4 7 4 4
F1052 5 5 5 5 5 11 3 3 5 10 2 2 3 5 5 6
F1053 5 5 5 7 11 12 4 8 5 6 2 2 1 4 4 7
F1054 4 4 2 5 12 13 3 5 4 5 2 4 3 4 4 5
F1055 5 5 5 5 5 5 7 8 5 6 2 4 4 4 4 6
F1056 4 5 5 5 5 5 3 4 5 6 2 2 2 6 4 7
F1057 4 4 2 5 5 12 4 4 6 9 2 4 2 6 2 4
F1058 5 5 5 5 12 12 3 4 5 6 2 2 6 6 4 5
F1059 4 5 1 1 5 5 3 4 6 6 2 4 4 6 2 2
F1061 1 5 3 5 12 12 2 5 5 7 4 4 5 5 2 4
F1062 4 4 5 5 5 12 4 7 5 5 2 2 6 6 4 4
F1063 4 5 5 5 11 13 4 8 4 7 2 2 4 5 2 4
F1064 5 5 5 7 12 12 4 5 3 5 2 4 4 7 4 4
F1065 4 5 5 5 12 13 3 4 6 11 2 2 7 7 2 2
F1067 4 5 2 7 5 12 3 4 4 7 2 2 6 6 4 5
F1068 5 6 5 5 5 5 4 4 5 5 2 4 3 3 3 4
F1069 4 5 5 5 5 5 3 4 5 5 2 4 5 7 2 6
F1070 5 5 5 5 5 12 4 7 4 5 4 4 2 3 4 4
F1071 4 5 5 5 12 13 3 4 5 5 4 4 2 7 2 2
F1072 5 5 3 5 5 13 3 4 5 5 2 4 5 7 2 2
F1073 4 5 5 5 11 14 3 3 4 4 2 3 3 4 4 6
F1074 5 5 5 5 5 12 3 4 4 4 2 2 4 7 2 4
F1075 5 5 5 5 12 12 4 7 5 6 4 5 6 6 2 4
F1076 4 4 5 5 5 12 4 4 6 6 2 2 3 5 4 7
F1077 5 5 7 7 6 11 4 4 4 4 2 4 7 9 4 5
F1078 5 5 5 5 5 11 4 4 6 11 2 4 3 4 4 4
F1079 4 5 5 5 12 12 2 3 5 6 2 4 3 3 4 4
F1081 5 5 3 5 5 5 4 5 4 6 2 2 4 5 4 4
F1082 5 5 2 5 5 12 4 4 4 4 4 4 3 6 4 4
F1083 4 5 2 5 12 13 2 3 4 6 2 2 4 6 4 4
F1084 4 5 3 5 5 11 3 8 5 7 2 4 2 2 4 4
F1085 5 5 5 5 5 12 3 3 5 6 2 4 2 2 2 4
F1086 5 5 3 3 5 14 4 8 6 6 2 3 3 7 2 3
F1087 5 5 1 5 12 13 4 4 6 6 2 5 2 7 4 6
F1088 5 5 5 5 1 5 4 4 11 11 2 2 3 3 2 4
F1089 4 5 3 8 5 12 3 4 6 6 2 4 2 4 6 6
F1090 5 5 5 5 12 13 3 4 5 6 2 4 3 5 4 6
F1091 1 5 2 5 12 12 4 8 5 6 2 2 1 3 2 4
F1092 5 5 2 5 11 13 4 4 5 6 2 2 4 9 4 6
F1093 5 5 5 5 12 12 4 4 4 6 2 4 6 7 7 8
F1094 5 5 5 7 5 12 4 8 5 5 2 4 3 7 4 4
F1096 5 5 2 2 5 13 4 4 5 5 2 4 3 3 4 6
F1097 1 4 5 5 11 13 4 4 4 6 2 2 5 7 2 6
F1098 1 5 5 5 5 5 3 8 5 5 2 2 5 6 4 4
F1099 2 5 1 5 5 12 4 4 4 6 2 5 2 4 4 4
F1100 6 6 2 5 11 13 3 3 4 6 2 2 3 6 4 4
F1101 4 5 5 5 10 12 4 4 4 5 2 3 3 4 2 6
F1102 5 5 5 5 5 5 4 4 5 5 1 2 2 6 2 6
F1103 4 5 1 5 5 12 4 4 5 6 2 5 2 6 2 4
F1104 5 5 3 7 12 13 4 8 3 5 2 2 4 6 2 2
F1105 1 4 5 7 5 5 3 4 6 6 2 4 6 6 2 6
F1106 5 5 3 5 11 12 3 4 4 5 4 4 4 6 2 4
F1107 5 5 5 5 5 12 4 4 5 6 2 2 9 9 4 4
F1108 4 5 5 5 5 11 3 3 5 6 2 2 2 4 4 5
F1109 5 5 5 7 5 13 4 8 4 6 2 2 2 4 4 4
F1110 5 5 5 5 5 12 4 5 5 6 2 2 3 4 4 8
F1111 4 4 5 5 12 12 3 4 5 5 2 2 2 3 2 4
F1112 4 5 5 6 12 13 3 4 4 4 2 4 2 6 2 4
F1113 5 5 5 5 12 12 4 4 4 5 2 2 6 7 2 2
F1114 1 4 5 7 5 12 4 4 5 6 2 4 4 6 4 6
F1115 4 5 5 5 12 12 4 7 5 11 2 4 4 6 2 4
F1116 4 5 5 5 5 5 4 8 5 5 2 5 4 6 4 4
F1117 5 5 2 5 12 12 4 4 5 6 2 2 3 9 4 6
F1118 4 4 5 5 12 13 4 4 4 6 2 4 4 5 4 6
F1119 4 4 3 5 5 12 4 7 6 6 2 4 6 6 2 2
F1120 4 5 5 5 5 5 4 4 4 5 4 4 6 7 2 6
F1121 5 5 5 5 5 5 3 4 5 11 4 4 6 6 2 4
F1122 5 5 2 5 11 12 4 8 5 6 2 2 6 6 3 4
F1123 5 5 3 5 12 13 4 8 5 6 4 5 3 6 2 7
F1124 1 5 5 6 5 12 4 4 5 5 2 4 3 6 4 7
F1125 4 5 5 8 12 12 8 8 4 5 2 4 2 3 4 4
F1126 5 5 5 5 12 13 3 4 4 4 2 5 2 3 4 4
F1127 5 5 5 5 5 11 4 8 4 6 2 4 6 7 2 5
F1128 5 5 5 5 12 12 3 4 6 6 2 2 4 7 4 5
F1129 4 5 5 5 5 12 8 8 5 5 4 4 2 4 4 5
F1130 4 5 5 5 12 12 3 4 6 6 2 2 9 9 4 7
F1131 5 5 5 5 5 12 4 5 4 5 2 2 6 7 2 4
F1132 4 5 5 5 11 13 3 4 5 6 4 4 5 10 2 6
F1133 5 5 2 5 12 12 7 8 4 6 2 4 4 4 4 4
F1134 5 5 6 7 12 13 3 4 5 6 2 2 4 7 4 4
F1135 4 5 5 5 5 12 3 4 5 6 2 4 4 6 4 4
F1136 4 5 5 5 5 12 4 4 4 5 2 5 2 5 2 4
F1137 5 5 5 7 5 13 5 8 6 6 2 2 3 4 4 7
F1138 5 5 5 5 12 12 4 4 5 11 2 4 3 4 4 4
F1139 5 5 5 5 12 15 4 8 4 6 2 4 4 6 5 8
F1140 4 5 5 5 11 12 4 4 4 5 2 4 4 7 4 4
F1141 5 5 5 5 12 13 4 8 4 7 4 4 2 5 2 5
F1142 4 5 5 5 5 12 3 4 6 6 2 4 3 6 4 4
F1143 5 5 5 5 10 12 4 4 4 5 2 4 2 3 2 4
F1144 4 5 1 5 5 8 4 4 4 11 2 2 3 5 4 6
F1145 5 5 5 5 10 12 3 4 5 5 4 4 4 4 2 6
F1146 4 5 5 5 5 13 4 4 4 6 4 4 3 4 2 4
F1147 5 5 5 7 5 5 4 7 5 6 2 4 2 4 2 4
F1148 1 4 3 5 5 5 3 3 6 7 2 2 3 5 4 5
F1149 5 5 5 5 5 5 3 9 4 5 2 4 4 6 4 4
F1150 1 4 5 5 5 5 3 8 4 6 2 2 2 4 4 4
F1151 5 5 5 5 5 12 3 7 4 6 2 2 2 3 2 4
F1152 4 5 5 5 5 5 3 4 4 4 2 4 3 9 2 4
F1153 5 5 1 5 11 12 4 4 5 6 2 5 2 2 2 2
F1154 4 5 5 5 12 14 3 5 4 4 4 4 2 3 2 2
F1155 4 5 5 7 5 5 3 4 5 5 2 4 3 6 4 4
F1156 4 5 5 7 11 12 5 8 5 6 2 2 3 3 4 4
F1157 5 5 5 5 12 13 4 4 6 6 4 4 4 7 5 6
F1158 4 5 5 5 12 13 4 8 4 5 2 2 4 5 2 4
F1159 1 4 5 5 5 12 4 4 5 6 2 5 5 6 4 4
F1160 4 5 1 5 5 13 3 4 4 4 2 4 4 11 4 6
F1161 5 5 5 5 5 12 4 8 4 4 2 2 3 6 4 4
F1162 4 5 5 5 5 12 4 4 6 6 2 2 4 6 6 7
F1163 5 5 5 5 5 12 4 8 4 5 2 2 4 6 4 6
F1164 5 5 5 5 12 12 4 5 4 6 2 2 5 5 3 4
F1165 4 4 5 5 5 11 3 5 4 6 4 4 2 3 2 4
F1166 4 5 1 5 5 11 4 9 5 6 2 4 4 4 4 5
F1167 4 5 3 5 11 12 3 4 5 6 2 4 5 7 2 2
F1168 4 5 5 5 5 5 4 4 5 6 1 2 3 3 2 2
F1169 5 5 5 5 5 13 3 3 4 5 2 2 3 5 4 4
F1170 4 5 5 5 5 12 4 4 5 5 2 2 2 4 2 4
F1171 1 5 5 5 12 13 4 8 4 5 4 4 6 6 4 5
F1172 4 4 5 5 11 13 3 4 4 5 2 4 3 6 4 4
F1173 5 5 2 5 12 12 4 4 4 5 2 2 3 6 2 4
F1174 5 5 3 5 5 14 4 4 4 6 5 5 2 6 2 4
F1175 4 5 5 5 12 13 3 4 5 5 2 2 9 9 2 2
F1176 4 4 3 5 12 13 5 8 5 5 2 5 4 4 2 4
F1177 5 5 5 5 12 12 3 5 4 5 2 2 3 4 3 4
F1178 4 4 5 5 5 5 3 4 5 5 2 2 4 4 2 5
F1179 5 5 5 5 11 13 3 4 5 6 3 5 3 10 2 4
F1180 4 5 5 5 5 11 4 5 4 5 4 4 3 9 4 4
F1181 4 4 5 5 5 5 4 4 5 6 2 4 2 6 2 4
F1182 5 5 5 5 5 12 3 8 6 6 2 4 3 5 2 4
F1183 5 5 5 5 12 15 4 4 5 6 2 4 3 4 2 2
F1184 5 5 5 5 11 11 7 8 4 7 2 2 4 7 2 2
F1185 4 5 5 5 5 12 4 5 5 6 2 2 2 6 4 4
F1186 5 5 5 5 13 14 4 5 4 5 2 4 2 4 4 6
F1187 4 5 5 7 12 13 3 3 4 6 2 2 2 3 2 2
F1188 4 4 3 7 12 12 3 7 5 5 4 4 4 6 4 4
F1189 5 5 3 5 11 12 4 8 6 6 4 5 3 6 4 6
F1190 4 4 5 5 11 12 4 4 4 4 2 2 3 5 4 5
F1191 5 5 5 5 5 5 3 5 4 6 2 4 3 7 5 6
F1192 5 5 5 5 11 12 4 8 5 6 2 2 5 5 2 4
F1193 1 5 1 5 5 5 4 4 4 5 2 4 6 7 2 7
F1194 5 5 5 5 12 13 4 8 3 5 2 4 3 6 4 4
F1195 1 5 5 5 11 11 4 4 5 6 2 4 5 5 2 2
F1196 4 5 5 5 11 12 4 4 5 6 2 2 3 4 4 4
F1197 5 5 5 5 5 12 4 4 10 11 2 2 3 4 2 2
F1198 5 5 5 5 6 12 4 4 4 4 3 4 3 5 5 5
F1199 5 5 5 5 11 13 2 2 5 6 2 2 3 4 3 4
F1200 5 5 3 5 12 12 3 9 6 6 2 3 3 4 4 5
F1201 5 5 5 5 11 13 8 9 6 6 2 4 2 3 2 5
F1202 5 5 5 5 5 12 4 4 4 5 2 4 4 5 4 6
F1203 5 5 2 5 11 13 4 4 3 6 2 2 3 4 2 5
F1204 4 5 5 5 5 11 4 9 4 6 2 2 4 6 5 7
F1205 5 5 5 5 5 5 4 5 6 7 2 4 3 5 2 4
F1206 5 5 3 5 5 12 4 4 5 6 2 4 3 4 4 5
F1207 4 5 2 5 11 12 3 3 4 5 2 4 4 7 3 3
F1208 5 5 5 5 11 12 4 4 5 11 2 4 4 4 4 6
F1209 5 5 5 5 5 5 3 5 5 6 2 2 3 4 4 4
F1210 4 5 5 5 5 11 4 4 6 10 2 4 2 7 2 4
F1211 5 5 4 5 5 12 3 3 5 6 2 2 4 4 2 2
F1212 5 9 5 6 5 5 3 4 5 6 2 4 3 5 2 2
F1213 5 5 5 5 12 12 3 5 4 5 2 2 4 6 2 8
F1214 2 5 5 5 13 13 4 4 5 6 2 4 3 4 4 6
F1215 5 5 5 5 12 13 4 5 3 5 2 4 4 6 4 5
F1216 4 5 5 5 5 12 3 5 3 6 2 4 3 6 3 5
F1217 4 5 3 5 12 12 3 4 4 5 2 3 2 6 4 6
F1218 5 5 5 6 5 13 3 4 5 6 1 2 2 6 2 7
F1219 4 5 2 2 5 13 8 8 4 5 2 2 6 6 4 6
F1220 5 5 5 5 5 11 3 3 4 6 2 2 3 4 4 4
F1221 5 5 5 5 5 13 3 3 5 6 2 2 3 4 2 4
F1222 5 5 5 7 5 11 8 8 4 5 2 2 4 5 2 5
F1223 5 5 5 5 5 12 4 4 4 4 4 5 2 7 4 6
F1224 4 5 5 5 11 12 4 5 6 6 2 2 4 6 2 3
F1225 5 5 1 5 5 12 3 3 4 7 2 2 3 5 2 2
F1226 5 5 5 5 12 12 3 8 5 6 2 2 3 6 2 2
F1227 1 5 5 7 5 12 8 9 5 6 2 2 3 4 2 4
F1228 4 5 5 5 12 13 3 4 6 6 2 2 2 6 4 7
F1229 5 5 5 7 5 13 4 4 5 6 2 2 6 7 2 4
F1230 4 5 2 5 5 13 3 4 4 5 2 5 4 4 2 4
F1231 1 5 2 5 9 13 5 5 6 6 2 2 4 6 4 4
F1232 5 5 5 5 5 12 4 4 5 6 2 4 4 4 2 5
F1233 4 5 5 5 12 12 4 4 4 6 2 4 4 4 2 4
F1234 5 5 5 5 12 12 4 4 5 6 2 4 6 7 2 5
F1235 5 5 5 5 5 12 4 4 5 7 2 4 2 7 2 6
F1236 5 5 2 5 4 12 3 3 4 4 1 4 3 4 2 4
F1237 4 5 5 8 5 12 4 4 4 4 2 3 3 6 2 4
F1238 5 5 5 5 12 12 3 7 6 9 2 4 3 4 2 2
F1239 5 5 5 5 5 13 4 5 5 5 2 4 4 4 2 5
F1240 5 5 5 5 12 13 3 4 4 6 2 2 2 7 2 2
F1241 4 5 5 5 12 12 3 7 5 6 2 2 2 7 5 5
F1242 5 5 1 5 12 12 4 4 4 9 4 5 3 6 4 4
F1243 2 5 1 5 5 12 3 4 4 6 2 4 6 6 2 2
F1245 4 5 5 5 12 12 4 4 4 6 4 4 6 9 2 2
F1246 5 5 2 5 5 11 4 4 4 6 2 4 3 4 2 4
F1247 4 5 5 7 12 12 3 4 5 5 4 4 3 4 4 4
F1250 4 5 5 5 5 5 4 4 4 6 3 4 2 5 2 2
F1251 5 5 5 5 5 12 4 5 6 6 2 4 4 7 2 6
F1252 4 5 5 5 5 12 5 7 5 6 2 2 4 7 4 6
F1253 5 5 5 5 13 13 3 3 5 6 4 4 5 7 5 5
F1254 4 5 3 7 12 13 4 4 6 6 2 2 7 11 5 5
F1255 5 5 5 5 8 13 3 3 5 6 2 2 5 9 2 4
F1256 4 8 2 3 5 11 3 4 4 6 2 4 2 7 2 4
F1257 5 5 2 5 12 13 4 4 6 7 2 4 9 9 6 6
F1258 4 5 5 5 5 12 3 4 6 7 2 2 3 4 2 4
F1259 5 5 5 5 5 12 3 4 6 6 2 2 4 4 2 6
F1260 1 5 5 5 11 12 3 8 4 6 2 2 3 6 2 4
F1261 4 5 5 7 12 13 3 4 5 6 2 2 4 5 4 4
F1262 5 5 5 5 12 12 3 3 4 6 2 4 6 7 7 8
F1263 5 5 5 5 5 12 3 8 5 5 2 2 2 4 2 4
F1264 5 5 2 5 5 13 3 7 4 6 2 4 5 7 2 2
F1265 1 5 2 2 5 5 4 5 6 6 2 4 2 3 2 2
F1266 4 5 5 5 3 5 4 4 5 6 2 4 4 7 2 4
F1267 5 5 5 5 13 13 4 4 6 6 2 4 4 6 2 6
F1268 4 5 2 5 5 10 4 5 5 6 2 4 2 3 2 6
F1269 4 5 2 5 13 13 5 5 3 6 2 2 4 9 2 4
F1270 5 5 5 5 12 12 4 4 5 5 2 2 2 6 2 4
F1272 4 4 3 5 12 12 3 4 4 6 2 2 2 4 2 7
F1273 4 5 5 5 11 13 4 5 6 6 2 4 2 7 4 6
F1274 5 5 5 5 5 11 3 4 4 6 4 4 2 2 4 4
F1275 5 5 5 5 5 12 4 5 5 11 2 3 3 7 2 4
F1276 4 4 1 5 5 13 4 4 4 5 1 2 4 7 5 5
F1277 4 5 5 5 5 11 4 4 5 5 2 4 4 6 2 4
F1278 5 5 5 5 12 13 4 8 5 5 2 4 2 4 2 2
F1279 4 5 6 7 5 12 4 8 6 6 2 2 6 6 2 4
F1280 5 5 5 5 12 13 3 3 4 6 2 4 4 6 5 6
F1281 5 5 2 5 11 13 4 4 4 11 2 2 2 6 4 4
F1282 5 7 2 5 12 12 4 4 4 6 2 4 4 6 2 4
F1283 1 4 3 5 13 13 4 8 4 5 2 5 6 9 2 4
F1284 1 5 5 5 11 13 4 4 4 6 2 2 4 7 4 4
F1285 5 5 5 5 5 12 3 3 4 6 1 2 5 5 4 8
F1286 4 5 5 5 12 12 4 4 4 4 2 4 2 5 4 5
F1287 4 7 5 5 5 13 3 4 4 5 2 2 3 5 2 5
F1288 5 5 5 5 12 12 3 4 5 6 2 4 2 2 3 4
F1290 4 5 5 5 13 13 4 4 5 11 2 2 2 3 4 4
F1291 4 5 5 5 12 12 4 5 5 5 2 2 4 5 2 7
F1292 2 4 5 5 5 12 3 4 4 6 2 4 6 6 4 4
F1293 4 5 5 5 12 13 4 4 4 6 2 4 3 4 2 4
F1294 5 5 5 5 5 5 8 9 5 6 3 5 2 4 2 4
F1295 5 5 2 5 13 14 8 8 4 6 2 2 4 6 2 4
F1296 4 4 5 5 10 12 4 4 5 5 4 4 4 7 2 2
F1297 4 5 5 5 12 12 4 7 5 11 2 2 4 7 4 4
F1298 4 5 2 7 13 13 4 4 6 6 2 2 2 4 2 3
F1299 4 5 5 5 12 13 4 4 4 5 2 5 2 6 2 4
F1300 5 5 5 5 11 13 3 4 4 4 3 3 6 7 2 5
F1301 5 5 5 5 5 5 4 4 4 5 2 4 4 4 2 3
F1302 4 4 5 5 5 12 4 8 4 5 2 4 2 4 4 7
F1303 5 5 5 5 12 13 4 4 5 6 2 2 4 4 4 4
F1304 5 5 7 7 5 12 4 4 5 6 2 2 3 5 2 4
F1305 5 5 3 5 11 13 3 4 6 6 2 2 4 5 1 6
F1306 5 5 5 7 12 12 4 4 6 6 2 2 4 5 2 8
F1307 4 5 5 7 12 13 4 4 5 5 2 2 3 3 2 4
F1309 4 5 2 5 5 12 4 5 4 5 4 5 2 7 5 5
F1311 4 4 2 5 3 11 4 4 5 5 2 4 4 7 2 4
F1312 5 5 5 5 5 12 4 4 5 5 2 3 4 4 2 6
F1313 5 5 5 5 12 13 3 3 6 6 2 4 4 9 4 5
F1314 4 5 5 5 5 13 4 4 4 5 2 4 4 6 2 6
F1315 5 5 5 5 5 12 3 3 4 4 1 2 3 4 3 4
F1316 2 5 5 5 5 12 3 4 5 5 2 4 6 6 2 7
F1317 5 5 5 5 5 12 4 4 5 6 2 2 3 5 7 8
F1318 4 5 5 5 5 13 4 4 4 4 2 2 4 5 4 4
F1319 5 5 2 5 5 12 4 8 4 5 2 2 6 6 5 5
F1320 5 5 5 7 12 13 3 3 4 6 2 4 5 6 4 6
F1321 5 5 5 5 5 14 3 4 6 6 2 2 3 4 2 4
F1322 5 5 3 5 12 13 3 4 3 6 2 2 2 7 4 6
F1323 4 5 5 6 5 13 3 3 4 6 2 2 3 4 4 4
F1324 5 5 2 5 2 14 4 4 5 5 4 4 2 3 5 6
F1325 5 5 5 5 5 12 5 5 5 6 2 4 3 4 2 5
F1326 5 5 5 5 5 12 2 8 5 5 2 4 6 6 4 4
F1328 4 5 2 5 12 12 3 3 6 7 2 2 2 5 4 4
F1330 5 5 1 2 5 12 4 4 4 7 2 5 2 4 4 4
F1331 1 5 5 7 11 12 4 5 6 6 2 4 4 6 4 4
F1332 4 4 2 5 5 12 3 4 4 5 2 4 3 4 4 5
F1333 4 5 2 5 13 14 4 4 3 5 2 4 4 9 4 4
F1334 5 5 5 5 5 11 4 5 5 6 2 2 4 5 4 6
F1335 5 9 2 5 5 11 4 9 5 7 2 4 1 6 4 5
F1336 5 5 5 5 13 13 3 4 5 6 4 4 4 9 5 5
F1337 5 5 2 5 12 13 3 5 2 4 2 2 6 6 6 6
F1338 4 5 5 5 5 12 4 4 5 5 2 4 3 4 2 4
F1339 4 5 5 5 12 12 4 4 6 10 2 5 4 4 2 5
F1340 1 5 5 5 5 5 3 5 6 6 2 3 4 4 2 4
F1341 5 5 5 7 5 5 4 4 4 6 2 4 1 4 5 6
F1342 5 5 3 5 12 12 3 4 5 5 2 2 2 4 2 4
F1343 5 5 5 5 5 5 3 4 4 6 2 4 3 3 4 4
F1344 4 5 5 5 11 12 4 4 5 5 4 4 5 5 2 4
F1345 5 5 5 5 5 5 3 4 6 6 2 2 5 5 2 4
F1347 5 5 5 5 12 12 4 5 4 5 2 3 3 6 2 4
F1348 4 5 5 5 11 12 8 8 4 4 2 2 3 4 2 4
F1349 5 5 5 5 5 5 4 4 5 5 2 5 5 5 2 2
F1350 5 5 3 5 11 12 3 4 4 11 2 2 4 7 4 4
F1351 5 5 5 5 5 12 4 8 5 6 2 2 3 6 4 6
F1352 1 5 5 5 5 5 4 8 4 5 2 4 2 4 4 4
F1353 5 5 2 2 5 5 4 8 5 5 2 5 3 7 2 4
F1354 5 5 5 5 12 12 4 4 5 5 2 4 6 9 4 5
F1355 1 5 5 5 5 5 4 8 4 5 1 2 4 5 4 4
F1356 5 5 5 7 5 5 4 4 6 9 1 2 4 4 4 4
F1357 1 5 5 6 5 13 3 3 6 6 2 2 4 6 2 2
F1358 1 5 3 5 11 12 4 4 5 6 2 4 4 5 2 2
F1359 5 5 5 6 12 12 5 8 5 5 2 2 4 9 2 5
F1360 4 5 5 5 12 12 4 4 4 5 2 2 4 4 2 2
F1361 1 5 7 7 12 12 7 8 5 5 2 4 3 4 2 2
F1363 4 5 1 5 12 13 4 8 5 6 2 2 4 4 4 6
F1364 5 5 7 7 11 13 4 4 6 6 2 2 6 6 6 7
F1366 4 5 5 5 11 12 4 7 5 6 2 2 2 5 2 5
F1367 5 5 1 5 5 12 4 4 7 7 4 4 2 6 2 3
F1368 4 4 2 5 5 5 4 4 5 5 2 2 5 6 4 4
F1370 4 5 5 5 5 5 4 7 5 6 2 4 6 6 4 4
F1371 1 5 2 5 5 5 4 5 6 6 2 4 4 5 2 3
F1372 4 5 2 2 5 12 4 4 5 5 2 4 2 9 4 4
F1373 1 5 2 2 5 11 4 4 6 6 1 2 7 7 4 4
F1374 4 5 5 6 13 13 4 7 6 6 2 2 2 4 2 4
F1376 5 5 5 7 12 12 4 7 6 9 2 4 4 6 2 2
F1377 4 4 3 5 5 12 3 4 5 5 2 4 2 2 2 2
F1378 5 5 5 5 5 14 4 4 4 6 2 4 5 5 2 2
F1379 4 4 5 5 5 11 4 4 5 5 2 2 5 5 2 2
F1380 5 5 5 5 5 13 3 4 4 5 1 2 4 7 4 4
F1381 5 5 2 5 5 5 3 4 5 5 4 4 2 3 2 4
F1382 4 5 2 5 13 14 3 3 5 5 2 3 2 3 2 4
F1383 5 5 5 5 5 5 3 3 4 5 2 2 2 2 2 4
F1384 5 5 5 7 5 13 3 4 5 6 4 5 3 7 4 6
F1385 1 5 5 5 11 13 3 4 5 6 2 2 7 7 5 7
F1386 5 5 5 5 5 5 4 4 5 6 2 2 2 2 2 4
F1387 5 5 5 5 5 12 3 5 4 6 3 4 5 6 4 5
F1388 4 5 2 5 5 5 3 4 5 6 4 4 4 4 2 6
F1389 4 5 5 5 5 12 4 4 5 6 2 4 4 6 2 4
F1391 4 5 5 5 12 12 4 5 6 8 2 4 3 6 4 4
F1392 4 5 2 5 12 12 4 4 5 5 3 4 2 4 2 4
F1393 5 5 4 5 5 11 4 5 5 6 2 2 2 4 2 2
F1394 4 5 5 6 12 12 4 4 5 5 2 2 3 7 4 6
F1395 5 5 5 5 5 12 4 4 4 6 2 5 4 6 2 4
F1396 5 5 2 5 12 13 3 8 6 11 2 3 5 6 4 5
F1397 1 4 5 7 12 12 5 8 4 5 2 4 2 6 4 5
F1398 5 5 7 7 5 5 3 5 4 4 2 4 7 9 4 5
F1400 4 5 2 5 5 12 3 4 4 4 2 4 3 9 2 4
F1401 5 5 5 7 11 12 4 4 5 6 2 2 3 9 1 5
F1402 4 5 5 5 5 12 4 8 5 11 2 4 4 7 2 5
F1403 5 5 2 7 11 12 3 5 5 5 2 4 2 4 4 4
F1404 5 5 5 7 5 13 5 5 6 11 2 4 2 4 2 4
F1405 5 5 5 5 5 5 8 8 4 5 2 2 3 4 2 2
F1406 4 4 5 7 5 12 4 5 5 6 2 4 3 3 2 2
F1407 5 5 5 7 12 12 3 8 5 5 2 3 4 6 2 4
F1408 5 5 5 5 5 12 4 8 5 5 2 2 3 6 4 5
F1409 4 5 5 5 5 11 8 8 4 5 4 4 2 5 2 5
F1410 5 5 5 5 12 13 4 5 4 6 4 4 4 4 2 2
F1411 5 5 5 5 5 13 3 3 4 5 1 2 3 5 4 5
F1412 5 5 5 5 5 11 4 10 4 6 2 4 2 3 4 4
F1413 4 5 5 5 11 13 4 8 5 6 2 5 3 3 2 2
F1414 5 5 5 5 12 12 3 3 4 7 2 3 2 4 2 3
F1415 4 5 5 5 5 12 3 4 4 5 4 4 5 6 2 5
F1416 4 5 3 5 5 13 4 8 6 7 2 2 2 4 2 4
F1417 5 5 5 5 5 12 4 4 5 6 2 4 2 4 2 4
F1419 5 5 2 5 12 12 4 8 4 4 2 2 2 7 2 6
F1420 4 5 5 5 12 12 4 5 4 5 2 4 3 6 6 6
F1421 4 5 5 5 5 12 4 7 6 6 2 2 5 6 2 5
F1422 5 5 5 7 5 5 3 4 6 6 2 2 3 7 2 7
F1423 4 5 5 7 12 13 3 4 5 10 2 2 3 6 4 4
F1424 1 5 5 5 12 12 3 4 5 5 2 3 4 4 2 4
F1425 5 5 5 5 12 12 4 4 5 5 2 2 4 7 2 2
F1426 4 5 5 7 5 11 4 4 4 6 2 2 2 5 2 3
F1427 1 5 5 5 5 5 3 4 5 6 2 2 3 3 2 8
F1428 5 9 2 5 11 12 4 5 5 12 4 4 4 5 2 4
F1429 5 5 5 5 5 5 4 7 5 6 2 2 6 6 4 5
F1430 1 4 5 5 5 13 3 4 5 5 2 2 3 10 4 6
F1432 4 5 5 5 5 5 4 5 5 6 2 2 6 7 2 4
F1433 5 5 5 5 12 13 4 4 4 5 2 4 4 5 2 2
F1434 4 5 5 5 5 12 3 4 5 6 2 2 6 7 2 2
F1435 5 5 5 5 11 11 4 4 4 5 4 4 2 4 4 4
F1436 1 4 5 5 5 11 4 7 5 6 2 2 3 7 5 6
F1437 5 5 7 7 5 12 4 5 4 5 2 4 4 5 4 4
F1438 5 5 5 5 12 13 3 7 5 6 2 2 1 2 4 6
F1439 4 5 5 5 12 12 4 5 5 5 4 4 3 6 2 2
F1440 5 5 5 5 5 12 3 4 5 6 4 4 2 9 2 2
F1441 5 5 5 5 12 13 4 4 4 6 2 2 2 6 4 6
F1442 4 5 5 7 5 12 3 4 5 5 2 2 3 4 4 6
F1443 5 5 2 2 12 12 3 4 4 6 2 4 4 4 4 5
F1444 4 4 5 5 12 12 4 4 5 5 2 4 3 7 2 4
F1445 4 5 6 7 5 12 4 5 6 6 2 4 2 5 7 7
F1446 4 5 5 5 5 12 3 3 6 6 2 2 2 6 4 4
F1447 5 5 5 5 5 12 4 5 7 7 2 2 4 5 4 4
F1448 1 5 5 5 5 15 4 8 5 10 2 3 4 7 4 4
F1449 5 5 5 5 5 5 3 4 5 5 2 4 2 6 2 5
F1450 4 5 5 5 12 12 4 4 4 6 4 4 6 9 5 5
F1451 5 5 2 5 5 11 5 7 5 5 4 4 4 7 4 6
F1452 5 5 5 5 5 12 4 4 4 7 2 2 3 7 3 4
F1453 1 5 5 7 11 12 8 8 4 5 2 2 3 6 2 3
F1454 2 5 1 5 5 12 3 4 4 6 4 4 3 4 2 2
F1455 5 5 5 5 5 13 3 4 4 6 2 4 7 7 4 4
F1456 5 5 2 5 11 12 3 3 6 6 2 4 2 11 2 4
F1457 4 5 5 5 5 12 3 4 4 6 2 2 6 7 2 2
F1458 4 5 5 5 5 5 4 4 4 6 4 4 2 6 4 6
F1459 5 5 3 5 5 12 3 7 5 5 2 2 5 5 2 4
F1460 5 5 2 5 12 12 4 4 5 6 2 4 7 7 2 4
F1461 5 5 2 5 5 13 4 4 5 6 2 2 4 6 2 4
F1462 5 5 5 5 5 12 4 4 5 5 2 4 4 5 2 4
F1463 1 4 5 5 12 13 4 4 4 6 1 2 2 5 2 3
F1465 5 5 2 5 5 11 4 8 4 6 2 7 2 5 2 5
F1466 5 5 5 5 12 13 3 3 4 6 2 4 4 4 4 4
F1467 4 5 3 5 5 12 3 4 6 6 2 2 2 4 2 5
F1468 4 5 5 5 12 13 4 8 4 11 2 4 4 7 4 5
F1470 2 5 5 5 5 11 3 5 3 5 2 2 2 6 5 6
F1471 4 5 5 6 5 5 4 4 5 6 4 4 2 3 4 4
F1472 5 5 5 5 5 12 4 5 6 6 2 2 2 6 4 4
F1474 4 5 1 5 5 12 4 4 6 6 2 2 3 4 2 4
F1475 4 5 5 6 12 12 3 4 5 5 2 5 2 3 2 2
F1476 5 5 5 5 13 13 3 4 5 5 2 4 3 5 2 4
F1477 5 5 5 5 10 13 4 8 6 6 2 2 4 5 2 2
F1478 5 5 5 5 12 12 4 4 4 5 2 2 3 3 4 4
F1479 4 5 2 5 5 11 3 7 6 6 2 4 3 6 2 2
F1480 4 5 5 5 13 13 4 5 5 6 2 4 2 6 2 2
F1481 4 5 5 5 12 14 3 4 4 5 2 4 4 7 4 5
F1482 5 5 5 5 5 5 4 4 4 6 2 2 4 5 4 4
F1483 5 5 5 5 12 12 4 8 6 6 2 2 6 7 4 5
F1484 5 5 5 5 12 13 4 8 5 5 2 4 6 7 4 4
F1485 4 5 5 5 12 12 4 9 4 6 2 2 2 4 5 6
F1486 4 4 2 7 5 5 7 8 5 5 2 4 2 6 2 2
F1487 5 5 5 5 12 12 8 8 6 10 4 4 3 4 4 4
F1488 4 4 5 7 5 11 4 4 3 4 2 2 4 7 4 6
F1489 4 5 3 5 5 13 3 4 5 6 2 2 3 4 4 4
F1490 5 5 2 2 5 12 4 4 5 6 2 4 4 4 2 4
F1491 5 5 5 5 5 13 4 8 5 5 2 2 2 3 4 7
F1492 4 5 5 5 13 13 3 4 5 5 2 4 2 4 4 6
F1493 4 9 5 5 5 5 4 4 6 7 2 4 4 5 4 6
F1494 2 5 5 5 5 11 4 5 6 11 2 4 3 3 4 7
F1495 4 4 2 5 11 12 4 5 5 5 2 2 2 4 2 7
F1497 4 4 5 5 5 12 3 4 6 6 4 4 4 5 2 2
F1500 5 5 5 5 5 12 4 4 5 5 4 4 2 6 2 3
F1501 4 5 5 5 12 13 3 4 5 5 2 4 4 9 3 4
F1502 1 5 5 5 5 12 4 4 5 6 2 4 2 4 2 5
F1503 5 5 2 6 12 12 7 8 4 5 2 4 2 3 4 4
F1504 5 5 5 5 12 12 4 4 4 5 4 4 3 6 2 2
F1505 4 5 5 5 11 12 4 4 6 6 2 4 3 5 2 2
F1506 4 5 5 7 5 13 4 8 5 6 2 4 4 6 4 7
F1507 5 5 1 2 12 12 4 7 5 6 2 2 3 4 2 5
F1508 4 5 5 7 5 12 3 4 4 5 2 5 6 9 2 6
F1509 5 7 5 5 5 12 4 4 5 5 2 4 4 5 2 4
F1510 4 5 5 5 5 12 4 4 5 5 2 4 2 3 2 4
F1511 5 5 2 5 5 12 4 4 4 6 2 2 4 11 2 2
F1512 4 5 3 5 12 12 3 4 5 7 2 2 2 7 2 4
F1513 4 5 5 5 5 5 4 4 4 5 2 4 7 7 2 7
F1514 4 4 5 5 5 11 4 4 7 10 2 2 5 6 4 4
F1515 5 5 1 7 10 13 4 5 4 6 2 4 5 6 3 3
F1516 4 5 5 5 5 12 3 4 5 6 2 4 2 2 2 4
F1517 5 5 5 5 11 13 3 4 6 6 2 4 4 4 2 5
F1518 5 5 5 5 12 13 4 4 4 5 2 2 4 4 2 7
F1519 5 5 5 5 5 11 4 4 5 5 2 4 5 6 4 8
F1520 4 5 5 5 12 12 4 4 4 5 4 4 4 5 2 4
F1521 4 4 2 2 5 5 4 4 6 6 1 5 3 4 1 2
F1522 4 5 2 5 5 12 3 3 4 6 2 2 6 7 4 4
F1523 4 5 2 2 5 12 4 7 4 4 2 4 4 4 2 5
F1524 4 5 5 5 12 13 5 5 5 5 2 2 4 7 2 4
F1525 5 5 5 5 5 13 8 8 5 6 2 4 2 3 2 2
F1527 4 5 5 5 5 11 4 5 5 5 4 4 3 7 2 7
F1528 4 5 5 5 5 13 4 4 4 5 2 2 5 5 4 5
F1529 4 5 5 5 5 5 4 5 4 4 4 4 6 6 4 5
F1531 5 5 5 8 5 12 4 8 5 5 4 4 6 6 4 4
F1532 4 4 5 7 11 12 4 5 5 6 2 2 3 7 4 5
F1533 3 5 5 5 5 12 3 4 4 6 2 4 4 10 4 7
F1534 5 5 5 5 5 5 3 4 4 4 2 4 3 4 2 4
F1535 4 5 5 5 5 12 3 4 4 6 2 2 4 4 2 2
F1536 4 4 2 5 5 5 2 4 4 5 2 4 2 3 2 4
F1537 5 5 5 5 12 13 3 8 6 6 2 4 2 5 1 4
F1538 5 5 5 5 11 13 3 4 5 5 2 4 3 9 2 6
F1539 1 5 5 7 12 12 4 5 4 5 2 4 4 4 2 4
F1540 4 5 5 5 5 12 3 4 6 6 2 2 2 6 4 4
F1541 4 5 5 5 5 12 3 4 6 6 2 2 3 6 2 4
F1542 5 5 5 5 5 5 4 4 4 6 2 4 4 4 2 4
F1543 5 5 5 5 12 12 5 5 6 6 4 4 3 4 2 6
F1545 5 5 2 5 5 14 4 5 4 5 3 4 3 3 4 4
F1546 5 5 5 5 5 12 4 4 4 6 2 2 5 7 4 4
F1547 4 5 5 7 11 11 4 8 4 4 2 4 4 4 2 6
F1548 5 5 5 5 5 5 4 4 4 5 2 2 6 7 2 5
F1549 4 4 5 5 12 12 4 5 5 11 2 3 2 4 2 2
F1550 5 5 5 5 12 12 3 4 4 4 2 3 6 6 2 2
F1551 4 5 5 5 12 12 5 7 5 7 2 2 3 6 2 4
F1552 5 5 5 7 5 12 4 8 6 6 2 2 4 4 2 6
F1553 4 5 5 7 5 12 2 7 6 6 2 2 2 4 2 4
F1554 5 5 5 5 5 12 4 4 5 6 2 4 4 5 2 5
F1556 4 4 5 5 13 13 4 4 5 6 2 2 4 6 2 2
F1558 5 5 5 5 5 11 3 5 5 6 2 4 4 4 5 6
F1559 4 4 1 5 5 5 4 8 6 6 2 4 5 7 4 8
F1560 2 4 5 5 5 13 3 4 6 6 2 2 5 5 2 4
F1561 4 5 5 5 5 12 3 8 6 6 2 4 2 7 6 6
F1562 4 5 2 5 12 12 4 4 4 4 2 4 4 9 4 6
F1563 4 5 5 7 12 12 4 4 5 6 2 2 4 4 2 2
F1564 5 5 5 5 12 12 4 4 5 6 2 5 3 3 2 5
F1565 5 5 1 5 5 12 4 4 5 5 2 2 4 7 2 2
F1566 5 5 5 7 5 13 4 5 6 6 2 2 5 5 4 5
F1567 4 5 5 5 5 5 3 4 5 5 2 4 4 4 4 4
F1568 4 5 5 5 5 11 3 5 6 6 2 4 4 7 3 4
F1569 5 5 5 7 12 12 4 5 4 6 4 5 3 3 2 6
F1570 4 4 5 5 5 14 4 4 5 5 2 2 6 6 2 6
F1571 1 4 5 5 5 13 4 7 4 5 2 2 5 5 4 5
F1572 5 5 5 5 5 14 4 4 4 5 2 4 4 5 4 5
F1573 4 4 3 7 12 12 4 4 4 11 2 4 4 7 4 4
F1574 5 5 5 5 5 12 3 3 4 5 2 3 3 4 2 4
F1575 4 5 3 5 10 11 4 4 6 6 2 4 2 9 4 4
F1576 5 7 2 5 5 11 4 5 4 6 2 2 4 6 2 5
F1577 4 5 5 5 12 12 4 4 6 6 2 2 3 6 2 5
F1578 1 5 2 5 5 12 4 8 4 4 2 4 4 5 4 7
F1579 5 5 5 5 11 12 3 4 6 6 4 5 2 3 4 4
F1580 1 5 5 7 13 13 3 4 3 5 2 2 3 4 2 2
F1581 5 5 5 5 5 13 4 4 5 5 2 2 3 3 4 4
F1582 4 5 5 5 5 12 3 4 5 6 2 4 2 4 2 4
F1584 4 5 5 5 12 13 4 4 6 6 2 2 1 5 4 6
F1585 4 5 5 5 12 12 4 4 5 6 2 5 2 2 2 4
F1587 5 5 5 5 5 11 7 8 3 6 2 2 2 6 4 6
F1588 5 5 5 5 11 12 4 5 4 6 2 4 4 4 2 2
F1589 4 5 5 7 12 13 4 8 6 6 4 4 4 6 4 4
F1590 1 5 5 5 5 12 4 4 6 7 2 2 4 4 4 6
F1591 5 5 5 5 11 14 1 3 4 4 4 4 4 5 4 5
F1592 5 5 5 5 13 13 3 8 4 6 2 4 2 10 2 8
F1593 5 5 2 5 5 5 3 4 4 5 2 4 4 6 6 6
F1594 5 5 5 5 5 13 3 3 5 5 2 2 6 7 2 4
F1595 4 5 5 5 12 13 3 4 4 6 4 4 2 4 4 4
F1596 4 5 5 5 5 11 4 4 5 5 2 2 6 6 4 4
F1597 5 5 3 5 12 12 4 4 4 6 2 7 4 5 2 2
F1598 4 5 5 5 12 12 3 4 5 6 2 2 4 6 2 7
F1599 5 5 5 5 12 13 4 8 4 6 2 4 4 6 2 7
F1600 4 5 5 5 12 13 3 4 4 5 2 5 3 4 4 4
F1601 5 5 5 5 12 13 4 10 5 6 2 4 2 3 4 4
F1602 1 5 5 5 5 13 4 5 4 6 2 2 3 3 2 4
F1603 4 5 5 5 5 12 3 4 4 4 2 5 6 6 4 5
F1604 4 4 2 5 5 12 3 3 5 6 2 2 4 4 2 4
F1605 4 5 5 5 5 11 4 8 5 6 2 2 6 9 2 4
F1606 5 5 5 5 12 13 4 4 5 7 2 2 2 7 4 4
F1608 5 5 5 5 11 12 4 5 4 6 2 2 2 7 2 6
F1609 4 5 5 5 11 13 3 4 4 6 2 2 4 6 4 4
F1610 5 5 5 5 12 13 3 7 4 5 2 2 6 6 2 2
F1611 5 5 5 5 4 5 4 4 5 6 2 4 4 4 4 4
F1612 4 5 5 5 12 12 4 8 6 6 2 3 4 4 4 6
F1614 5 5 3 5 5 13 3 4 4 6 2 4 3 3 4 4
F1616 5 5 5 8 5 12 3 4 5 5 4 4 6 6 4 4
F1617 4 5 2 5 5 5 3 3 5 6 4 4 2 4 4 4
F1618 5 5 5 5 5 12 4 4 5 6 2 4 4 6 2 2
F1619 5 5 5 5 12 12 3 3 4 5 2 2 2 5 4 4
F1620 5 5 5 5 11 12 4 4 4 4 2 2 3 9 4 4
F1621 4 4 5 5 12 13 3 5 5 11 2 2 4 5 5 7
F1622 1 5 5 5 5 5 3 4 5 6 2 4 2 3 4 7
F1623 5 5 5 5 12 12 5 5 5 6 2 2 2 7 2 4
F1624 5 8 2 5 5 5 4 7 6 6 2 5 4 7 2 2
F1625 5 5 5 5 5 12 4 5 4 5 2 2 3 3 2 5
F1626 5 5 5 5 12 12 4 4 4 5 2 2 4 4 4 4
F1627 5 5 5 5 12 12 4 7 5 6 4 4 2 2 6 7
F1628 1 5 2 5 12 12 3 4 4 5 2 2 3 7 6 6
F1629 4 5 5 7 5 5 3 4 5 7 2 4 5 6 4 4
F1630 5 5 5 5 12 12 4 8 5 6 5 5 4 6 4 5
F1631 5 5 5 5 12 12 3 4 6 7 4 5 3 3 2 4
F1632 4 5 5 5 5 5 3 4 4 11 2 4 2 2 2 4
F1633 5 5 5 5 5 13 4 4 4 6 2 4 3 4 2 4
F1634 4 5 2 5 5 12 4 8 5 6 2 4 3 7 2 7
F1635 1 3 5 5 11 12 7 8 3 6 2 2 4 6 2 2
F1636 5 5 5 5 13 13 4 4 4 5 2 4 5 7 4 4
F1637 4 5 5 5 12 12 3 3 5 5 2 2 3 3 2 4
F1638 5 5 5 5 12 12 3 4 4 5 2 4 3 5 2 4
F1639 5 5 5 5 5 12 4 5 5 6 1 2 3 4 2 5
F1640 1 4 5 5 5 11 4 5 5 6 2 4 4 4 2 2
F1641 5 5 5 5 5 12 4 4 5 5 2 4 2 5 4 4
F1642 4 5 5 5 5 12 3 4 4 4 2 2 3 4 2 4
F1643 4 5 5 5 5 12 4 4 4 4 2 4 2 5 2 5
F1644 5 5 5 5 12 12 3 4 5 6 2 2 6 6 2 7
F1645 4 5 5 5 5 5 4 4 4 5 2 4 3 4 4 4
F1646 5 5 5 7 5 5 3 4 4 11 4 5 2 4 2 6
F1647 5 5 5 5 5 12 4 4 4 6 2 2 7 7 4 4
F1648 4 4 5 5 11 13 4 4 6 11 4 4 3 6 2 5
F1649 5 5 5 5 5 11 4 8 5 6 2 2 6 6 1 4
F1650 5 5 5 5 1 11 4 4 6 6 2 3 2 7 4 6
F1651 5 7 5 5 12 14 3 3 5 6 1 2 2 5 2 7
F1652 4 5 2 5 5 13 4 4 6 6 2 2 3 6 4 4
F1653 1 5 5 7 5 11 4 7 3 6 2 4 6 6 4 4
F1654 5 5 5 5 5 12 3 8 6 6 2 4 2 3 2 4
F1655 5 5 5 5 5 5 4 4 4 5 2 2 3 6 4 7
F1656 5 5 5 7 12 13 7 8 5 6 2 2 4 6 2 4
F1657 4 5 1 5 2 11 4 4 5 6 2 2 4 7 4 4
F1658 5 5 2 5 5 5 4 4 5 6 2 4 4 4 2 4
F1659 5 5 5 5 4 12 4 8 5 6 4 4 3 11 2 6
F1660 1 5 2 5 5 5 3 4 5 5 2 4 2 4 2 4
F1661 5 5 5 7 5 13 4 4 5 5 2 4 4 5 2 6
F1662 4 5 5 5 5 10 3 3 5 6 2 3 2 4 4 4
F1663 5 5 5 5 12 12 3 4 5 6 2 4 6 8 5 5
F1664 4 5 5 5 5 5 5 5 4 5 2 2 4 5 4 6
F1665 5 5 5 5 5 12 4 4 6 6 2 4 4 5 2 8
F1666 5 5 5 5 5 5 4 4 4 10 2 2 4 6 4 4
F1667 4 5 5 5 12 13 3 7 4 4 2 4 3 3 2 5
F1668 4 5 5 5 12 13 3 4 4 4 2 4 4 9 3 3
F1669 5 5 5 5 5 13 4 4 4 5 2 2 2 4 4 8
F1670 4 5 5 5 5 12 5 8 3 3 2 4 3 4 4 4
F1671 5 5 5 7 11 11 3 4 4 5 4 4 9 9 2 4
F1672 1 4 5 5 12 12 3 4 4 6 2 2 3 9 2 4
F1673 5 5 2 2 5 12 4 5 5 6 2 2 2 6 2 4
F1674 1 5 5 5 5 12 8 8 5 5 2 4 6 7 5 5
F1675 5 5 5 7 2 13 3 8 4 5 2 2 2 5 4 6
F1676 4 8 5 5 12 12 3 5 6 6 2 5 6 6 4 6
F1677 5 5 5 5 11 12 4 5 3 5 4 4 4 5 3 4
F1679 5 5 5 7 12 12 3 8 5 5 2 4 2 3 4 4
F1680 4 4 5 5 13 14 4 4 6 8 2 2 2 3 5 5
F1681 5 5 5 5 5 13 4 4 5 5 2 4 3 11 2 2
F1682 5 7 3 5 5 12 2 4 4 5 2 5 2 3 1 4
F1683 5 5 5 5 12 13 4 5 4 5 2 2 4 6 1 4
F1684 5 5 5 5 5 5 4 4 4 5 2 2 3 6 4 4
F1685 5 5 5 5 5 5 4 4 6 6 2 4 2 6 2 5
F1686 4 5 5 6 5 11 3 4 4 5 2 4 2 3 4 6
F1687 5 5 5 5 5 11 4 4 3 5 5 5 2 6 2 8
F1688 5 5 3 5 5 11 3 8 5 8 2 4 4 6 2 4
F1689 5 5 5 5 5 5 4 4 6 6 2 4 4 4 5 5
F1690 4 4 2 5 11 12 4 4 5 8 2 2 4 6 4 4
F1691 5 5 5 5 5 11 4 4 6 7 2 2 4 4 3 4
F1692 5 5 2 5 12 12 3 4 5 6 2 2 5 6 2 2
F1693 5 5 5 5 12 13 4 5 6 6 2 4 3 7 4 6
F1694 4 4 5 7 5 13 3 4 4 6 2 2 7 7 4 4
F1695 5 5 3 5 5 12 4 4 4 6 2 2 4 5 6 6
F1696 5 5 2 5 11 13 3 8 5 7 2 4 3 3 2 4
F1697 5 5 5 7 5 5 5 8 4 5 2 2 5 7 2 2
F1698 5 5 5 5 5 11 4 8 5 5 2 2 4 7 6 7
F1699 4 5 5 5 5 13 3 3 5 6 2 2 3 6 4 6
F1700 5 5 5 5 5 12 4 7 4 5 2 2 4 4 2 2
F1701 4 5 5 7 5 5 4 4 6 6 2 4 1 3 3 7
F1702 5 5 5 5 5 12 4 4 6 6 2 5 2 7 4 8
F1703 4 5 5 5 12 15 3 4 6 6 2 2 2 2 4 4
F1704 5 5 5 7 5 14 4 4 5 5 4 4 4 5 4 4
F1705 1 1 3 5 5 11 3 3 5 6 2 4 5 7 4 4
F1706 4 5 5 5 11 12 3 4 4 5 2 2 2 3 2 4
F1707 5 5 5 5 5 12 4 4 6 6 2 4 4 4 4 5
F1708 5 5 5 5 11 12 3 4 6 6 2 5 4 7 2 4
F1709 5 5 5 5 5 12 4 4 5 5 2 2 3 7 2 4
F1710 5 5 5 7 12 12 3 5 4 7 2 4 3 7 4 6
F1711 5 5 5 5 5 11 4 5 6 9 2 5 2 7 2 6
F1712 4 5 5 5 5 5 3 5 6 6 2 2 4 7 4 6
F1714 5 5 5 5 12 12 4 4 4 5 2 2 4 5 4 4
F1715 4 5 5 5 12 13 4 4 4 5 2 3 5 7 4 6
F1716 4 5 5 6 12 13 4 4 4 6 2 2 5 5 2 3
F1717 4 5 5 5 5 5 4 4 5 5 2 5 5 7 5 5
F1718 5 5 5 7 5 12 4 5 3 6 2 2 3 9 5 5
F1719 5 5 5 5 5 13 4 8 5 6 2 2 3 4 2 4
F1721 5 5 5 5 12 14 2 4 5 5 5 5 4 6 2 4
F1722 5 5 5 5 5 12 4 4 5 5 3 3 3 6 2 7
F1723 5 5 5 5 12 12 4 4 3 5 2 4 6 6 4 6
F1724 4 5 2 5 11 12 4 7 5 6 2 2 2 4 4 5
F1725 4 5 7 7 12 12 3 4 4 7 2 4 3 4 4 4
F1726 5 5 5 5 5 12 4 4 5 5 2 4 3 6 4 6
F1727 5 5 5 5 5 11 3 4 5 5 2 2 5 7 2 4
F1728 5 5 5 5 6 12 5 7 5 6 2 4 4 4 4 4
F1729 5 5 5 5 11 14 2 2 5 6 2 4 4 7 2 2
F1730 5 5 5 7 5 12 3 3 5 5 4 4 3 7 4 4
F1731 5 5 5 5 11 12 4 4 6 6 1 2 2 5 4 4
F1732 4 5 5 5 5 12 4 4 4 5 2 2 3 4 2 5
F1733 4 5 5 5 5 5 8 8 5 7 2 2 3 3 2 6
F1734 5 5 5 5 5 12 4 5 4 5 2 4 4 6 4 5
F1735 1 4 5 5 5 13 4 4 6 6 2 2 7 9 4 6
F1736 5 5 5 5 12 14 4 4 6 6 2 2 2 3 2 4
F1737 3 5 5 5 5 12 4 8 3 3 2 4 2 4 2 2
F1739 2 5 5 5 5 11 4 4 6 6 2 4 3 3 3 4
F1740 4 5 5 5 5 5 4 8 5 6 2 2 3 3 4 4
F1741 4 5 5 5 5 11 3 4 4 6 2 4 6 6 4 4
F1742 1 5 5 5 5 12 3 4 6 6 2 4 4 4 2 5
F1743 5 5 5 5 13 13 4 4 5 6 2 2 4 7 4 5
F1744 5 5 1 5 7 13 3 7 4 5 2 4 3 5 4 4
F1745 5 5 5 5 11 12 4 4 5 5 2 2 2 2 4 6
F1746 1 5 5 5 5 11 4 4 5 6 2 2 5 5 2 4
F1748 5 5 5 7 12 12 3 4 6 6 2 4 2 3 2 4
F1749 5 5 5 5 5 13 3 4 4 6 2 5 5 6 4 4
F1750 1 5 5 5 12 12 3 4 4 5 2 2 5 5 4 6
F1751 5 5 5 5 13 13 3 3 4 6 4 5 4 6 2 2
F1752 5 5 5 5 5 11 4 5 4 6 4 4 4 6 4 4
F1753 5 5 5 5 11 12 3 4 4 5 2 4 6 6 2 4
F1754 1 5 5 5 12 12 4 4 4 6 2 2 3 5 2 7
F1755 5 5 5 5 5 11 4 8 5 10 2 2 3 4 5 7
F1756 4 5 2 5 5 11 4 8 5 6 2 4 2 6 4 4
F1757 4 5 5 6 5 5 4 4 4 5 2 4 4 5 1 4
F1759 5 5 3 5 5 5 4 7 6 7 2 4 3 6 2 4
F1760 5 5 5 5 11 12 3 5 7 10 2 5 4 6 2 4
F1761 5 5 5 5 5 12 2 3 5 6 2 2 6 7 5 7
F1762 5 5 2 5 5 11 4 8 5 6 2 2 4 4 4 4
F1763 1 5 5 5 12 13 3 4 4 5 2 2 3 6 2 4
F1764 4 5 5 5 5 5 4 5 4 4 2 4 3 5 2 6
F1765 4 5 5 5 12 12 3 8 5 6 2 5 4 6 4 6
F1766 5 5 5 5 5 12 3 5 4 6 4 4 6 7 2 2
F1767 5 5 3 5 12 12 4 7 4 4 1 4 3 4 4 5
F1768 5 5 5 6 12 12 4 4 5 5 2 2 4 4 4 4
F1769 4 5 5 5 5 6 4 5 5 5 1 2 5 6 1 6
F1770 4 4 3 5 5 12 4 4 5 6 2 4 3 9 2 4
F1771 4 5 5 5 5 13 4 5 5 7 2 4 6 7 2 2
F1772 5 5 5 7 5 12 4 4 5 5 4 4 2 3 2 5
F1774 4 5 5 5 5 12 4 4 4 6 5 5 3 4 2 4
F1775 5 5 7 7 12 13 4 4 5 5 3 4 6 7 2 6
F1776 5 5 5 5 5 11 4 4 5 5 2 2 3 4 5 5
F1777 5 5 5 5 11 12 5 8 5 6 2 2 4 4 2 6
F1778 4 5 2 5 12 13 4 5 5 5 2 2 3 9 2 4
F1779 4 5 5 5 5 5 4 7 4 6 2 2 2 7 2 5
F1780 1 4 5 5 12 12 4 4 4 5 2 4 6 6 4 4
F1781 5 5 2 3 5 5 3 4 5 6 4 5 4 4 2 4
F1782 4 5 5 5 5 13 4 4 4 6 2 2 2 3 2 4
F1783 5 6 5 5 4 12 3 4 5 5 2 4 3 3 2 4
F1784 4 5 5 5 5 11 2 5 5 6 4 5 3 3 3 3
F1785 5 7 5 7 5 5 3 4 6 6 2 4 3 6 4 4
F1786 4 5 2 6 12 13 7 8 6 11 4 4 3 7 5 5
F1787 5 5 5 5 5 5 4 4 6 7 2 4 2 4 2 4
F1788 4 4 5 5 2 5 4 4 4 4 2 2 2 4 2 6
F1789 5 5 5 5 5 12 4 4 6 6 3 3 4 7 4 5
F1790 4 4 5 5 12 13 3 4 4 4 1 4 5 6 4 4
F1791 4 4 5 5 5 11 3 4 4 6 2 2 2 3 5 6
F1792 4 5 5 5 5 11 3 4 4 5 2 2 4 6 6 6
F1793 5 5 5 5 12 12 4 7 4 4 2 4 3 4 4 5
F1794 5 5 3 5 12 13 4 4 4 6 2 4 4 4 4 8
F1795 5 5 3 5 5 5 4 4 4 6 2 2 4 4 2 6
F1796 5 5 5 7 5 13 4 8 4 5 4 5 1 4 4 4
F1797 5 5 2 5 5 12 4 4 6 10 2 2 7 7 4 4
F1798 4 5 5 5 5 12 3 4 5 7 2 5 6 6 4 4
F1799 4 5 5 5 5 12 4 8 6 6 2 4 2 4 2 2
F1800 5 5 1 5 5 5 3 5 5 11 2 2 1 7 4 4
F1801 4 5 5 7 5 12 3 7 6 6 2 2 4 5 4 6
F1802 5 5 5 5 12 12 4 5 5 6 2 4 3 6 2 2
F1803 4 5 3 7 12 13 3 10 4 5 2 2 4 7 4 8
F1804 5 5 5 5 5 12 4 4 5 6 4 4 2 4 4 4
F1805 4 5 5 5 5 5 5 5 3 5 2 2 9 9 4 5
F1806 1 4 2 5 5 11 4 5 5 7 2 4 4 7 4 5
F1807 4 5 5 6 12 13 1 8 4 5 2 2 2 2 4 4
F1808 5 9 2 2 11 12 4 5 6 6 2 2 4 7 2 4
F1809 5 5 5 5 11 12 4 4 5 6 4 4 3 4 2 4
F1810 4 5 5 7 13 13 3 4 4 7 2 4 3 6 2 3
F1811 4 4 2 2 5 12 3 4 5 6 2 4 4 4 2 2
F1812 4 4 5 5 5 5 3 4 6 6 2 4 8 9 2 3
F1813 5 5 3 3 5 5 4 4 5 6 2 2 2 3 4 4
F1814 4 5 2 5 5 5 4 4 4 6 2 4 6 7 4 4
F1815 4 5 5 5 5 12 4 4 4 4 2 2 3 3 2 6
F1816 5 5 5 7 5 12 4 4 4 5 2 2 5 7 2 5
F1817 5 5 5 7 5 5 4 4 4 5 2 4 4 4 4 4
F1818 4 4 5 5 5 5 4 4 6 6 2 4 4 5 5 7
F1819 1 5 2 5 12 13 3 5 3 6 2 2 2 2 2 4
F1820 4 5 5 5 12 12 3 3 4 6 2 2 4 4 2 5
F1821 5 5 5 5 10 13 4 8 5 6 2 4 4 7 2 2
F1822 5 5 2 5 11 13 3 7 5 6 2 2 4 6 4 5
F1823 4 5 3 5 12 13 3 4 6 6 2 4 2 7 2 2
F1824 4 9 5 5 12 12 4 5 5 6 2 2 2 3 2 6
F1826 4 4 2 5 11 13 4 8 3 6 2 2 4 5 5 5
F1827 5 5 5 5 5 12 3 5 4 4 4 4 5 6 4 5
F1828 2 5 5 5 11 12 3 4 3 6 2 2 4 4 2 4
F1829 5 5 5 5 12 12 3 4 5 9 2 2 2 2 2 2
F1830 4 4 7 7 5 12 4 5 5 5 4 4 3 3 2 5
F1831 5 5 5 5 5 11 3 4 5 5 4 4 5 6 2 4
F1832 5 7 2 5 5 5 4 4 6 6 5 5 2 2 2 4
F1833 5 5 5 5 5 10 4 5 4 5 2 2 5 9 2 6
F1834 5 5 5 5 12 12 3 4 4 6 2 2 6 7 4 8
F1835 5 5 5 5 11 12 3 4 6 6 2 4 3 11 2 4
F1836 5 5 2 5 12 12 3 5 4 7 4 4 4 6 6 6
F1837 5 5 5 5 12 12 4 4 5 5 2 5 3 4 2 4
F1838 4 5 2 5 5 5 3 4 10 10 2 4 5 6 2 4
F1839 5 5 5 5 11 11 3 4 5 6 2 5 4 5 4 4
F1840 5 5 2 5 5 5 3 5 4 4 2 2 2 2 2 8
F1841 5 5 1 5 11 12 3 3 4 4 2 5 3 4 2 2
F1842 5 5 5 5 5 11 4 4 4 6 2 2 2 5 2 6
F1843 5 5 5 5 11 12 4 4 5 6 2 2 4 7 6 6
F1844 5 5 5 5 5 12 3 4 5 6 2 4 6 6 5 6
F1845 5 5 5 5 5 12 4 4 5 11 2 5 4 4 2 4
F1846 5 5 5 5 12 12 4 8 5 6 2 4 6 6 2 4
F1847 4 4 3 5 12 12 3 3 4 5 2 4 2 2 4 5
F1848 5 5 5 7 8 10 4 4 5 5 2 2 4 6 2 2
F1849 4 4 5 7 5 5 4 8 6 6 2 2 3 5 4 4
F1851 5 5 5 5 5 12 4 4 4 6 2 2 3 3 2 4
F1852 1 5 5 5 5 12 4 4 5 7 4 4 2 4 2 3
F1854 5 5 5 5 13 13 4 5 4 5 2 2 5 7 2 4
F1855 4 5 5 5 5 5 3 5 4 5 2 2 6 6 2 4
F1856 1 5 5 5 11 14 3 3 5 7 2 2 9 9 2 5
F1857 5 5 5 5 12 13 4 4 1 5 2 2 3 9 2 5
F1858 5 5 5 5 5 12 3 3 6 6 2 4 2 4 4 5
F1859 5 5 5 5 5 11 3 4 5 8 2 4 2 5 5 6
F1860 4 4 5 5 5 12 3 3 3 5 2 2 5 6 4 5
F1861 1 5 5 5 5 5 4 8 5 12 4 4 4 4 4 5
F1862 5 5 5 7 12 12 3 3 5 6 2 2 6 7 4 5
F1864 5 5 2 5 5 11 4 4 6 6 2 2 2 4 2 4
F1865 4 5 2 5 12 15 4 4 6 11 4 4 2 3 2 4
F1866 4 5 5 5 5 12 4 8 4 6 2 2 2 4 2 4
F1867 1 5 7 7 12 12 3 4 4 4 4 4 3 3 2 4
F1868 4 4 5 5 10 12 4 8 5 6 2 4 2 4 4 7
F1869 5 5 5 5 12 13 3 3 6 6 2 2 6 6 4 6
F1870 1 5 5 5 5 5 3 4 5 5 4 4 3 6 4 4
F1871 5 5 5 5 5 11 3 5 5 7 2 2 4 5 2 4
F1873 4 5 5 5 5 12 5 5 4 5 2 4 4 5 2 4
F1874 5 5 5 5 5 12 3 8 4 5 2 5 4 4 4 4
F1875 4 5 5 5 11 12 5 8 2 3 2 2 4 6 4 5
F1876 4 4 1 5 5 8 4 4 4 4 2 4 4 6 2 4
F1877 5 5 5 5 12 13 3 4 6 6 5 5 6 7 4 4
F1878 5 5 2 5 12 12 4 8 5 7 2 2 3 4 4 4
F1879 5 5 5 5 12 12 4 4 5 6 2 3 4 7 2 3
F1880 4 4 5 6 5 5 3 4 4 6 2 2 6 7 2 4
F1881 5 5 5 5 12 13 3 5 5 6 2 5 3 5 4 4
F1882 5 5 2 5 12 13 5 5 5 6 2 2 2 3 4 4
F1883 4 5 5 5 12 12 4 5 5 5 2 4 2 4 2 4
F1884 1 5 5 7 5 13 4 4 5 6 2 4 3 3 4 6
F1886 4 5 5 5 5 13 4 8 5 6 2 2 5 7 2 2
F1887 5 5 5 5 5 5 4 4 5 6 2 4 4 5 4 4
F1888 4 5 5 5 5 12 4 4 4 6 2 4 2 6 4 5
F1889 4 4 5 5 12 12 4 4 4 4 2 2 3 5 2 4
F1890 5 5 5 5 5 5 3 4 5 6 4 4 5 6 4 4
F1891 5 5 5 5 5 12 4 4 3 5 2 4 4 6 2 4
F1892 4 5 5 5 12 13 3 4 6 6 2 2 3 4 2 5
F1893 5 5 5 5 5 12 4 4 5 6 2 4 6 9 3 4
F1894 5 5 3 5 11 13 4 4 6 6 2 2 2 4 2 4
F1895 4 4 5 6 11 12 3 4 4 5 2 4 6 7 4 6
F1896 5 5 3 5 13 13 4 4 4 5 2 4 6 6 4 4
F1897 4 5 5 5 12 12 4 7 10 10 4 4 4 4 4 4
F1898 4 5 5 5 5 5 3 4 4 5 2 4 4 5 2 4
F1900 4 4 2 5 11 11 3 3 6 6 2 5 3 3 2 4
F1901 5 5 3 5 5 12 4 5 5 6 2 4 3 4 4 4
F1902 4 5 5 5 5 12 3 4 4 5 2 3 4 4 4 5
F1903 5 5 5 5 11 12 4 4 5 5 2 2 4 5 4 6
F1904 5 5 5 5 12 12 4 4 5 6 2 4 3 5 2 4
F1905 5 5 5 5 5 13 4 4 4 6 2 5 4 7 2 2
F1906 1 5 5 5 12 12 3 5 5 6 2 2 4 4 4 4
F1907 4 5 5 5 11 12 7 8 4 5 4 5 3 4 2 2
F1908 4 5 5 5 5 5 4 4 4 6 2 4 2 7 2 3
F1909 5 5 5 5 5 12 4 4 5 6 2 4 2 11 2 2
F1910 4 5 5 5 5 13 4 8 4 6 2 2 4 11 2 4
F1911 5 5 5 5 5 12 4 4 5 5 2 4 5 5 2 5
F1912 4 5 5 5 2 5 4 7 5 8 2 5 2 6 4 6
F1913 2 4 5 7 13 13 5 8 5 6 2 2 3 7 2 2
F1914 4 5 5 7 5 13 4 4 4 5 2 2 2 3 2 4
F1915 4 5 5 7 5 5 4 5 5 5 7 7 4 5 4 4
F1916 4 5 5 5 5 12 4 4 4 5 2 2 3 7 3 5
F1918 4 4 5 5 12 12 4 5 4 5 2 4 3 3 4 7
F1919 5 5 2 3 5 11 3 5 5 6 2 4 4 4 2 6
F1920 4 5 5 5 5 12 4 4 3 6 2 6 2 4 2 4