      3981         8      3981         1  2  0  0  1
         1         2         3         4         5         6         7         8         9
 0.0403000 0.0011000 0.0011000 0.2437000 0.7077000 0.0010000 0.0021000 0.0008000 0.0022000
         1         2         3         4         5         6         7         8
 0.0202000 0.0770000 0.0352000 0.0010000 0.7891000 0.0141000 0.0632000 0.0002000
         1         2         3         4         5         6         7         8         9        10
        11        12        13        14        15
 0.0008000 0.0011000 0.0003000 0.0006000 0.3334000 0.0002000 0.0002000 0.0006000 0.0003000 0.0098000
 0.1122000 0.3839000 0.1441000 0.0122000 0.0003000
         1         2         3         4         5         6         7         8         9        10
 0.0008000 0.0048000 0.2025000 0.5867000 0.0829000 0.0002000 0.0335000 0.0848000 0.0037000 0.0002000
         1         2         3         4         5         6         7         8         9        10
        11        12
 0.0002000 0.0021000 0.0194000 0.2176000 0.3459000 0.3449000 0.0332000 0.0035000 0.0054000 0.0071000
 0.0183000 0.0025000
         1         2         3         4         5         6         7         8
 0.0106000 0.6282000 0.0202000 0.2951000 0.0449000 0.0003000 0.0005000 0.0002000
         1         2         3         4         5         6         7         8         9        10
        11
 0.0060000 0.1360000 0.1849000 0.2507000 0.1016000 0.1890000 0.0998000 0.0002000 0.0260000 0.0013000
 0.0044000
         1         2         3         4         5         6         7         8
 0.0025000 0.3210000 0.0241000 0.4119000 0.1017000 0.1030000 0.0238000 0.0119000
 0 0 0 0 0 0 0 0
 0.0500000 0.0500000 0.0500000 0.0500000 0.0500000 0.0500000 0.0500000 0.0500000
 0.0100000 0.0100000 0.0100000 0.0100000 0.0100000 0.0100000 0.0100000 0.0100000
 0.5600000 0.9400000      1075      1805
         0
         0
         0
         0
