859      112    (0)   15 :  0.035 0.032 0.048 0.058 0.060 0.052 0.051 0.063 0.100 0.052 0.063 0.052 0.088 0.058 0.077 0.052 0.057     (0.000,0.176) (0.000,0.161) (0.000,0.241) (0.000,0.285) (0.000,0.297) (0.000,0.260) (0.000,0.257) (0.000,0.301) (0.000,0.413) (0.000,0.256) (0.000,0.309) (0.000,0.262) (0.000,0.416) (0.000,0.288) (0.000,0.372) (0.000,0.262) (0.000,0.281) 
1138      139    (0)   15 :  0.091 0.106 0.065 0.069 0.044 0.062 0.053 0.061 0.040 0.058 0.056 0.046 0.056 0.042 0.053 0.054 0.044     (0.000,0.396) (0.000,0.446) (0.000,0.320) (0.000,0.337) (0.000,0.221) (0.000,0.304) (0.000,0.268) (0.000,0.301) (0.000,0.200) (0.000,0.287) (0.000,0.279) (0.000,0.229) (0.000,0.277) (0.000,0.212) (0.000,0.263) (0.000,0.270) (0.000,0.222) 
695      245    (0)   15 :  0.058 0.061 0.075 0.034 0.064 0.066 0.058 0.045 0.089 0.040 0.059 0.053 0.074 0.077 0.051 0.051 0.043     (0.000,0.277) (0.000,0.293) (0.000,0.361) (0.000,0.172) (0.000,0.312) (0.000,0.323) (0.000,0.291) (0.000,0.221) (0.000,0.388) (0.000,0.202) (0.000,0.296) (0.000,0.264) (0.000,0.361) (0.000,0.371) (0.000,0.255) (0.000,0.254) (0.000,0.217) 
491      298    (0)   16 :  0.054 0.039 0.037 0.059 0.074 0.054 0.058 0.044 0.038 0.044 0.106 0.058 0.059 0.076 0.068 0.080 0.050     (0.000,0.257) (0.000,0.196) (0.000,0.187) (0.000,0.292) (0.000,0.353) (0.000,0.269) (0.000,0.290) (0.000,0.222) (0.000,0.190) (0.000,0.223) (0.000,0.483) (0.000,0.289) (0.000,0.296) (0.000,0.368) (0.000,0.336) (0.000,0.384) (0.000,0.250) 
905     1035    (0)   11 :  0.020 0.023 0.068 0.053 0.068 0.064 0.077 0.042 0.050 0.062 0.089 0.067 0.083 0.066 0.055 0.055 0.059     (0.000,0.099) (0.000,0.118) (0.000,0.332) (0.000,0.262) (0.000,0.330) (0.000,0.316) (0.000,0.370) (0.000,0.198) (0.000,0.228) (0.000,0.304) (0.000,0.419) (0.000,0.329) (0.000,0.395) (0.000,0.321) (0.000,0.274) (0.000,0.273) (0.000,0.292) 
1278     1073    (0)    8 :  0.044 0.085 0.054 0.055 0.043 0.046 0.053 0.113 0.084 0.045 0.057 0.037 0.051 0.037 0.048 0.058 0.089     (0.000,0.214) (0.000,0.386) (0.000,0.269) (0.000,0.273) (0.000,0.215) (0.000,0.229) (0.000,0.266) (0.000,0.472) (0.000,0.373) (0.000,0.226) (0.000,0.281) (0.000,0.187) (0.000,0.257) (0.000,0.187) (0.000,0.243) (0.000,0.284) (0.000,0.409) 
1140     1097    (0)    8 :  0.047 0.062 0.097 0.054 0.051 0.046 0.041 0.098 0.098 0.031 0.037 0.043 0.062 0.056 0.032 0.056 0.090     (0.000,0.229) (0.000,0.298) (0.000,0.443) (0.000,0.264) (0.000,0.254) (0.000,0.229) (0.000,0.207) (0.000,0.437) (0.000,0.420) (0.000,0.157) (0.000,0.187) (0.000,0.215) (0.000,0.306) (0.000,0.276) (0.000,0.161) (0.000,0.282) (0.000,0.423) 
 84     1389    (0)   16 :  0.038 0.034 0.051 0.084 0.079 0.069 0.088 0.049 0.043 0.046 0.064 0.049 0.080 0.051 0.067 0.046 0.061     (0.000,0.190) (0.000,0.169) (0.000,0.255) (0.000,0.398) (0.000,0.381) (0.000,0.338) (0.000,0.420) (0.000,0.241) (0.000,0.215) (0.000,0.230) (0.000,0.319) (0.000,0.249) (0.000,0.388) (0.000,0.256) (0.000,0.327) (0.000,0.231) (0.000,0.305) 
2005     1501   (12)    2 :  0.235 0.305 0.038 0.028 0.025 0.028 0.031 0.036 0.048 0.028 0.028 0.025 0.030 0.030 0.030 0.028 0.028     (0.000,0.728) (0.000,0.790) (0.000,0.191) (0.000,0.139) (0.000,0.127) (0.000,0.140) (0.000,0.158) (0.000,0.181) (0.000,0.240) (0.000,0.142) (0.000,0.143) (0.000,0.126) (0.000,0.149) (0.000,0.152) (0.000,0.149) (0.000,0.143) (0.000,0.140) 
1346     1504    (0)    2 :  0.041 0.069 0.046 0.082 0.052 0.043 0.067 0.041 0.057 0.095 0.061 0.049 0.064 0.053 0.054 0.045 0.080     (0.000,0.201) (0.000,0.333) (0.000,0.233) (0.000,0.385) (0.000,0.261) (0.000,0.217) (0.000,0.332) (0.000,0.205) (0.000,0.268) (0.000,0.428) (0.000,0.302) (0.000,0.243) (0.000,0.318) (0.000,0.265) (0.000,0.271) (0.000,0.228) (0.000,0.381) 
1954     1522    (0)    2 :  0.032 0.314 0.045 0.044 0.035 0.030 0.033 0.060 0.059 0.041 0.034 0.029 0.035 0.044 0.033 0.050 0.083     (0.000,0.162) (0.000,0.772) (0.000,0.225) (0.000,0.218) (0.000,0.175) (0.000,0.150) (0.000,0.165) (0.000,0.292) (0.000,0.285) (0.000,0.208) (0.000,0.171) (0.000,0.147) (0.000,0.178) (0.000,0.223) (0.000,0.166) (0.000,0.251) (0.000,0.401) 
1250     1808    (0)    8 :  0.027 0.071 0.049 0.090 0.044 0.036 0.039 0.179 0.091 0.053 0.035 0.036 0.039 0.043 0.048 0.053 0.066     (0.000,0.136) (0.000,0.338) (0.000,0.246) (0.000,0.410) (0.000,0.220) (0.000,0.181) (0.000,0.199) (0.000,0.580) (0.000,0.391) (0.000,0.265) (0.000,0.177) (0.000,0.182) (0.000,0.197) (0.000,0.215) (0.000,0.240) (0.000,0.262) (0.000,0.321) 
393     1837    (0)    8 :  0.027 0.049 0.051 0.041 0.036 0.042 0.034 0.238 0.196 0.026 0.034 0.035 0.040 0.032 0.033 0.040 0.046     (0.000,0.134) (0.000,0.245) (0.000,0.253) (0.000,0.203) (0.000,0.182) (0.000,0.208) (0.000,0.169) (0.000,0.696) (0.000,0.640) (0.000,0.132) (0.000,0.169) (0.000,0.174) (0.000,0.203) (0.000,0.163) (0.000,0.165) (0.000,0.201) (0.000,0.232) 
215     2387    (0)    7 :  0.037 0.060 0.085 0.065 0.065 0.054 0.084 0.041 0.032 0.045 0.060 0.066 0.051 0.048 0.090 0.052 0.066     (0.000,0.185) (0.000,0.289) (0.000,0.402) (0.000,0.320) (0.000,0.317) (0.000,0.268) (0.000,0.402) (0.000,0.203) (0.000,0.160) (0.000,0.225) (0.000,0.297) (0.000,0.322) (0.000,0.254) (0.000,0.240) (0.000,0.421) (0.000,0.259) (0.000,0.324) 
1714     2599    (0)    4 :  0.060 0.073 0.040 0.060 0.063 0.057 0.059 0.045 0.084 0.061 0.072 0.047 0.055 0.058 0.045 0.051 0.071     (0.000,0.285) (0.000,0.349) (0.000,0.203) (0.000,0.297) (0.000,0.313) (0.000,0.283) (0.000,0.296) (0.000,0.223) (0.000,0.385) (0.000,0.299) (0.000,0.349) (0.000,0.233) (0.000,0.277) (0.000,0.286) (0.000,0.227) (0.000,0.255) (0.000,0.344) 
1820     3363    (0)    3 :  0.048 0.047 0.068 0.046 0.079 0.060 0.053 0.032 0.031 0.052 0.075 0.064 0.101 0.077 0.075 0.057 0.035     (0.000,0.234) (0.000,0.231) (0.000,0.336) (0.000,0.232) (0.000,0.373) (0.000,0.297) (0.000,0.265) (0.000,0.163) (0.000,0.155) (0.000,0.262) (0.000,0.366) (0.000,0.316) (0.000,0.462) (0.000,0.372) (0.000,0.368) (0.000,0.283) (0.000,0.176) 
1092     3571    (0)    4 :  0.036 0.073 0.048 0.099 0.047 0.093 0.063 0.045 0.050 0.053 0.057 0.045 0.055 0.048 0.051 0.060 0.079     (0.000,0.182) (0.000,0.329) (0.000,0.237) (0.000,0.436) (0.000,0.232) (0.000,0.415) (0.000,0.308) (0.000,0.224) (0.000,0.245) (0.000,0.261) (0.000,0.283) (0.000,0.225) (0.000,0.272) (0.000,0.237) (0.000,0.255) (0.000,0.293) (0.000,0.371) 
